
Good
Feature: [15, 42, 6984.969822120306]

States: [array([-168.11190105,    1.95975201, -131.50657074,    0.43022651]), array([-166.20890634,    1.8327908 , -131.03509971,    1.36723297]), array([-164.35598335,    1.70699404, -129.61939195,    2.16019593]), array([-162.69533479,    1.49262948, -127.49242815,    2.72304   ]), array([-161.13468925,    1.01162305, -124.81549292,    3.20154462]), array([-160.188166  ,    0.67633219, -121.563197  ,    3.64403257]), array([-159.43548191,    0.3760727 , -117.89457938,    3.92836153]), array([-159.00602805,    0.17133043, -113.99344492,    4.13195494]), array([-158.85350696,    0.36626466, -109.91711074,    4.27970596]), array([-158.60008707,    0.95334621, -105.6296688 ,    4.38848781]), array([-157.65146836,    1.82282734, -101.3562541 ,    4.22492172]), array([-155.82187177,    2.54144031,  -97.09833662,    4.04907346]), array([-153.30043975,    3.02214462,  -93.04601917,    3.88301575]), array([-150.20478058,    3.38394822,  -89.21044307,    3.66363233]), array([-146.81069061,    3.64817579,  -85.55190535,    3.23055587]), array([-143.22430578,    3.96420623,  -82.23488032,    2.82505909]), array([-139.23424048,    4.16576994,  -79.43886043,    2.1402275 ]), array([-135.10075488,    4.26388405,  -77.29995585,    1.55531643]), array([-130.80777688,    4.41174811,  -75.72552031,    0.50307399]), array([-126.39732777,    4.55583491,  -75.21155804,   -0.49637037]), array([-121.79691833,    4.67033923,  -75.66680118,   -1.34026706]), array([-117.16217582,    4.55734307,  -76.9962274 ,   -2.06170972]), array([-112.55081263,    4.51806022,  -78.9961048 ,   -2.55555592]), array([-108.02691328,    4.37126348,  -81.60042323,   -2.95761412]), array([-103.71568311,    4.50307536,  -84.5346689 ,   -1.81588184]), array([-99.21741389,   4.64649542, -86.33324107,  -0.82252913]), array([-94.52607387,   4.50713604, -87.15425417,   0.40850868]), array([-89.97759726,   4.27372716, -86.81515684,   1.27920894]), array([-85.66577328,   3.50655247, -85.52367816,   2.06549172]), array([-82.09329517,   2.78700274, -83.36527914,   2.62807401]), array([-79.32275121,   2.1515531 , -80.72896245,   3.13711942]), array([-77.13704957,   1.55979205, -77.55555154,   3.5699073 ]), array([-75.59695352,   1.12035674, -74.00930275,   3.94969029]), array([-74.45587533,   0.77640357, -70.07739324,   4.12317384]), array([-73.57686611,   0.44579426, -65.99776422,   4.28944096]), array([-73.10533186,   0.0786317 , -61.68263462,   4.4232865 ]), array([-72.9606166 ,  -0.15233244, -57.21769158,   4.65368545]), array([-73.20869448,  -0.26938315, -52.61351217,   4.64365585]), array([-73.43011953,   0.70108812, -48.00107962,   4.10165376]), array([-72.75398418,   1.51337951, -43.88277505,   3.69470145]), array([-71.24125014,   2.31461654, -40.21034027,   3.24169491]), array([-69.01170916,   2.76902665, -37.01640552,   2.89826841]), array([-66.27788803,   3.21788318, -34.10729916,   2.93818726]), array([-63.07196944,   3.56007477, -31.1208554 ,   2.86221866]), array([-59.55716504,   3.83657164, -28.32238887,   2.58667969]), array([-55.74206537,   4.06372926, -25.83392352,   2.39183244]), array([-51.68264395,   4.22491381, -23.42656427,   2.23786437]), array([-47.4231903 ,   4.3725948 , -21.09000545,   2.04458813]), array([-43.0994029 ,   4.54538152, -19.10523485,   1.84587167]), array([-38.5564837 ,   4.59047007, -17.31181524,   1.75421306]), array([-33.99077548,   4.70765959, -15.55769959,   1.67439772]), array([-29.32946602,   4.77481965, -13.92199415,   1.52085465]), array([-24.6127246 ,   4.79942859, -12.3949236 ,   1.83154068]), array([-19.81758231,   4.90338222, -10.52885394,   1.97059622]), array([-14.98156209,   4.84059228,  -8.55975562,   2.31657439]), array([-10.07985835,   4.91406381,  -6.33550589,   2.62415608]), array([-5.19997213,  4.94456591, -3.81224378,  3.04524492]), array([ 0.01169074, -0.03356965, -0.06826618, -0.11427932]), array([-0.037888  ,  0.03327403, -0.00142838, -0.10307182]), array([-0.05545108, -0.00852282, -0.05471459,  0.02380142]), array([-0.05690912, -0.04214708,  0.03788542,  0.0604157 ]), array([-0.00094288,  0.00080063,  0.01614494, -0.02775262]), array([ 0.0240612 , -0.02813288, -0.09315008,  0.04105221]), array([-0.05480549,  0.01194224,  0.04940233, -0.06973427]), array([-0.08521327,  0.13718897,  0.01487491, -0.00648387]), array([ 0.06648967,  0.00319816, -0.02230619, -0.01943693]), array([0.05157595, 0.04986446, 0.03251886, 0.01353679]), array([-0.00174956,  0.07625289,  0.06377596, -0.01137552]), array([ 0.04833206, -0.04976122,  0.00630157, -0.02177012]), array([-0.00194079, -0.08251635, -0.03265143,  0.04165163]), array([ 0.00483264,  0.05621701, -0.01036842, -0.0157214 ]), array([-0.04106134,  0.03487952,  0.08158796,  0.05629324]), array([0.05187628, 0.00239887, 0.01734453, 0.04238817]), array([-0.1036968 ,  0.00307326, -0.00280594, -0.07088456]), array([ 0.02140911, -0.03613879,  0.08278578, -0.05035813]), array([-0.08451414, -0.0976004 ,  0.05656708,  0.03158968]), array([-0.00607645, -0.05468391,  0.03633323, -0.01873802]), array([ 0.05635264, -0.05352746, -0.06487298,  0.03726344]), array([ 0.03970051, -0.01155386,  0.01425699,  0.05433054]), array([-0.07997277, -0.05693294,  0.08184817, -0.02713989]), array([-0.09044217, -0.0021096 ,  0.00147998,  0.05756664]), array([ 0.03742188, -0.02718089, -0.02297162, -0.00996901]), array([-0.13617552,  0.06380413,  0.07347947, -0.04520853]), array([-0.11649999, -0.04368226,  0.09509639, -0.02767278]), array([ 0.0082739 ,  0.07530908, -0.0037567 ,  0.0217463 ]), array([ 0.04025055, -0.03725234, -0.03880321,  0.01708608]), array([0.02387391, 0.13018199, 0.0123425 , 0.05521718]), array([ 0.08050866, -0.098839  ,  0.0626965 , -0.01995071]), array([ 0.03145986,  0.03418122,  0.04954917, -0.0411914 ]), array([ 0.02319124,  0.03101415,  0.03340736, -0.02009616]), array([ 0.01564567, -0.04706103,  0.0743497 , -0.03170894]), array([ 0.02029908, -0.04140786, -0.03086053, -0.05829329]), array([ 0.00309261,  0.01724055, -0.07185521, -0.03237746]), array([-0.08919268,  0.01935818, -0.05137946, -0.06312641]), array([ 0.00486323, -0.00458897,  0.08904508,  0.03401009]), array([-0.03884524,  0.0333978 , -0.01978712, -0.05985678]), array([ 0.00962643,  0.06348771,  0.03695603, -0.00776913]), array([ 0.09498933, -0.02775348, -0.01236228, -0.01112424]), array([0.03942531, 0.02702789, 0.05297153, 0.00204766]), array([ 0.05782544, -0.03858003,  0.02654399,  0.02178658])]

Actions: [array([0.23545917, 1.        ]), array([0.21414401, 1.        ]), array([0.19539432, 1.        ]), array([-0.09607278,  1.        ]), array([-0.13663523,  1.        ]), array([-0.17009997,  1.        ]), array([-0.20643012,  1.        ]), array([0.2340764, 1.       ]), array([0.70214209, 1.        ]), array([1.        , 0.77649608]), array([1.        , 0.70125477]), array([1.        , 0.63540437]), array([1.        , 0.57796275]), array([1.        , 0.31160672]), array([1.        , 0.26154271]), array([ 1.       , -0.1199376]), array([ 1.       , -0.1937303]), array([ 1.        , -0.78393726]), array([ 1.        , -0.89731516]), array([ 0.98862794, -1.        ]), array([ 0.88262914, -1.        ]), array([ 0.79111999, -1.        ]), array([ 0.70656471, -1.        ]), array([1.        , 0.50278703]), array([1.        , 0.60777532]), array([0.79385077, 1.        ]), array([0.72736827, 1.        ]), array([0.03691684, 1.        ]), array([-0.01172369,  1.        ]), array([-0.05379901,  1.        ]), array([-0.08894214,  1.        ]), array([-0.11990828,  1.        ]), array([-0.14571609,  1.        ]), array([-0.16944933,  1.        ]), array([-0.19249432,  1.        ]), array([-0.21289639,  1.        ]), array([-0.23134779,  1.        ]), array([1.        , 0.45954664]), array([1.        , 0.39474203]), array([1.        , 0.34130113]), array([1.        , 0.29656862]), array([1.        , 0.60473438]), array([1.        , 0.58663902]), array([1.        , 0.35646667]), array([1.        , 0.32946469]), array([1.        , 0.30641258]), array([1.        , 0.28284279]), array([1.        , 0.25774996]), array([1.        , 0.23640871]), array([1.        , 0.21655565]), array([1.        , 0.19238981]), array([1.       , 0.5608456]), array([1.        , 0.60758283]), array([1.       , 0.6623273]), array([1.        , 0.74863977]), array([1.        , 0.90249362])]
Bad
Feature: [20, 20, 5123.578245475522]

States: [array([-1.71790363e+02, -2.98133753e-01, -1.30415930e+02,  1.29924857e-01]), array([-172.02634483,    0.72053212, -130.34103739,    0.88230124]), array([-171.21206643,    1.48829643, -129.47347713,    1.54198475]), array([-169.68960989,    2.19060836, -127.91641291,    1.89801206]), array([-167.43290172,    2.72589076, -125.9957735 ,    2.35052407]), array([-164.68044388,    3.20209807, -123.57706693,    2.59459233]), array([-161.43574886,    3.48470708, -121.00454404,    2.78072361]), array([-157.8076468 ,    3.84052938, -118.24613672,    3.06256603]), array([-153.98917652,    4.02011677, -115.21681633,    3.18994347]), array([-149.95534381,    4.17781179, -112.07308544,    3.35226973]), array([-145.8040904 ,    4.21904458, -108.68871827,    3.4291725 ]), array([-141.51322617,    4.29488447, -105.41694423,    3.46728412]), array([-137.19592667,    4.39536794, -101.95737198,    3.56928083]), array([-132.83360219,    4.5278616 ,  -98.32760283,    3.56584485]), array([-128.25308287,    4.64839087,  -94.8195163 ,    3.59776968]), array([-123.70794853,    4.8255111 ,  -91.24544094,    3.65075016]), array([-118.93872398,    4.79351933,  -87.56994179,    3.66880836]), array([-114.13237018,    4.83243388,  -83.89123817,    3.64151792]), array([-109.30039772,    4.89350152,  -80.35675216,    3.62361642]), array([-104.36517189,    4.8426514 ,  -76.72846965,    3.63366585]), array([-99.68153751,   4.84807031, -73.10300983,   3.67087903]), array([-94.87453557,   4.88759033, -69.4250091 ,   3.62093842]), array([-89.97645322,   4.94502829, -65.77590192,   3.70194419]), array([-85.04667218,   4.97398182, -62.16957929,   3.61537653]), array([-80.02308286,   5.02123847, -58.55453924,   3.61209561]), array([-74.9017308 ,   4.94738307, -54.90260469,   3.67688163]), array([-69.90188633,   5.01996079, -51.18756933,   3.73919102]), array([-64.89377554,   4.96928481, -47.4907001 ,   3.6647116 ]), array([-59.92526765,   4.97968396, -43.82684619,   3.64494061]), array([-55.00583507,   4.9939787 , -40.1712387 ,   3.71737674]), array([-49.98155018,   5.04900604, -36.4288163 ,   3.69482487]), array([-44.93210667,   4.99401122, -32.64489618,   3.77021492]), array([-39.95418978,   4.95110602, -28.87510549,   3.66201528]), array([-34.99006   ,   4.96158556, -25.24692495,   3.61150175]), array([-30.01672041,   5.00612847, -21.72290945,   3.61190078]), array([-25.006729  ,   4.91790532, -18.13348947,   3.68441576]), array([-20.09878408,   4.96276606, -14.45220118,   3.64631915]), array([-15.14970775,   4.91295963, -10.79733936,   3.60104323]), array([-10.19036171,   4.94437135,  -7.21844899,   3.65092463]), array([-5.30934985,  5.00599412, -3.55820931,  3.75641836]), array([ 0.06588449,  0.02271695,  0.05671994, -0.0785835 ]), array([-0.05910243,  0.01134834, -0.06089738, -0.0520705 ]), array([ 0.0837729 , -0.06182048, -0.02035595, -0.02647724]), array([ 0.05130766,  0.01063784,  0.00071094, -0.08174598]), array([ 0.01735854,  0.00589868,  0.04283507, -0.00982484]), array([-0.09561707,  0.02636499,  0.0030875 , -0.03815373]), array([-0.01104105, -0.05979604, -0.00558391,  0.04171041]), array([-0.06482616,  0.01832341, -0.04602561,  0.02776233]), array([ 0.04756556,  0.05482832, -0.05039806,  0.02431844]), array([-0.00182399,  0.04920723, -0.00153641,  0.02704959]), array([ 0.06093335,  0.08992723,  0.05321123, -0.00864854]), array([-0.0758078 ,  0.02151079, -0.01766279,  0.03825818]), array([-0.03331615, -0.02351284, -0.04262345,  0.00837472]), array([ 0.01212053, -0.00596149,  0.02355458,  0.05566071]), array([-0.08834588,  0.09531362, -0.00145322, -0.0190615 ]), array([-0.07544045,  0.03425092,  0.05493883, -0.01486818]), array([-0.08461549,  0.01006818,  0.02120905, -0.0101852 ]), array([ 0.0228522 , -0.02873897, -0.0801771 , -0.09304299]), array([-0.03777398,  0.0268299 ,  0.00348982, -0.07736534]), array([-0.00246479,  0.06715617,  0.01222019,  0.06442298]), array([-0.01898901,  0.03439002,  0.05855622,  0.04704036]), array([ 0.03778973, -0.00663811,  0.01301602, -0.10569279]), array([0.0510326 , 0.02409546, 0.02504044, 0.01201019]), array([-0.00374716,  0.0606573 ,  0.06766711,  0.02525848]), array([-0.00423123, -0.06231549,  0.01095009,  0.05280336]), array([ 0.01193306, -0.08429688, -0.12455555,  0.00109638]), array([-0.02397469,  0.04048861, -0.07287962,  0.02590193]), array([ 0.0076096 ,  0.10193172, -0.05167029,  0.00785151]), array([ 0.03631987, -0.09338907,  0.04661779,  0.01141403]), array([ 0.0263857 ,  0.09287612, -0.10822731, -0.00492544]), array([-0.09636333, -0.01071579,  0.09335524,  0.13131956]), array([ 0.03715426,  0.04501713, -0.03058553, -0.01163923]), array([-0.03727762, -0.05979833, -0.07209849,  0.06564714]), array([0.00149358, 0.01798198, 0.01473802, 0.02121118]), array([ 0.02755923, -0.07048535, -0.00454752, -0.08513299]), array([-0.03903349, -0.00380269,  0.05298778, -0.02832219]), array([0.01213582, 0.10972778, 0.07607114, 0.02076479]), array([-0.01344708, -0.03344401, -0.02762432,  0.00021242]), array([-0.00752293, -0.00398984, -0.02422687, -0.01818088]), array([-0.04532752,  0.03749033,  0.06414098,  0.02924453]), array([-0.04240578, -0.098024  ,  0.01833283, -0.0457964 ]), array([-0.11028056, -0.1235684 ,  0.12120325,  0.00369087]), array([-0.00203724,  0.02052173, -0.02392207,  0.08637153]), array([ 0.07343392,  0.01256762, -0.01758723, -0.0618882 ]), array([ 0.0575089 , -0.01648458,  0.11248815, -0.01095315]), array([ 0.00683882, -0.05980523,  0.08364813, -0.03586422]), array([ 0.0180393 ,  0.01357071, -0.01913977, -0.02527918]), array([ 0.01348604,  0.0304434 , -0.05711366, -0.01894104]), array([ 0.04459613,  0.00789018,  0.07213993, -0.08412654]), array([ 0.06264135,  0.08776331, -0.01573905,  0.03260584]), array([-0.0483954 ,  0.00169676, -0.07265945, -0.12263872]), array([-0.02460431,  0.01664384, -0.04265733,  0.02921644]), array([ 0.06232371, -0.0430243 ,  0.00270093, -0.02256261]), array([-0.13865545, -0.05404881,  0.10582702,  0.08758934]), array([ 0.03102416,  0.0097454 , -0.03631408, -0.0527716 ]), array([-0.10453839,  0.06110519,  0.05371564,  0.02943838]), array([-0.0280736 , -0.04198383,  0.0254422 ,  0.00924585]), array([-0.00674674,  0.03349735, -0.00916806, -0.00458228]), array([0.00742303, 0.05010876, 0.08662657, 0.06744281]), array([-0.00836581, -0.06173648,  0.02170013,  0.00681824])]

Actions: [array([1.        , 0.76222935]), array([1.       , 0.7607565]), array([1.        , 0.75931543]), array([1.        , 0.75696519]), array([1.        , 0.75570382]), array([1.        , 0.75365909]), array([1.       , 0.7528762]), array([1.        , 0.75270678]), array([1.        , 0.75170552]), array([1.        , 0.75096679]), array([1.        , 0.74914798]), array([1.        , 0.74874589]), array([1.        , 0.74710259]), array([1.        , 0.74433191]), array([1.        , 0.74356829]), array([1.        , 0.74200833]), array([1.        , 0.74086813]), array([1.        , 0.73984423]), array([1.        , 0.74021087]), array([1.       , 0.7404466]), array([1.        , 0.73888166]), array([1.        , 0.73756469]), array([1.        , 0.73716375]), array([1.        , 0.73748625]), array([1.        , 0.73859515]), array([1.        , 0.74031792]), array([1.        , 0.74012652]), array([1.        , 0.74027485]), array([1.        , 0.74050825]), array([1.        , 0.74028079]), array([1.        , 0.73982838]), array([1.        , 0.73877784]), array([1.        , 0.73652326]), array([1.        , 0.73730285]), array([1.        , 0.74191597]), array([1.        , 0.74683125]), array([1.        , 0.74607664]), array([1.      , 0.748408]), array([1.        , 0.76032437])]