
Good
Feature: [12, 35, 5896.956037753641]

States: [array([-1.69934461e+02, -9.80626207e-01, -1.31021385e+02,  3.27004406e-02]), array([-1.70869317e+02, -1.46623047e-01, -1.30975506e+02,  1.02404655e+00]), array([-170.97775748,    0.6498876 , -129.96099259,    1.92289565]), array([-170.43453061,    1.18387165, -127.99052077,    2.49599385]), array([-169.30830361,    1.61860526, -125.51275507,    3.05743873]), array([-167.67116024,    1.94915868, -122.49938721,    3.437784  ]), array([-165.73376078,    2.13861487, -119.08895306,    3.70114397]), array([-163.61795759,    1.92290121, -115.43363994,    4.02074758]), array([-161.73977501,    1.62539754, -111.42696422,    4.20154944]), array([-160.0882656 ,    1.3938209 , -107.22607802,    4.37216858]), array([-158.69179948,    1.2501981 , -102.79752011,    4.49438   ]), array([-157.4537693 ,    1.63976753,  -98.3240567 ,    4.56613803]), array([-155.90453084,    2.27684125,  -93.72189251,    4.63810606]), array([-153.6740358 ,    2.79632536,  -89.05600241,    4.56126739]), array([-150.86905476,    3.23588688,  -84.4273876 ,    4.51672106]), array([-147.66254049,    3.54262191,  -79.94486826,    4.42319642]), array([-144.08278844,    3.82477756,  -75.5026945 ,    4.2400756 ]), array([-140.37586574,    4.06935582,  -71.26911898,    4.03444268]), array([-136.33560689,    4.21393793,  -67.22655877,    3.80221962]), array([-132.07294502,    4.39621137,  -63.51280803,    3.65332531]), array([-127.70199844,    4.4657058 ,  -59.92675177,    3.47925806]), array([-123.21654698,    4.5636355 ,  -56.52063375,    3.36840962]), array([-118.6203689 ,    4.57752158,  -53.15665724,    3.63682563]), array([-114.0786629 ,    4.5853402 ,  -49.45577512,    3.93041703]), array([-109.42910231,    4.61766524,  -45.59550127,    4.20263123]), array([-104.78239799,    4.56702422,  -41.38566618,    4.30345722]), array([-100.24127659,    4.45203402,  -37.01430118,    4.34349823]), array([-95.75748918,   4.45976469, -32.66115604,   4.45545547]), array([-91.28193872,   4.32623714, -28.25395618,   4.66426123]), array([-86.93531399,   4.19352966, -23.53512153,   4.76315595]), array([-82.6461955 ,   4.44460473, -18.74444012,   4.16993897]), array([-78.20306262,   4.50809656, -14.53604836,   3.53934003]), array([-73.72574602,   4.54192309, -11.01297078,   3.06756764]), array([-69.17718714,   4.60926752,  -7.92104626,   2.66696048]), array([-64.61552373,   4.74841859,  -5.25176728,   2.24155359]), array([-59.8947437 ,   4.79370882,  -2.97384042,   1.77073822]), array([-54.97952004,   4.85061725,  -1.18335971,   1.42410215]), array([-50.15786546,   4.90921499,   0.26467193,   1.24965041]), array([-45.22588879,   4.84660653,   1.48343524,   0.88754137]), array([-40.34369153,   4.88968733,   2.39617997,   0.69334323]), array([-35.39242992,   4.92543757,   3.05207389,   0.40385721]), array([-30.39597192,   4.96352758,   3.48746629,   0.28389624]), array([-25.35873522,   4.99366949,   3.82955864,   0.073543  ]), array([-20.41157416,   4.97970772,   3.944543  ,  -0.17709999]), array([-15.35451631,   4.95781253,   3.7697676 ,  -0.4149639 ]), array([-10.34268199,   4.94148878,   3.25972729,  -0.67913659]), array([-5.35683439,  4.98792314,  2.56547264, -0.98670926]), array([-0.04820172, -0.01180634, -0.04757375,  0.0193962 ]), array([ 0.01409082, -0.00088144, -0.02918732,  0.03761705]), array([ 0.03125713, -0.03221239, -0.07538226,  0.04021565]), array([-0.02390354,  0.00967433, -0.13001475,  0.05288726]), array([-0.06404834, -0.00684137,  0.06783297, -0.05092761]), array([-0.02312361,  0.05797434, -0.04009297, -0.02715439]), array([-1.20200118e-01,  1.03841589e-04,  8.47473553e-03,  4.26434983e-02]), array([-0.05365348, -0.0395801 ,  0.07436573,  0.02282873]), array([ 0.00172144, -0.02946967, -0.09588176, -0.01388109]), array([ 0.04631336, -0.0552936 , -0.03203582,  0.05951348]), array([-0.08921392,  0.01972059, -0.00207735,  0.02555226]), array([ 0.04372505, -0.06323022, -0.08732836,  0.00276671]), array([0.02304563, 0.00919041, 0.14317663, 0.00432765]), array([-0.01882528, -0.01351099, -0.00918028,  0.07158782]), array([ 0.05448385, -0.00481011,  0.024282  ,  0.01020836]), array([-0.01585215,  0.03934778,  0.0226945 ,  0.00913157]), array([ 0.08351124, -0.02585879, -0.02838947, -0.02162798]), array([-0.03426081, -0.0780542 ,  0.05993857, -0.08658699]), array([-0.02221585,  0.07390516, -0.10810146,  0.00777058]), array([ 0.00931529,  0.01032228, -0.01684724,  0.08205683]), array([ 0.00754374, -0.01713928, -0.0177498 , -0.04754944]), array([ 0.02486499,  0.08879592, -0.04124335, -0.04376035]), array([-0.06981163, -0.01724833,  0.0240318 ,  0.01764247]), array([ 0.02441148,  0.08274681, -0.00871889,  0.00094953]), array([-0.02884491, -0.07046284,  0.0594104 ,  0.07036636]), array([ 0.02752551, -0.01215199,  0.09729379, -0.06621152]), array([ 0.10258413, -0.01255128,  0.02728215, -0.06396194]), array([0.02054567, 0.08373658, 0.0821832 , 0.06674717]), array([-0.05029099,  0.01264355, -0.05046708, -0.00461108]), array([ 0.02663453, -0.01034331,  0.02449264, -0.0727961 ]), array([ 0.06256976,  0.03862012,  0.14583314, -0.07491248]), array([ 0.04461061, -0.01633947,  0.07586954,  0.01501584]), array([0.05738547, 0.02630456, 0.03873807, 0.07996045]), array([ 0.00401166, -0.03615458,  0.02297334,  0.00403373]), array([-0.07867899,  0.12341583,  0.02993684,  0.00587171]), array([-0.02733311,  0.02710691,  0.07559256, -0.03958325]), array([ 0.03262721,  0.04827801, -0.06562555,  0.07798049]), array([ 0.02709225,  0.03559536,  0.05859484, -0.04888351]), array([ 0.03779686, -0.04292042,  0.03991102,  0.01462472]), array([-0.01489343,  0.00643096,  0.06073472,  0.01972505]), array([-0.01165442, -0.00836241, -0.0654466 , -0.03717124]), array([-0.0415221 , -0.01310063,  0.02368677,  0.01155002]), array([ 0.03545181, -0.03186751, -0.01187506,  0.00143783]), array([-0.02125212,  0.03210477,  0.11387389, -0.00113271]), array([-0.04641998, -0.04904779,  0.05172436, -0.01154177]), array([-0.01713023,  0.05023147,  0.00045111,  0.02721107]), array([-0.03457018, -0.05212575, -0.07399702, -0.0692613 ]), array([-0.10375704,  0.03145647,  0.04023175,  0.00105167]), array([-0.02952163, -0.03260701, -0.0807669 ,  0.04315292]), array([-0.02549234,  0.05613501,  0.02890337,  0.04960263]), array([-0.07120712,  0.02193442,  0.06639586,  0.02912559]), array([-0.03999513,  0.00712465,  0.02643072,  0.0241015 ]), array([ 0.04504925, -0.01893207,  0.03992945, -0.02025217])]

Actions: [array([0.69785272, 1.        ]), array([0.70845974, 1.        ]), array([0.71763643, 1.        ]), array([0.72751354, 1.        ]), array([0.73540676, 1.        ]), array([0.48427701, 1.        ]), array([0.21598311, 1.        ]), array([0.19554613, 1.        ]), array([0.1775683, 1.       ]), array([0.16159442, 1.        ]), array([0.62833694, 1.        ]), array([1.        , 0.96568307]), array([1.        , 0.91387772]), array([1.       , 0.8683615]), array([1.        , 0.75713525]), array([1.        , 0.71123209]), array([1.        , 0.68278002]), array([1.        , 0.65572788]), array([1.        , 0.63207181]), array([1.        , 0.61341213]), array([1.        , 0.59540935]), array([0.9349994, 1.       ]), array([0.90645892, 1.        ]), array([0.8812754, 1.       ]), array([0.8524453, 1.       ]), array([0.82536042, 1.        ]), array([0.79846239, 1.        ]), array([0.76523979, 1.        ]), array([0.72270688, 1.        ]), array([1.        , 0.25630833]), array([1.        , 0.21127036]), array([1.        , 0.16909038]), array([1.        , 0.13122077]), array([1.        , 0.09479214]), array([1.        , 0.05980281]), array([1.        , 0.02609843]), array([ 1.        , -0.00451637]), array([ 1.        , -0.03422603]), array([ 1.        , -0.06537899]), array([ 1.        , -0.09644287]), array([ 1.        , -0.12909938]), array([ 1.        , -0.16546472]), array([ 1.        , -0.21311055]), array([ 1.        , -0.27238618]), array([ 1.        , -0.35437505]), array([ 1.        , -0.48547194])]
Bad
Feature: [19, 18, 4530.217664594162]

States: [array([-169.21296978,    1.29798779, -130.38185115,    1.72330759]), array([-168.01852103,    2.02137798, -128.69273072,    2.28146155]), array([-166.05040557,    2.62494917, -126.45918295,    2.59140955]), array([-163.42684989,    3.10871816, -123.87817196,    2.89761558]), array([-160.35943156,    3.51623462, -121.01352327,    3.10735447]), array([-156.79620858,    3.78967855, -117.92402083,    3.34639581]), array([-152.95188768,    4.07059599, -114.55149121,    3.5261842 ]), array([-148.90906323,    4.32079365, -111.08285653,    3.66062334]), array([-144.56524981,    4.49318629, -107.43198929,    3.7065432 ]), array([-140.13546024,    4.59119463, -103.722843  ,    3.78694347]), array([-135.47159768,    4.70444252,  -99.98728468,    3.82690621]), array([-130.85203071,    4.80210303,  -96.08581537,    3.84932285]), array([-125.99464521,    4.81739958,  -92.3740694 ,    3.90950373]), array([-121.07535704,    4.75906059,  -88.52780923,    3.86806316]), array([-116.31992788,    4.77800347,  -84.61588408,    3.81733228]), array([-111.4931435 ,    4.86796025,  -80.83281992,    3.81427368]), array([-106.70827957,    4.89958155,  -77.11840784,    3.8279848 ]), array([-101.79482611,    4.91304592,  -73.25309013,    3.85262619]), array([-96.91628882,   4.99924626, -69.42402174,   3.87238781]), array([-91.91183734,   5.00612549, -65.53624816,   3.95248479]), array([-86.92778619,   5.07041145, -61.46962133,   4.017841  ]), array([-81.81697634,   5.02426394, -57.44368908,   4.00717919]), array([-76.85635231,   5.06453569, -53.38073212,   4.05609418]), array([-71.72541707,   4.97177956, -49.30762992,   3.95788452]), array([-66.80112036,   5.0027286 , -45.38010537,   3.91101304]), array([-61.81010442,   4.94276511, -41.45337757,   3.90902237]), array([-56.94120771,   5.03000576, -37.50434116,   3.86310445]), array([-51.89878109,   5.11306823, -33.63323595,   3.76388114]), array([-46.81458199,   5.08174099, -29.95445521,   3.81711219]), array([-41.86648724,   5.04134075, -26.11294939,   3.78279403]), array([-36.78044294,   5.07903867, -22.33544505,   3.70746755]), array([-31.66722336,   5.1249587 , -18.6832317 ,   3.76402528]), array([-26.52571004,   5.09517494, -14.90611768,   3.75027616]), array([-21.39768528,   5.04066071, -11.1659648 ,   3.69757661]), array([-16.34433972,   5.01182012,  -7.47185277,   3.57819792]), array([-11.32762305,   5.03065011,  -3.85241542,   3.49328219]), array([-6.26426898,  4.97515689, -0.32892619,  3.50319678]), array([ 0.00335859, -0.09357036, -0.02208455, -0.07384664]), array([-0.02947579,  0.02074895, -0.00950251, -0.04891488]), array([ 0.0734863 , -0.0425833 ,  0.01808135,  0.03610182]), array([0.01401255, 0.03427294, 0.02166403, 0.04868175]), array([-0.01555724, -0.06650242, -0.04778739, -0.01771824]), array([ 0.01377635, -0.03821835, -0.06506762,  0.01728434]), array([ 0.01976041, -0.0127728 , -0.01299836,  0.00170031]), array([-0.02898297, -0.07307406, -0.06482593, -0.01080913]), array([-0.08544491,  0.00927496,  0.02291476,  0.04379491]), array([ 0.00527565,  0.06142943, -0.00396628,  0.12240435]), array([-0.00687265, -0.07935986,  0.06525379, -0.00076954]), array([ 0.06896862,  0.01448492,  0.04090846, -0.00403492]), array([ 0.02226548,  0.02923108,  0.01071964, -0.01158533]), array([-0.03499889, -0.00258831,  0.04138738,  0.0349294 ]), array([-0.02567838, -0.00980165, -0.01909213,  0.10493093]), array([0.02524454, 0.08947538, 0.05451996, 0.00989336]), array([ 0.15235339, -0.08306104, -0.10865749, -0.05208801]), array([-0.03455022,  0.09813237,  0.0628675 ,  0.03036697]), array([ 0.02745287,  0.08028839,  0.00429382, -0.01724456]), array([0.05795922, 0.05155454, 0.02004685, 0.052716  ]), array([0.0235071 , 0.03230435, 0.05002173, 0.06900099]), array([-0.05292971, -0.03957089,  0.09870145, -0.04761971]), array([-0.01430854, -0.01375115, -0.01157298, -0.03632236]), array([-0.02782709, -0.04782351,  0.05847121,  0.03947846]), array([-0.06616233, -0.05553169, -0.03759124, -0.03526121]), array([ 0.03428484, -0.07866866,  0.0463839 ,  0.02696501]), array([-0.02506284, -0.06383263,  0.04900983, -0.10511414]), array([-0.01431156,  0.03415618,  0.09907543,  0.06629017]), array([-0.0555301 ,  0.05982435, -0.02267462,  0.02915377]), array([ 0.05127637,  0.00137242, -0.03741962, -0.15721775]), array([-0.01905089, -0.002991  , -0.02318542,  0.08754225]), array([ 0.01338289, -0.0541023 ,  0.00645645,  0.05262581]), array([-0.02100482,  0.07208178, -0.00405677,  0.00771901]), array([-0.01930795, -0.00638401, -0.01495205, -0.07446743]), array([0.04476525, 0.12670156, 0.01412167, 0.01538818]), array([-0.0552995 ,  0.04397163, -0.01797777,  0.03307049]), array([0.00126652, 0.02299393, 0.00409674, 0.02516281]), array([ 0.09224988,  0.05375467, -0.00989158,  0.00133577]), array([ 0.04610554, -0.00164535,  0.00484034,  0.04116768]), array([ 0.06037153, -0.02783846, -0.05088315,  0.05483907]), array([ 0.02027165, -0.01437931, -0.10535566, -0.0370692 ]), array([ 0.02046886,  0.07405024, -0.0919616 ,  0.06260393]), array([-0.01411829,  0.0208778 ,  0.02839619,  0.02571594]), array([-0.02211273,  0.1308876 , -0.05003774, -0.01637208]), array([ 0.02079171, -0.01253273, -0.058449  , -0.09015127]), array([-0.05686061, -0.03159678, -0.02464983, -0.05378758]), array([-0.02138745,  0.03449075, -0.03634897, -0.08376587]), array([-0.02386418, -0.01848264,  0.03188348, -0.0286204 ]), array([-0.06994326, -0.02222006,  0.01132503,  0.12481286]), array([ 0.01693468, -0.07215966,  0.05448163,  0.04255573]), array([-0.01512791, -0.01185979, -0.01574203, -0.02718232]), array([ 0.07643211,  0.02265344, -0.00639585, -0.03041673]), array([ 0.09120991, -0.03558699,  0.01978359, -0.12520018]), array([ 0.04248939,  0.04295797,  0.05858408, -0.02330171]), array([0.00478214, 0.05878346, 0.07712474, 0.04879321]), array([ 0.03614175,  0.00351157, -0.05129452,  0.01600676]), array([ 0.00145447,  0.02248811, -0.02382618, -0.05203585]), array([ 0.03531566,  0.01906286, -0.04302523,  0.06298869]), array([-0.10740019, -0.00404552,  0.05541496,  0.08428983]), array([ 0.03513495,  0.0282612 , -0.04840785,  0.02802816]), array([ 0.02776492, -0.06682595,  0.06777624, -0.00404104]), array([ 0.04047341,  0.03577029, -0.06767554,  0.06897347]), array([ 0.00677832,  0.03104401,  0.07043232, -0.05789352])]

Actions: [array([1.        , 0.81285847]), array([1.        , 0.80856641]), array([1.        , 0.80468291]), array([1.        , 0.80179562]), array([1.        , 0.79925791]), array([1.       , 0.7977105]), array([1.        , 0.79570168]), array([1.        , 0.79400322]), array([1.        , 0.79260021]), array([1.        , 0.79117967]), array([1.        , 0.79084132]), array([1.       , 0.7889351]), array([1.        , 0.78989606]), array([1.        , 0.79022387]), array([1.        , 0.78889147]), array([1.        , 0.78911479]), array([1.        , 0.78969386]), array([1.       , 0.7898403]), array([1.        , 0.79009174]), array([1.        , 0.79081744]), array([1.        , 0.80571321]), array([1.       , 0.8067816]), array([1.        , 0.74286449]), array([1.        , 0.73929276]), array([1.        , 0.73508988]), array([1.        , 0.73101603]), array([1.        , 0.72434525]), array([1.        , 0.72025002]), array([1.        , 0.71990045]), array([1.        , 0.71345718]), array([1.        , 0.70956849]), array([1.        , 0.70884368]), array([1.        , 0.70411149]), array([1.        , 0.69845602]), array([1.        , 0.68922918]), array([1.        , 0.67661019])]