
Good
Feature: [11, 33, 5490.076521598702]

States: [array([-170.59457661,    0.95889593, -128.60037017,    0.85469067]), array([-169.68315835,    1.21868441, -127.81208707,    1.71883728]), array([-168.43801337,    1.45184008, -126.12524277,    2.34109657]), array([-166.97885026,    1.62195213, -123.7258516 ,    2.87239532]), array([-165.30932651,    1.59259071, -120.9007127 ,    3.3461278 ]), array([-163.79300278,    1.55130677, -117.53655019,    3.68191326]), array([-162.20414589,    1.30293067, -113.85372612,    4.07156746]), array([-160.95556446,    1.27320018, -109.86321615,    4.23498292]), array([-159.78252144,    1.35463009, -105.61059847,    4.40533349]), array([-158.38729137,    1.44660604, -101.31182076,    4.46085814]), array([-156.96573813,    1.93022883,  -96.85523799,    4.54095427]), array([-155.01361786,    2.40746621,  -92.26493772,    4.64899668]), array([-152.58860717,    2.89470467,  -87.58542173,    4.75804019]), array([-149.63856617,    3.38106335,  -82.87100752,    4.6069444 ]), array([-146.30156249,    3.71965582,  -78.28160873,    4.39056534]), array([-142.61537849,    3.90189472,  -73.8536329 ,    4.21700753]), array([-138.82531379,    4.17771592,  -69.60303196,    4.01455652]), array([-134.68526613,    4.47379441,  -65.55340407,    3.89409329]), array([-130.26618927,    4.52517187,  -61.65742065,    3.8195334 ]), array([-125.81210176,    4.6528903 ,  -57.80890756,    3.67480544]), array([-121.18397873,    4.71217188,  -54.17996953,    3.51652099]), array([-116.46945474,    4.83019479,  -50.64164432,    3.41741875]), array([-111.68187975,    4.94637419,  -47.16979313,    3.33734894]), array([-106.78952966,    4.95470739,  -43.84388588,    3.21562356]), array([-101.80007988,    4.94243387,  -40.56938816,    3.1509512 ]), array([-96.90738822,   4.92623541, -37.38741813,   3.1537245 ]), array([-91.97233797,   4.94428049, -34.2307849 ,   3.20171355]), array([-87.13580677,   5.01275127, -31.14497946,   3.284177  ]), array([-82.08064535,   5.06231765, -27.78578087,   3.22247402]), array([-77.01042886,   5.00112984, -24.62964611,   3.30450538]), array([-71.95110217,   5.01337406, -21.35112318,   3.03139121]), array([-66.93481119,   4.96723913, -18.33286095,   2.82262619]), array([-61.9283384 ,   4.96856776, -15.56577428,   2.5970524 ]), array([-56.8674944 ,   4.94020634, -12.99094066,   2.40583526]), array([-51.88021382,   4.89085119, -10.59668445,   2.29721161]), array([-46.91721587,   4.91940487,  -8.25288535,   2.15684225]), array([-41.98013075,   4.86519788,  -6.07681096,   2.03031244]), array([-37.1380585 ,   4.9635918 ,  -4.08090703,   1.85065388]), array([-32.15976134,   4.99325893,  -2.15394873,   1.80035446]), array([-27.19849726,   4.93801619,  -0.35323623,   1.64802957]), array([-22.26627989,   4.90638261,   1.25447862,   1.16400261]), array([-17.30184829,   4.93566704,   2.46762307,   0.85078998]), array([-12.38687243,   4.9816755 ,   3.29099564,   0.3828226 ]), array([-7.45303912,  5.01614838,  3.64403181, -0.0854159 ]), array([ 0.03539847, -0.05401214,  0.09587259,  0.00254284]), array([ 0.04375252, -0.00646681,  0.00666788,  0.01630005]), array([-0.02861158, -0.0629785 ,  0.03115908, -0.00690957]), array([-0.06225717,  0.00948223, -0.02611471, -0.01747886]), array([-0.01644363,  0.00089092,  0.06877755,  0.04843475]), array([ 0.05739124, -0.02165983, -0.02155874,  0.05809256]), array([ 0.02863096,  0.04315796,  0.0657285 , -0.0687544 ]), array([ 0.02764887,  0.06369741, -0.02124893, -0.06244742]), array([-0.02005113, -0.04063849,  0.04583257, -0.01673305]), array([ 0.01174764, -0.07747308, -0.03210067,  0.03117362]), array([-0.0208944 , -0.06757618,  0.01931673, -0.04332284]), array([ 0.03124137,  0.00217996, -0.02685432,  0.00705177]), array([-0.03389012, -0.05068225, -0.00277854,  0.04581699]), array([-0.07198676,  0.03004453, -0.10116266,  0.06752401]), array([ 0.03581491, -0.04525639, -0.00648465,  0.09932806]), array([ 0.0218697 , -0.05649866, -0.03135278,  0.00108531]), array([ 0.00411596,  0.09205622, -0.03405491,  0.02572514]), array([-0.04964112,  0.00918517,  0.02200849, -0.06486797]), array([ 0.02539357, -0.03282337, -0.03131088, -0.01439726]), array([ 0.05888355,  0.0326768 ,  0.0240042 , -0.02461969]), array([-0.0031041 , -0.00315637, -0.03874217,  0.02052192]), array([-0.00729642,  0.0510515 ,  0.04735988,  0.13958561]), array([ 0.09495475,  0.00617935, -0.01863945, -0.08205071]), array([0.01631596, 0.04548701, 0.00693886, 0.01166644]), array([ 0.06475223, -0.05211558, -0.01116722,  0.07397708]), array([-0.00964689, -0.06802462,  0.04146629, -0.01746279]), array([0.0299876 , 0.08156266, 0.00339314, 0.00854532]), array([ 0.01875588, -0.01075471, -0.01023875, -0.01422265]), array([-0.12079251, -0.03535895,  0.01435294, -0.08156316]), array([ 0.01298394,  0.01596632, -0.0420212 ,  0.0020904 ]), array([ 0.01432139,  0.05882751, -0.04122698,  0.08401693]), array([-0.08585571, -0.10390072,  0.01025688, -0.01172334]), array([ 0.05717245, -0.01111476,  0.01371153, -0.05889317]), array([-0.00770444,  0.04505879,  0.03802504,  0.09269472]), array([ 0.08657079, -0.03647098, -0.02836456, -0.04234306]), array([-0.05610538, -0.03984036,  0.06041989, -0.04806547]), array([-0.04728298, -0.0152609 ,  0.10308164, -0.00341215]), array([-0.03373133, -0.07958832, -0.00433696,  0.03172705]), array([-0.02179159,  0.04656397, -0.01413157, -0.03113097]), array([ 0.01632758,  0.06205221, -0.132299  ,  0.08910733]), array([-0.01110736,  0.01183318,  0.0063404 , -0.0085307 ]), array([ 0.001348  , -0.04509903, -0.01286466,  0.00892497]), array([-0.00031362, -0.02787215, -0.01969027, -0.01271033]), array([-0.02616416,  0.06717681,  0.04955022,  0.01159823]), array([ 0.06450416, -0.037411  , -0.07111734,  0.08962545]), array([ 0.0107978 , -0.00908695, -0.09968698,  0.10494976]), array([ 0.05131662, -0.02244281, -0.07385636, -0.05734481]), array([0.04912986, 0.02001958, 0.00673779, 0.10555229]), array([ 0.06394354, -0.02279823,  0.02092886,  0.02138847]), array([-0.00420512,  0.05101414, -0.04824795, -0.01877348]), array([ 0.07390863, -0.00234091,  0.02454486, -0.0188318 ]), array([ 0.03084243, -0.01963516, -0.04351053, -0.01851796]), array([-0.04199511,  0.03830497,  0.09278483, -0.0321153 ]), array([ 0.04086784, -0.02685769,  0.06968705,  0.00555857]), array([0.00047168, 0.02410293, 0.00774509, 0.01159269]), array([ 0.07812477,  0.01892581, -0.00328559,  0.05289153])]

Actions: [array([0.43280689, 1.        ]), array([0.42400362, 1.        ]), array([0.41560418, 1.        ]), array([0.24004312, 1.        ]), array([0.22558732, 1.        ]), array([0.21397327, 1.        ]), array([0.20095847, 1.        ]), array([0.35843733, 1.        ]), array([0.36651812, 1.        ]), array([0.82409091, 1.        ]), array([0.8828906, 1.       ]), array([0.94523533, 1.        ]), array([1.        , 0.78645193]), array([1.        , 0.69234326]), array([1.        , 0.67528966]), array([1.        , 0.66037106]), array([1.        , 0.64651804]), array([1.        , 0.63526606]), array([1.        , 0.62600884]), array([1.        , 0.61663891]), array([1.        , 0.60949702]), array([1.        , 0.60309254]), array([1.        , 0.59718973]), array([1.       , 0.5928951]), array([1.        , 0.64784509]), array([1.        , 0.64770668]), array([1.        , 0.64818276]), array([1.        , 0.64880626]), array([1.       , 0.6477303]), array([1.        , 0.37778126]), array([1.       , 0.3590264]), array([1.        , 0.34109419]), array([1.        , 0.32424501]), array([1.        , 0.30809212]), array([1.        , 0.29185608]), array([1.        , 0.27315094]), array([1.        , 0.25387423]), array([1.        , 0.23374521]), array([1.        , 0.21068974]), array([ 1.        , -0.07130687]), array([ 1.        , -0.15774085]), array([ 1.        , -0.27049035]), array([ 1.        , -0.43881009])]
Bad
Feature: [19, 21, 5198.513008194249]

States: [array([-168.77547852,   -0.59956345, -129.63088642,   -2.45442905]), array([-169.43414514,    0.47775401, -132.11995872,   -1.22288065]), array([-168.87407183,    1.32288205, -133.28827446,   -0.1884553 ]), array([-167.545867  ,    2.0881776 , -133.41207147,    0.65429104]), array([-165.4855321 ,    2.6822918 , -132.66473646,    1.29287421]), array([-162.85004327,    3.04197657, -131.32150504,    1.89385084]), array([-159.77064552,    3.38124755, -129.51696126,    2.2572909 ]), array([-156.3690885 ,    3.69580085, -127.18961185,    2.60570918]), array([-152.67469506,    3.87766625, -124.59324461,    2.91487252]), array([-148.81719664,    4.05130744, -121.74205139,    3.1834389 ]), array([-144.80000531,    4.23556508, -118.51386312,    3.42557239]), array([-140.58091328,    4.32013752, -115.07606754,    3.66327125]), array([-136.21099815,    4.50245584, -111.32170344,    3.80997965]), array([-131.71812956,    4.57829617, -107.46269911,    3.84376512]), array([-127.14549554,    4.69088394, -103.52201701,    3.94227219]), array([-122.43280696,    4.682384  ,  -99.58735499,    3.90828637]), array([-117.73634778,    4.69691442,  -95.72454287,    3.9934915 ]), array([-113.01860433,    4.75193302,  -91.74259224,    4.09015738]), array([-108.29285778,    4.78657966,  -87.62470888,    4.12797475]), array([-103.45773894,    4.88482887,  -83.57076873,    4.1543924 ]), array([-98.55458381,   5.01650535, -79.43700647,   4.15984956]), array([-93.56633812,   5.00514875, -75.30614329,   4.10907083]), array([-88.488613  ,   4.94491337, -71.20223361,   4.18024854]), array([-83.49840685,   4.87486701, -67.08792146,   4.18389815]), array([-78.63302534,   4.86503197, -62.93981331,   4.10914131]), array([-73.72386188,   4.91323459, -58.81738281,   4.03658213]), array([-68.80838428,   4.99576227, -54.71037772,   4.06569635]), array([-63.84829221,   4.9964848 , -50.64694682,   4.04166535]), array([-58.8177982 ,   5.08068124, -46.58281846,   3.90973155]), array([-53.72778496,   5.05428317, -42.64405082,   3.87019877]), array([-48.61765652,   4.9959032 , -38.82562082,   3.9825767 ]), array([-43.63773092,   4.97709213, -34.82877834,   4.00926948]), array([-38.6233603 ,   5.02304831, -30.8383098 ,   4.05384243]), array([-33.63428261,   5.07029661, -26.81268775,   3.95329622]), array([-28.57520743,   5.13117517, -22.92035178,   3.87427098]), array([-23.41705602,   5.0411813 , -19.04781622,   3.97829945]), array([-18.39621531,   5.12748219, -15.08915225,   4.01365196]), array([-13.32543176,   5.06939005, -11.0849735 ,   3.95854259]), array([-8.24636514,  5.15411628, -7.1159196 ,  4.03391282]), array([-3.07686269,  5.12206567, -3.00560436,  4.14255073]), array([ 0.03184288, -0.02090091,  0.01158987,  0.07986558]), array([-0.02968371, -0.02573022, -0.07863177, -0.02415978]), array([-0.04489736,  0.00121616, -0.02860191,  0.07846991]), array([-0.03963555,  0.00605082, -0.01822085, -0.02648873]), array([-0.1410676 , -0.0125681 ,  0.05343043, -0.03403862]), array([-0.06009143, -0.03731801, -0.01395625,  0.03954063]), array([ 0.01879397, -0.08384933,  0.00632514,  0.02531008]), array([ 0.01060203,  0.01936322, -0.04500861, -0.02479426]), array([ 0.07106571,  0.03030167,  0.03412032, -0.04466161]), array([-0.04007609,  0.07462829,  0.00719623,  0.08336404]), array([-0.02516715, -0.02885635, -0.02903196,  0.04892511]), array([ 0.02090139, -0.02489518, -0.12191156, -0.00328461]), array([-0.01906038,  0.02023775,  0.05767753, -0.07188677]), array([ 0.00995314,  0.08170888, -0.07193122,  0.05189265]), array([-0.05134413, -0.05743186, -0.07240506, -0.03640847]), array([ 0.0646591 , -0.0521783 , -0.02950104,  0.06454254]), array([-0.07263899, -0.0091896 , -0.07290197,  0.05240921]), array([-0.02550683,  0.00503032, -0.03707769,  0.0130013 ]), array([ 0.00114236, -0.00032162, -0.07913705,  0.09271854]), array([0.03565884, 0.00773392, 0.0266747 , 0.04870619]), array([-0.03992494, -0.02045604,  0.00399198,  0.01992367]), array([ 0.03246632,  0.02024408,  0.04194345, -0.0419279 ]), array([ 0.08318752,  0.05202591, -0.00784055,  0.03646168]), array([-0.06137125,  0.12004438, -0.04094553,  0.06814394]), array([ 0.07983067, -0.01462019, -0.10343535, -0.01521656]), array([-0.06109652,  0.02896371,  0.00149185, -0.04340972]), array([ 0.0175731 , -0.00135566, -0.01607051, -0.04872807]), array([0.02278729, 0.05443053, 0.0095032 , 0.08002011]), array([0.07686331, 0.0377457 , 0.03685807, 0.02826822]), array([ 0.00646083,  0.01673455, -0.00178481,  0.01869218]), array([ 0.03396194, -0.00609153, -0.11444126,  0.0303614 ]), array([-0.0184682 , -0.00744258,  0.01903992, -0.02782751]), array([ 0.05213138, -0.06461444,  0.04473658,  0.05687321]), array([-0.0067102 , -0.05903995, -0.06445389,  0.006457  ]), array([-0.033509  ,  0.08568105, -0.02185119,  0.04731642]), array([-0.07207102,  0.01809154,  0.03107094,  0.05737427]), array([-0.01782744, -0.04844433, -0.00454655,  0.04725734]), array([ 0.00070487,  0.0392511 , -0.00135917, -0.03685026]), array([-0.04709191,  0.01702889,  0.01222786,  0.05706857]), array([ 0.01230883, -0.01992567,  0.02247406, -0.02143653]), array([-2.83976282e-07,  8.17198229e-02, -1.49102461e-02, -1.16040103e-02]), array([ 0.05215458, -0.06451993,  0.0147763 , -0.10157307]), array([ 0.0568945 , -0.00103233,  0.04952444, -0.00595356]), array([ 0.05504282,  0.00935851, -0.01471637,  0.02917358]), array([-0.05344402, -0.00240803,  0.01760689,  0.01390586]), array([-0.02934044, -0.02080341, -0.02095165, -0.00977051]), array([ 0.0151936 , -0.02546758,  0.02910557, -0.01581106]), array([ 0.0852382 , -0.01467184, -0.02188666, -0.00999212]), array([ 0.05955348,  0.04101619,  0.00948877, -0.07310164]), array([-0.0208879 ,  0.09220728,  0.05224134,  0.0841928 ]), array([-0.05742565, -0.07036074,  0.03741429, -0.02191568]), array([-0.06734961, -0.00668425,  0.03832859, -0.1061472 ]), array([-0.04430816, -0.03547485,  0.05362253, -0.01070384]), array([0.04854922, 0.07356005, 0.01453256, 0.00702335]), array([ 0.07933043,  0.06346552,  0.06247367, -0.05151668]), array([ 0.03932544, -0.03691242,  0.03313456, -0.06734764]), array([-0.05173594, -0.05285769,  0.10192817, -0.02552936]), array([ 0.1074781 , -0.00408146,  0.00265563, -0.07222429]), array([-0.02723118, -0.07213483,  0.02285362,  0.14317099]), array([-0.00895126,  0.09821912, -0.02590458, -0.01057942])]

Actions: [array([1.        , 0.77145588]), array([1.        , 0.78300854]), array([1.       , 0.7924103]), array([1.        , 0.79934665]), array([1.        , 0.80471661]), array([1.        , 0.80943253]), array([1.        , 0.81368464]), array([1.        , 0.81646513]), array([1.        , 0.81917972]), array([1.        , 0.82122668]), array([1.       , 0.8217091]), array([1.        , 0.82191294]), array([1.        , 0.82073625]), array([1.        , 0.81945371]), array([1.       , 0.8179549]), array([1.        , 0.81731301]), array([1.        , 0.81710983]), array([1.       , 0.8160057]), array([1.        , 0.81363418]), array([1.        , 0.81249741]), array([1.        , 0.81100661]), array([1.        , 0.81011371]), array([1.        , 0.81022004]), array([1.        , 0.80938825]), array([1.        , 0.80678347]), array([1.       , 0.8046478]), array([1.        , 0.80250541]), array([1.        , 0.80124669]), array([1.        , 0.80069683]), array([1.        , 0.80314984]), array([1.        , 0.80879143]), array([1.        , 0.80946749]), array([1.        , 0.81115225]), array([1.       , 0.8117488]), array([1.        , 0.81875147]), array([1.        , 0.83252996]), array([1.        , 0.84336252]), array([1.        , 0.86109035]), array([1.        , 0.90042662])]