
Good
Feature: [12, 39, 6138.619937066943]

States: [array([-170.69611993,   -1.15086169, -129.61939186,    1.40857258]), array([-171.85833598,   -0.50642403, -128.17297863,    2.06953064]), array([-1.72255611e+02,  7.82403546e-02, -1.26175272e+02,  2.62853094e+00]), array([-172.14847733,    0.58629721, -123.57281461,    3.08465406]), array([-171.52223236,    1.06744907, -120.42476743,    3.45869814]), array([-170.34771926,    1.44430869, -116.92581593,    3.79629705]), array([-168.94373373,    1.75257992, -113.07285824,    3.9399626 ]), array([-167.23195163,    1.92316687, -109.20171267,    4.2097954 ]), array([-165.24833697,    2.26237036, -104.94784339,    4.37091711]), array([-163.00087213,    2.31254068, -100.54008733,    4.51065612]), array([-160.77445387,    2.31276417,  -96.03324819,    4.60990642]), array([-158.5220628 ,    2.63719188,  -91.50176487,    4.76542327]), array([-155.9135455 ,    2.81832939,  -86.74971781,    4.8159583 ]), array([-153.09064323,    3.19887589,  -81.95123208,    4.80972439]), array([-149.89660526,    3.64701706,  -77.14172034,    4.49879601]), array([-146.22021318,    3.89656828,  -72.69929004,    4.26179772]), array([-142.37364191,    4.15254906,  -68.43706276,    3.8756035 ]), array([-138.19120344,    4.31853614,  -64.59954659,    3.45749202]), array([-133.85186232,    4.46504245,  -61.11871103,    3.06568501]), array([-129.3762641 ,    4.592003  ,  -57.9576715 ,    2.72732949]), array([-124.78848816,    4.7082674 ,  -55.26829357,    2.44966304]), array([-120.01199084,    4.76679254,  -52.84916696,    2.20343022]), array([-115.15508325,    4.80837887,  -50.65272513,    2.64294927]), array([-110.29575726,    4.82577962,  -47.97935625,    3.05704669]), array([-105.51867462,    4.53282543,  -44.93474578,    3.42876515]), array([-101.06407328,    4.34889532,  -41.52159835,    3.70179451]), array([-96.74009297,   3.89438462, -37.77724942,   3.97148789]), array([-92.82594621,   3.48374325, -33.85751799,   4.09545825]), array([-89.32960443,   2.99994353, -29.78262441,   4.24132286]), array([-86.32402828,   2.6560832 , -25.46087327,   4.39634136]), array([-83.66963546,   2.30818264, -21.04996023,   4.48893291]), array([-81.31957548,   1.87867148, -16.59315793,   4.60630978]), array([-79.43991606,   1.52377291, -11.9911631 ,   4.65722412]), array([-77.98934956,   2.24478352,  -7.3714199 ,   3.84639908]), array([-75.77020874,   2.78334633,  -3.46654716,   3.17344075]), array([-73.00875403,   3.2430879 ,  -0.24175681,   2.52610509]), array([-69.73980073,   3.55566687,   2.24919031,   2.07103768]), array([-66.15325535,   3.73599754,   4.39890955,   1.66786323]), array([-62.38888066,   3.88478979,   6.17852628,   1.32872255]), array([-58.5571995 ,   4.10211384,   7.60786913,   1.00458093]), array([-54.51670152,   4.27966794,   8.58476862,   0.59206315]), array([-50.23159811,   4.50041763,   9.06502835,   0.3924802 ]), array([-45.65787528,   4.64197508,   9.42757313,   0.11534209]), array([-41.04156451,   4.57272754,   9.55029388,  -0.17456478]), array([-36.56422069,   4.63898573,   9.45419576,  -0.47197482]), array([-31.9039551 ,   4.66065351,   8.96702078,  -0.66311797]), array([-27.21769541,   4.69530706,   8.38310782,  -0.85652376]), array([-22.55069314,   4.72661379,   7.60003006,  -1.1690678 ]), array([-17.77273017,   4.85970764,   6.41894135,  -1.3956105 ]), array([-12.87815555,   4.93372084,   4.97343604,  -1.66310837]), array([-7.94250409,  4.90470644,  3.31736059, -1.91959982]), array([ 0.06219962,  0.0092083 , -0.04711079, -0.01914749]), array([ 0.04899957, -0.03500232,  0.05881621,  0.01992245]), array([-0.00273705,  0.11496803, -0.03265464, -0.07806979]), array([-0.00543306, -0.08501983, -0.07559266,  0.05968054]), array([-0.00357701,  0.13514895,  0.02459743, -0.01056178]), array([-0.04967618,  0.00454361,  0.00605708,  0.00430563]), array([ 0.03913038,  0.01708163, -0.05194482,  0.02712264]), array([ 0.18305019, -0.02895893, -0.05428772,  0.00305426]), array([-0.02288382,  0.01612314, -0.02327732,  0.02893187]), array([ 0.0796233 , -0.08325192, -0.0618681 , -0.0283893 ]), array([0.07773886, 0.02625491, 0.0536769 , 0.0006161 ]), array([ 0.01705804, -0.10321756, -0.04087303, -0.04746258]), array([ 0.08192733,  0.07167256,  0.03323504, -0.00769893]), array([-0.02211821,  0.01236111, -0.02965448, -0.02253128]), array([ 0.00522983, -0.00062543,  0.00929347, -0.00933245]), array([ 0.05306402,  0.01991014,  0.05987433, -0.00583035]), array([ 0.07399757, -0.03444566, -0.01579073, -0.04215572]), array([ 0.08653464,  0.0241999 ,  0.07535283, -0.05055569]), array([ 0.09275678,  0.03948088,  0.00588016, -0.00642093]), array([0.01328251, 0.01135025, 0.01695402, 0.05363871]), array([ 0.02908845, -0.15517752, -0.02631085, -0.07812443]), array([ 0.02156135,  0.02363021,  0.05258634, -0.03102787]), array([-0.06002914,  0.01842852,  0.13605504,  0.08419513]), array([ 0.01887756, -0.0022416 ,  0.0269648 , -0.00913588]), array([-0.02267987, -0.01091904,  0.05027385, -0.02101402]), array([-0.10309614,  0.09182751, -0.0561345 , -0.00027711]), array([ 0.0660192 ,  0.04689721, -0.09702317, -0.07138011]), array([-0.01102964, -0.04792   , -0.0811018 ,  0.09814102]), array([ 0.04391409,  0.06179347,  0.00442459, -0.08803762]), array([-0.02772245,  0.04519944, -0.04398048, -0.01858626]), array([0.04929684, 0.04296424, 0.00190316, 0.04781437]), array([ 0.00152497, -0.02364007,  0.03755154,  0.00094549]), array([-0.0515941 , -0.04185214, -0.12558547,  0.04336064]), array([0.09107247, 0.01647809, 0.02189306, 0.02753864]), array([ 0.02900048, -0.13939074, -0.03043831,  0.09657056]), array([-0.04027995, -0.0371074 , -0.01316776,  0.04910752]), array([-0.00833886,  0.04900826,  0.03587006,  0.05092381]), array([-0.07970929,  0.07487298,  0.02119935, -0.08376238]), array([ 0.00028726,  0.04784944, -0.04204473,  0.02349425]), array([ 0.02070908,  0.03042363, -0.01665013, -0.01063401]), array([ 0.10177693,  0.03394587,  0.06028826, -0.06230535]), array([ 0.02640983,  0.04632011, -0.01743963,  0.0032787 ]), array([ 0.02765603, -0.03336147, -0.08091328, -0.0290449 ]), array([-0.01086103, -0.01259937,  0.05521248, -0.02867131]), array([0.00264636, 0.01990896, 0.09480779, 0.04116969]), array([-0.00109871,  0.0342902 ,  0.06825067, -0.02986486]), array([-0.02460577, -0.00186493, -0.02472946, -0.02800241]), array([ 0.00956649, -0.00212219,  0.0210179 , -0.00187914]), array([ 0.06572651, -0.0392685 ,  0.01768985, -0.00486746])]

Actions: [array([0.39080496, 1.        ]), array([0.46258645, 1.        ]), array([0.52246405, 1.        ]), array([0.56720499, 1.        ]), array([0.59252816, 1.        ]), array([0.61378292, 1.        ]), array([0.63878667, 1.        ]), array([0.66080864, 1.        ]), array([0.4617328, 1.       ]), array([0.45620481, 1.        ]), array([0.74409216, 1.        ]), array([0.77476055, 1.        ]), array([0.94256787, 1.        ]), array([1.        , 0.64056177]), array([1.        , 0.58985882]), array([1.        , 0.44860838]), array([1.        , 0.35412402]), array([1.        , 0.36728468]), array([1.        , 0.33026082]), array([1.        , 0.29406359]), array([1.        , 0.26208014]), array([1.        , 0.83032916]), array([1.        , 0.87901966]), array([0.7339705, 1.       ]), array([0.67303089, 1.        ]), array([0.39696062, 1.        ]), array([0.33550048, 1.        ]), array([0.27398446, 1.        ]), array([0.21164381, 1.        ]), array([0.14988092, 1.        ]), array([0.08218084, 1.        ]), array([0.00278458, 1.        ]), array([1.        , 0.04254063]), array([ 1.        , -0.01520212]), array([1.        , 0.01503304]), array([ 1.        , -0.02832878]), array([ 1.        , -0.06516142]), array([ 1.        , -0.10097196]), array([ 1.        , -0.13536661]), array([ 1.        , -0.16840614]), array([ 1.        , -0.19858361]), array([ 1.        , -0.22487403]), array([ 1.        , -0.25507427]), array([ 1.        , -0.28644668]), array([ 1.        , -0.31854038]), array([ 1.        , -0.34940992]), array([ 1.        , -0.38755175]), array([ 1.        , -0.43223376]), array([ 1.        , -0.48087539]), array([ 1.        , -0.54925496])]
Bad
Feature: [18, 21, 4954.034829447443]

States: [array([-171.60924304,   -0.32654002, -128.84527328,    1.52318348]), array([-171.93436082,    0.81708872, -127.35572435,    1.90582308]), array([-171.13527792,    1.64196627, -125.51740553,    2.2288798 ]), array([-169.50237731,    2.31134373, -123.31171202,    2.54807482]), array([-167.2020803 ,    2.85090293, -120.76605517,    2.88839369]), array([-164.41839595,    3.23175617, -117.92979229,    3.00983665]), array([-161.20422189,    3.61804562, -114.99452022,    3.09938512]), array([-157.5523874 ,    3.91239073, -111.98726591,    3.19984735]), array([-153.58835092,    4.13237969, -108.82726819,    3.27534879]), array([-149.47003295,    4.32129044, -105.51249224,    3.43271467]), array([-145.10104987,    4.47794313, -101.98226531,    3.42232828]), array([-140.61346175,    4.59936988,  -98.52886554,    3.43548096]), array([-136.00943917,    4.68820073,  -94.99037319,    3.48631861]), array([-131.26502717,    4.70301411,  -91.47623578,    3.49871096]), array([-126.51303765,    4.83928812,  -88.03384985,    3.4819702 ]), array([-121.62827771,    4.88509065,  -84.56496212,    3.47107283]), array([-116.81704181,    4.86083709,  -81.05135293,    3.50719505]), array([-111.88397917,    4.87831199,  -77.57734032,    3.56040338]), array([-106.94004312,    4.89301681,  -74.02982484,    3.51476415]), array([-102.03494828,    4.84593487,  -70.51960225,    3.50286339]), array([-97.14019652,   4.9106607 , -67.04546479,   3.48066184]), array([-92.16589278,   4.84193789, -63.57074787,   3.53927206]), array([-87.32543141,   4.78782687, -60.02191045,   3.48800027]), array([-82.55462093,   4.68644671, -56.53919229,   3.41875757]), array([-77.85892217,   4.80584695, -53.21046936,   3.48090242]), array([-72.99958557,   4.81492543, -49.66684013,   3.50763815]), array([-68.24492983,   4.86111958, -46.28640247,   3.53029737]), array([-63.34074029,   4.91752773, -42.67215051,   3.50722179]), array([-58.41536442,   4.91818157, -39.19594441,   3.47178111]), array([-53.54108457,   4.93678395, -35.70697367,   3.43154895]), array([-48.6257184 ,   4.96499586, -32.32736688,   3.53763753]), array([-43.61832142,   4.97671069, -28.88134275,   3.50520869]), array([-38.59425698,   4.985836  , -25.32927544,   3.48232002]), array([-33.71094074,   4.99883631, -21.80556111,   3.4357023 ]), array([-28.7534433 ,   5.06015138, -18.33526059,   3.60618993]), array([-23.75349791,   5.07909365, -14.75087087,   3.67768061]), array([-18.63174506,   5.08856766, -11.08625423,   3.66586559]), array([-13.49197972,   5.086241  ,  -7.39850952,   3.71192248]), array([-8.49021944,  5.06761448, -3.65976261,  3.6440449 ]), array([ 0.01007221, -0.04659409,  0.00636913,  0.06173093]), array([ 0.05041692,  0.06521662, -0.01936924,  0.10567615]), array([ 0.00164571, -0.00277185,  0.00696667, -0.00432228]), array([-0.07647793, -0.03060766, -0.02420536,  0.02595391]), array([-0.00069774, -0.01262374, -0.0277132 , -0.08282481]), array([ 0.00633059,  0.07512541,  0.04616033, -0.05416457]), array([-0.01186791, -0.06133645,  0.02093856,  0.01830732]), array([-0.03316532, -0.12978405,  0.00902003,  0.03889356]), array([ 0.08448926, -0.07582647,  0.00021018,  0.08145764]), array([ 0.0282266 , -0.03356772,  0.02500562, -0.01542776]), array([ 0.05176746, -0.00591845, -0.02214911, -0.02002483]), array([ 0.09487436, -0.03724944,  0.03586075,  0.02063189]), array([-0.10924537,  0.07222455, -0.0335498 ,  0.07847265]), array([-0.00961923,  0.10933298, -0.00460966,  0.02497356]), array([-0.05467931, -0.01442916,  0.01137571, -0.01018707]), array([ 0.06546874,  0.01057517,  0.0221814 , -0.09137451]), array([-0.02546938, -0.01581142,  0.04893843,  0.02244704]), array([-0.05478839, -0.02294894, -0.02683481,  0.01893368]), array([ 0.01727176,  0.03351549, -0.07104911,  0.02064314]), array([0.05668041, 0.04197382, 0.00100134, 0.03591188]), array([ 0.08490576, -0.01626732,  0.01417437,  0.09139274]), array([-0.06353502, -0.07776735,  0.01310745,  0.12304594]), array([-0.00467623,  0.03586101,  0.08018227, -0.07377257]), array([-0.02688119,  0.05350053, -0.02332817,  0.00590751]), array([-0.00224963,  0.13264922,  0.0393252 ,  0.03450942]), array([ 0.04866384,  0.0348254 , -0.08155814, -0.06168125]), array([ 0.05166939,  0.03492406, -0.00121085,  0.01068531]), array([-0.03556626, -0.08452763,  0.01787613, -0.06920725]), array([ 0.00817611, -0.02847511,  0.00472438,  0.01540889]), array([-0.00846704, -0.03440075, -0.0341787 , -0.00970034]), array([ 0.03230536,  0.0162506 ,  0.05168266, -0.01814051]), array([-0.09060872,  0.02610721, -0.05447031,  0.00185744]), array([-0.0812065 ,  0.05600337, -0.02350119,  0.03086954]), array([-0.00387351,  0.05433875, -0.00971682, -0.04971259]), array([ 0.06692354, -0.02034459, -0.01595094, -0.01126955]), array([ 0.01245785, -0.04413887, -0.0066853 , -0.02900913]), array([ 0.01662548, -0.01894864,  0.03131534,  0.03226049]), array([-0.10817568, -0.055093  , -0.10846786, -0.03704728]), array([0.07359643, 0.0052539 , 0.07571218, 0.00119976]), array([-0.05529391, -0.02570224, -0.01228779,  0.00072655]), array([-0.08482107,  0.10683127, -0.04860706,  0.05040891]), array([ 0.02110442,  0.03515233, -0.06971661, -0.01053236]), array([ 0.08114979,  0.10867861, -0.03313062,  0.05074783]), array([-0.06203459, -0.00186994,  0.01218964, -0.05528496]), array([-0.07417456, -0.05662501, -0.00125408, -0.02518303]), array([-0.04767622, -0.0476653 , -0.08201424, -0.01755143]), array([-0.08196824,  0.00600982,  0.00908632,  0.0251765 ]), array([ 0.01715197, -0.02831444, -0.0018647 ,  0.02748421]), array([-0.04678635,  0.01896888, -0.01710645,  0.02178688]), array([-0.00167591, -0.05062435, -0.01401009, -0.09528802]), array([ 0.00259166, -0.06437057, -0.07838462, -0.09488452]), array([-0.05268449, -0.00785326,  0.07132796,  0.01222857]), array([-0.05390045, -0.02855904,  0.02635281,  0.06592974]), array([ 0.00268314, -0.08739081, -0.04493976,  0.04242994]), array([-0.0017558 ,  0.00226982, -0.02306504, -0.12751304]), array([-0.02705666, -0.0718483 ,  0.0463188 ,  0.02370492]), array([ 0.01203384,  0.03133204,  0.03993436, -0.05692707]), array([-0.01018136,  0.00176159,  0.0647461 , -0.00031958]), array([ 0.01306645, -0.02021491, -0.00499296,  0.01657996]), array([-0.01434355, -0.01881048,  0.03230906, -0.00062904]), array([ 0.11796067, -0.06094597, -0.0415636 , -0.02774118])]

Actions: [array([1.        , 0.76703028]), array([1.       , 0.7570034]), array([1.        , 0.74985846]), array([1.        , 0.74411997]), array([1.        , 0.73917635]), array([1.        , 0.73448328]), array([1.        , 0.73095206]), array([1.        , 0.72882726]), array([1.        , 0.72708042]), array([1.        , 0.72495785]), array([1.       , 0.7224823]), array([1.       , 0.7209961]), array([1.        , 0.71940331]), array([1.        , 0.71864259]), array([1.       , 0.7184285]), array([1.        , 0.71875715]), array([1.        , 0.71828805]), array([1.        , 0.71889971]), array([1.       , 0.7189613]), array([1.        , 0.71911924]), array([1.        , 0.71958331]), array([1.        , 0.72070131]), array([1.        , 0.72002227]), array([1.        , 0.71945558]), array([1.        , 0.72008095]), array([1.        , 0.71948338]), array([1.        , 0.72006354]), array([1.        , 0.71878449]), array([1.        , 0.71985411]), array([1.        , 0.72021388]), array([1.        , 0.72341651]), array([1.        , 0.72732714]), array([1.        , 0.72987343]), array([1.        , 0.73102358]), array([1.       , 0.7361069]), array([1.        , 0.73991371]), array([1.        , 0.74612721]), array([1.        , 0.75594935])]