
Good
Feature: [9, 43, 6636.8777367120665]

States: [array([-170.03269941,   -0.4036452 , -128.64080894,    2.95060518]), array([-170.4729933 ,   -0.1918086 , -125.73339759,    3.3550542 ]), array([-1.70710738e+02,  6.30285092e-02, -1.22353386e+02,  3.69546640e+00]), array([-170.67787559,    0.31901324, -118.65284531,    3.97987543]), array([-170.29406093,    0.44521017, -114.67122696,    4.22244015]), array([-169.84335632,    0.2727347 , -110.47292796,    4.34842151]), array([-1.69570342e+02,  1.82119015e-02, -1.06074726e+02,  4.42030133e+00]), array([-1.69503284e+02, -8.92850798e-02, -1.01718204e+02,  4.49942566e+00]), array([-169.5116302 ,   -0.21010209,  -97.26259793,    4.55670974]), array([-169.71762138,   -0.21954867,  -92.69915032,    4.63245415]), array([-169.9706206 ,    0.17675169,  -88.06522013,    4.72758069]), array([-169.84411709,    0.50446107,  -83.37357788,    4.81011911]), array([-169.29260417,    0.8315207 ,  -78.46730744,    4.86519186]), array([-168.45530061,    1.28498374,  -73.64560508,    4.91223317]), array([-167.07858762,    1.68845183,  -68.77758513,    4.81917598]), array([-165.4108968 ,    2.30202016,  -64.00320835,    4.12230897]), array([-163.10151862,    2.91802622,  -59.82605186,    3.54239811]), array([-160.13496707,    3.36466216,  -56.22238359,    2.94338274]), array([-156.83652337,    3.65541106,  -53.28033936,    2.2918941 ]), array([-153.26343441,    4.0238516 ,  -51.01104898,    1.6522137 ]), array([-149.22497336,    4.16533925,  -49.3080398 ,    1.05480748]), array([-145.07595127,    4.3677812 ,  -48.18523923,    0.42587412]), array([-140.67574908,    4.54920892,  -47.89370816,    0.61289378]), array([-136.051388  ,    4.58563321,  -47.3164757 ,    0.84597387]), array([-131.40049914,    4.71406828,  -46.43702815,    0.88823536]), array([-126.68265704,    4.72995213,  -45.53302418,    1.00594127]), array([-121.91802849,    4.67032094,  -44.51582026,    1.47647204]), array([-117.23522762,    4.73870058,  -43.0069635 ,    1.9505327 ]), array([-112.50718772,    4.80333157,  -41.07529585,    2.44891121]), array([-107.75721742,    4.84930923,  -38.62041229,    2.92499786]), array([-102.97079378,    4.65970762,  -35.69233841,    3.32217089]), array([-98.24280311,   4.4303182 , -32.4035918 ,   3.62400003]), array([-93.77245752,   4.10086279, -28.83370718,   3.96219146]), array([-89.64237548,   3.8471888 , -24.92869072,   4.13808704]), array([-85.81509687,   4.07974317, -20.8234593 ,   3.55245906]), array([-81.73414868,   4.32827663, -17.24258552,   3.08707433]), array([-77.41234858,   4.47505513, -14.18296707,   2.6700589 ]), array([-72.94009173,   4.60334782, -11.50580132,   2.36139418]), array([-68.28955067,   4.63484511,  -9.16642822,   2.07990791]), array([-63.65487414,   4.7036267 ,  -7.0778923 ,   1.80726053]), array([-58.87040066,   4.7917303 ,  -5.30677238,   1.6025968 ]), array([-53.99993218,   4.85911395,  -3.74946288,   1.3080004 ]), array([-49.07073282,   4.82139047,  -2.44075573,   1.14582572]), array([-44.19266268,   4.85527153,  -1.30262368,   0.98511908]), array([-39.29647553,   4.85279847,  -0.20185662,   0.7910758 ]), array([-34.47542072,   4.98171476,   0.57870398,   0.70783233]), array([-29.52103492,   4.97402886,   1.34287555,   0.55369546]), array([-24.61392044,   4.87595923,   2.03634101,   0.41674343]), array([-19.74005887,   4.90492161,   2.31760671,   0.32798091]), array([-14.91068944,   4.87151946,   2.61515981,   0.23727507]), array([-10.05389238,   4.96738706,   2.91383064,  -0.03065463]), array([-5.16222664,  4.95743578,  2.84675421, -0.29060318]), array([-0.00836076, -0.01511339, -0.04982168, -0.04793836]), array([-0.06694507, -0.01860349, -0.0240974 ,  0.04074969]), array([0.11642934, 0.01568752, 0.02994498, 0.02123298]), array([ 0.08332288, -0.00713641, -0.05902109, -0.00781059]), array([ 0.10255233, -0.11684797, -0.02765064, -0.04280366]), array([ 0.07722552,  0.01516737,  0.07734429, -0.01646099]), array([ 0.03085944,  0.02565446,  0.01808149, -0.01464561]), array([ 0.06908365, -0.00016253, -0.08282802, -0.03402385]), array([-0.05530851,  0.02611673, -0.02624313, -0.00410689]), array([ 0.04807529, -0.02552823,  0.15574753,  0.03668555]), array([-0.00133638,  0.02704483, -0.01172034,  0.09552602]), array([-0.00222976,  0.08067851,  0.07560385, -0.00513495]), array([-0.02524069,  0.03759199, -0.06285076, -0.03392759]), array([ 0.01958553, -0.07651964,  0.04269324,  0.07388235]), array([-0.08270131, -0.12809224,  0.07355622,  0.01181687]), array([-0.04803814,  0.07714565,  0.01781705, -0.03342165]), array([-0.03963457, -0.00321566, -0.06807737, -0.04289106]), array([ 0.02277561,  0.07582434,  0.00578414, -0.00083487]), array([-0.00049351,  0.03659834,  0.04829303, -0.03913104]), array([ 0.01448837, -0.03466066,  0.04350095, -0.05306275]), array([ 0.01084045,  0.01269202,  0.01803542, -0.09958659]), array([ 0.0091373 , -0.11161525,  0.00664326, -0.07614828]), array([-0.00569843,  0.03169156, -0.04174954, -0.05828398]), array([ 0.02570373,  0.04254671,  0.05441226, -0.02524237]), array([0.01140919, 0.0297141 , 0.03085938, 0.04291327]), array([-0.00707257, -0.09447603, -0.06592556, -0.06173336]), array([ 0.08313866, -0.09285546,  0.02748088,  0.01572658]), array([-0.04431382, -0.00163921,  0.01766739, -0.07446633]), array([ 0.00174875, -0.04512928,  0.03781579,  0.08953667]), array([ 0.02423762,  0.00513892, -0.00281251,  0.01427618]), array([-0.05010137, -0.07517023, -0.00986201,  0.00890167]), array([ 0.10403693,  0.04104971, -0.0539132 ,  0.02115394]), array([-0.00668685,  0.00456879,  0.0215849 , -0.00252687]), array([ 0.01738444, -0.08589299,  0.02879576,  0.01900922]), array([ 0.02286569, -0.03508375, -0.01548342,  0.00930327]), array([-0.08001977, -0.00426539,  0.03694986,  0.00687711]), array([ 0.08809875, -0.00756623, -0.05951093, -0.07458528]), array([-0.07292728,  0.00575291,  0.01603007,  0.0550541 ]), array([-0.08006624, -0.02072802,  0.10519582,  0.01836749]), array([ 0.03553649, -0.01010113,  0.10033961,  0.02062616]), array([0.08465747, 0.06877313, 0.06516621, 0.01048482]), array([-0.08539583,  0.05164178,  0.06362008, -0.06902608]), array([ 0.00881256, -0.04020672, -0.04153635, -0.00998966]), array([ 0.01642253, -0.00909787,  0.036029  , -0.08836253]), array([-0.06393152, -0.03532449,  0.02040901,  0.08187925]), array([-0.00086138, -0.05155378, -0.00689793,  0.05343883]), array([-0.08422724, -0.15820467, -0.05866193,  0.11008802]), array([0.06575795, 0.03747651, 0.02920947, 0.06563944])]

Actions: [array([0.15747115, 1.        ]), array([0.19900064, 1.        ]), array([0.24889417, 1.        ]), array([0.30995552, 1.        ]), array([-0.01337964,  1.        ]), array([-0.02282093,  1.        ]), array([-0.03039636,  1.        ]), array([-0.03483591,  1.        ]), array([-0.03846438,  1.        ]), array([0.37800009, 1.        ]), array([0.42898862, 1.        ]), array([0.48346472, 1.        ]), array([0.54472517, 1.        ]), array([0.61659324, 1.        ]), array([1.        , 0.29502376]), array([1.        , 0.18516154]), array([1.        , 0.08291061]), array([ 1.       , -0.0167143]), array([ 1.        , -0.11528915]), array([ 1.        , -0.21521575]), array([ 1.        , -0.32806139]), array([1.        , 0.26560517]), array([1.       , 0.2818547]), array([1.        , 0.29656696]), array([1.       , 0.3077476]), array([1.        , 0.69415862]), array([1.        , 0.76345991]), array([1.        , 0.83630771]), array([1.        , 0.92187252]), array([0.76023966, 1.        ]), array([0.68351458, 1.        ]), array([0.6010709, 1.       ]), array([0.51339107, 1.        ]), array([1.        , 0.27912403]), array([1.        , 0.24412112]), array([1.        , 0.21286115]), array([1.        , 0.18555542]), array([1.        , 0.16055377]), array([1.        , 0.13755005]), array([1.        , 0.11508905]), array([1.        , 0.09468583]), array([1.        , 0.07473688]), array([1.        , 0.05593748]), array([1.        , 0.03676911]), array([1.        , 0.01389024]), array([ 1.        , -0.00625472]), array([ 1.       , -0.0323524]), array([ 1.        , -0.06569247]), array([ 1.        , -0.09476499]), array([ 1.        , -0.14238734]), array([ 1.        , -0.23239504])]
Bad
Feature: [19, 19, 4887.2066482240625]

States: [array([-170.52569527,    0.79632943, -128.31563182,   -1.7729944 ]), array([-169.67821575,    1.60771348, -130.04855184,   -0.65815994]), array([-1.68047496e+02,  2.34948125e+00, -1.30666534e+02,  1.46781561e-01]), array([-165.69209075,    2.84918106, -130.55242722,    0.88608878]), array([-162.88262404,    3.32234204, -129.61217582,    1.46825573]), array([-159.57921893,    3.67458599, -128.20204175,    1.99219824]), array([-155.8944702 ,    3.9061114 , -126.31534535,    2.40672783]), array([-151.97937084,    4.17823008, -123.88759065,    2.75848952]), array([-147.70544867,    4.31958291, -121.06485776,    3.02012133]), array([-143.36695445,    4.47573354, -117.99484851,    3.24049456]), array([-138.92974291,    4.54836568, -114.81416323,    3.41055005]), array([-134.28306838,    4.7867761 , -111.39013996,    3.53193535]), array([-129.49969759,    4.77652338, -107.89282654,    3.66194753]), array([-124.70456927,    4.77251998, -104.21203379,    3.77522178]), array([-119.92822833,    4.86056285, -100.43926823,    3.86978398]), array([-115.05648736,    4.9228322 ,  -96.554227  ,    3.90363851]), array([-110.17170194,    4.99747746,  -92.63263528,    3.97099487]), array([-105.17269445,    5.00740957,  -88.73419425,    4.05939089]), array([-100.13470775,    5.03873199,  -84.61830724,    4.13436147]), array([-94.99611346,   5.0261655 , -80.56857215,   4.25876127]), array([-90.06823505,   5.04291191, -76.40260302,   4.19385221]), array([-85.04468639,   4.95007027, -72.15642867,   4.35525033]), array([-80.0879216 ,   5.03110974, -67.82921048,   4.36364777]), array([-75.07899349,   4.98269377, -63.45742522,   4.51968362]), array([-70.11588056,   4.94891459, -58.93038222,   4.43625169]), array([-65.09619695,   4.99208714, -54.47026397,   4.37978354]), array([-60.13699283,   5.02445572, -50.04567237,   4.39380588]), array([-55.10885254,   4.93592051, -45.62677046,   4.40626308]), array([-50.06145845,   4.86102244, -41.19449503,   4.51318411]), array([-45.29409728,   4.86242169, -36.72596476,   4.52015397]), array([-40.4228536 ,   4.9010931 , -32.18725112,   4.45855458]), array([-35.51179561,   4.87913037, -27.74691807,   4.38187213]), array([-30.61065043,   4.90974898, -23.41060357,   4.33715509]), array([-25.69229514,   4.93395679, -19.12545587,   4.27169558]), array([-20.7661532 ,   4.85897113, -14.78048788,   4.16994486]), array([-15.8412652 ,   4.82933906, -10.62601211,   4.14883728]), array([-11.01529772,   4.83375362,  -6.46726702,   4.12066243]), array([-6.22240216,  4.85215334, -2.44620623,  4.20291864]), array([0.03001931, 0.02304413, 0.0208642 , 0.03462181]), array([ 0.04553318, -0.05463339,  0.02290009,  0.1237291 ]), array([-0.00948383,  0.04210404,  0.0533485 , -0.02009044]), array([ 0.02103896, -0.04846186, -0.00523717,  0.00888257]), array([-0.07473053, -0.05978029,  0.01737679,  0.05274285]), array([-0.04126289,  0.09140723,  0.03773945, -0.06522188]), array([ 0.05407349,  0.06563616, -0.04843608, -0.15130435]), array([-0.02567449, -0.08130205,  0.06128806, -0.02454308]), array([-0.01908071, -0.01921758, -0.02667618, -0.04629912]), array([-0.05574517,  0.02315068,  0.0729159 ,  0.04225126]), array([ 0.09118877, -0.03772496, -0.01512253,  0.01533112]), array([-0.0767313 ,  0.01644383,  0.0278664 ,  0.02585981]), array([-0.0032352 ,  0.01725009, -0.06518635, -0.03694706]), array([-0.03822393, -0.09304396,  0.03205988,  0.00275092]), array([-0.00162282,  0.03639307,  0.04296486,  0.01049695]), array([ 0.05851831, -0.02249238, -0.05313887, -0.0413193 ]), array([ 0.08170696, -0.03176989,  0.02507913, -0.00078289]), array([ 0.02346061,  0.01646726, -0.02169943,  0.03711804]), array([ 0.0417995 ,  0.05901844,  0.01577749, -0.00356988]), array([ 0.01167208, -0.00791617,  0.02233993, -0.0275193 ]), array([-0.07416291,  0.01690387, -0.03528951,  0.02756901]), array([-0.00950945, -0.04826148,  0.03284806, -0.02822115]), array([-0.02775198,  0.07906451, -0.0379692 , -0.10353671]), array([-0.08239546, -0.02325425,  0.02938848,  0.05315072]), array([ 0.00470421, -0.11556303,  0.0175945 , -0.03715207]), array([-0.09759153, -0.01134073,  0.02026325, -0.01172636]), array([-0.0363482 , -0.00136131, -0.06077541,  0.02360449]), array([-0.03842978,  0.01398179,  0.03069915, -0.00260087]), array([-0.06971337, -0.01010139, -0.10031494,  0.02987631]), array([ 0.05136154,  0.01342738,  0.02362401, -0.07745517]), array([-0.0448003 ,  0.01793503,  0.01561913,  0.02980845]), array([-0.00894274,  0.01990538,  0.03105015,  0.02609778]), array([-0.06025214,  0.08609505,  0.04736016,  0.01287945]), array([ 0.06417541,  0.03104782,  0.06613679, -0.01125033]), array([ 0.03292074,  0.01318622,  0.01145605, -0.13647628]), array([-0.06447943,  0.11545286, -0.02558068, -0.07161002]), array([ 0.03391644,  0.03037541, -0.03213318,  0.00705187]), array([-0.03674815, -0.00569464, -0.01306475, -0.06496709]), array([-0.03989895, -0.01694331, -0.03575902, -0.07247757]), array([-0.10538117, -0.06697538,  0.02992863, -0.02846634]), array([-0.00382833,  0.01683606, -0.07430305,  0.01733239]), array([ 0.01441627,  0.04219912,  0.03442343, -0.03612933]), array([-0.02830114, -0.04717242,  0.11739751,  0.06937691]), array([-0.03841868, -0.05017381, -0.00611608, -0.00331403]), array([-0.05570331,  0.07401358, -0.01875537,  0.03398446]), array([-0.06928506,  0.02839313,  0.01495021,  0.09224258]), array([-0.01419471,  0.03349864,  0.02932075, -0.03958244]), array([ 0.02651861,  0.04975085, -0.03892593,  0.00747108]), array([-0.06436867, -0.00115436,  0.01950632, -0.06807837]), array([-0.02556952,  0.00020025,  0.00180321,  0.03311388]), array([-0.03456297,  0.07752006, -0.03943824, -0.06797814]), array([-0.07342458, -0.08210274, -0.02928844, -0.06790261]), array([ 0.01055558,  0.00688697, -0.00462901, -0.05714135]), array([-0.0922698 , -0.0111862 , -0.03164786,  0.11799009]), array([ 0.0037544 , -0.03097755, -0.08113746,  0.01305834]), array([ 0.01876981, -0.04327604, -0.04765325,  0.04035984]), array([ 0.04298331,  0.06163184,  0.07193753, -0.05607457]), array([-0.00954077, -0.04877009, -0.04327477, -0.01760791]), array([ 0.00082658, -0.02598087, -0.04575698,  0.01790319]), array([-0.05093207, -0.01223631,  0.00421101,  0.04043445]), array([-0.07258228, -0.03109204, -0.00307524,  0.08246357]), array([-0.02307486,  0.0563262 ,  0.01550413,  0.04269441])]

Actions: [array([1.        , 0.76845595]), array([1.        , 0.78247377]), array([1.        , 0.79371728]), array([1.        , 0.80428602]), array([1.        , 0.81236611]), array([1.        , 0.82032598]), array([1.        , 0.82759415]), array([1.       , 0.8329252]), array([1.        , 0.83790212]), array([1.        , 0.84183356]), array([1.        , 0.84581473]), array([1.        , 0.84957311]), array([1.        , 0.85393414]), array([1.        , 0.85724273]), array([1.        , 0.85991633]), array([1.        , 0.86255144]), array([1.        , 0.86519025]), array([1.        , 0.86923143]), array([1.        , 0.87185024]), array([1.        , 0.87636127]), array([1.        , 0.87804835]), array([1.        , 0.87997636]), array([1.        , 0.88040644]), array([1.        , 0.88091129]), array([1.        , 0.87871358]), array([1.       , 0.8779616]), array([1.        , 0.87679542]), array([1.        , 0.87661075]), array([1.        , 0.87645866]), array([1.        , 0.87010959]), array([1.       , 0.8627565]), array([1.        , 0.85709631]), array([1.        , 0.85272533]), array([1.        , 0.84923272]), array([1.        , 0.84160249]), array([1.        , 0.84100674]), array([1.        , 0.83224256])]