
Good
Feature: [39, 22, 7161.373614972593]

States: [array([-167.89590606,    0.23038237, -128.0103313 ,    0.47909067]), array([-167.77672275,    1.21269648, -127.45611208,    0.40384001]), array([-166.48396899,    2.05235436, -127.08403108,    0.2949725 ]), array([-164.47308531,    2.66325119, -126.83895164,    0.18151207]), array([-1.61932449e+02,  3.15512749e+00, -1.26615622e+02,  8.04571858e-02]), array([-1.58759659e+02,  3.51707442e+00, -1.26523782e+02, -1.53188142e-02]), array([-1.55225523e+02,  3.88482263e+00, -1.26571392e+02, -7.10489953e-02]), array([-151.36285546,    4.12450573, -126.63499831,   -0.16994104]), array([-147.25996446,    4.26082598, -126.78725904,   -0.29206042]), array([-143.02357775,    3.89790479, -127.05393744,    0.79497214]), array([-139.11642211,    3.54766546, -126.30887999,    1.72512921]), array([-135.61821648,    3.08015708, -124.52998646,    2.4241029 ]), array([-132.50592568,    2.58195297, -122.01901434,    2.89908371]), array([-129.92867584,    2.19115642, -119.14360089,    3.27304039]), array([-127.74909365,    1.77202303, -115.8944916 ,    3.68419071]), array([-125.96923978,    1.41784093, -112.21365914,    3.90917644]), array([-124.63680513,    1.03806219, -108.32175651,    4.07558521]), array([-123.50224122,    0.64923121, -104.25341998,    4.35291011]), array([-122.80300726,    1.48837243,  -99.91113947,    3.96664537]), array([-121.33294303,    2.22105697,  -95.92842133,    3.47200161]), array([-119.10152094,    2.72985822,  -92.45110188,    3.09427491]), array([-116.32655098,    3.18255178,  -89.3279235 ,    2.68840879]), array([-113.16178301,    3.48870604,  -86.60180599,    2.33241168]), array([-109.64991538,    3.79167259,  -84.28099896,    1.90233827]), array([-105.8573701 ,    3.98414148,  -82.37394231,    1.54356122]), array([-101.82664913,    4.17329712,  -80.85952611,    1.19596509]), array([-97.64366952,   4.22540328, -79.66732326,   0.89991873]), array([-93.37072603,   4.39021167, -78.73403813,   0.61950727]), array([-88.99124542,   4.51702539, -78.07192249,   0.31220464]), array([-84.42523933,   4.52282124, -77.70892349,   0.14032765]), array([-7.99662233e+01,  4.56203405e+00, -7.75921166e+01, -6.59141262e-02]), array([-75.35024462,   4.62620914, -77.62500024,  -0.27049547]), array([-70.68100517,   4.73947626, -77.9825129 ,  -0.46362903]), array([-65.92721527,   4.79307944, -78.3852001 ,  -0.63383089]), array([-61.10550354,   3.93084564, -78.98883526,   0.46057667]), array([-57.11587984,   3.32013844, -78.53682384,   1.38009123]), array([-53.80257703,   2.66258408, -77.17241151,   2.09387047]), array([-51.12893708,   2.25668944, -75.08488637,   2.70282652]), array([-48.871557  ,   1.89861528, -72.37303043,   3.2361825 ]), array([-46.91343782,   1.55907724, -69.11997088,   3.48410068]), array([-45.29538731,   1.30672047, -65.70210271,   3.73051193]), array([-44.02233715,   1.13804621, -62.00264271,   3.95839824]), array([-42.81804868,   1.05523768, -58.04883938,   4.26518219]), array([-41.70581695,   0.9336324 , -53.88130902,   4.43746811]), array([-40.68615676,   0.73963715, -49.42708229,   4.51219588]), array([-40.02958603,   0.59365094, -44.92963647,   4.55906167]), array([-39.40983919,   0.53313298, -40.34867093,   4.61516302]), array([-38.92537845,   0.42228661, -35.67247561,   4.68991413]), array([-38.41052845,   0.3534997 , -31.07681124,   4.69633808]), array([-38.03661621,   0.60551685, -26.38274046,   4.80515596]), array([-37.45351781,   0.73955784, -21.47015863,   4.86016007]), array([-36.72868315,   1.59813298, -16.57268428,   4.03438265]), array([-35.10655785,   2.23912572, -12.58451223,   3.35328937]), array([-32.8698961 ,   2.83408274,  -9.25783739,   2.79789535]), array([-30.10234225,   3.27803405,  -6.46091914,   2.19244805]), array([-26.78921123,   3.63576501,  -4.19815238,   1.6219399 ]), array([-23.18149483,   3.95002842,  -2.662799  ,   1.00038015]), array([-19.27952038,   4.2525539 ,  -1.63549386,   0.47792653]), array([-14.94881658,   4.34506077,  -1.07536236,  -0.05175338]), array([-10.6246352 ,   4.49036268,  -1.05073365,  -0.59346817]), array([-6.0742393 ,  4.58867842, -1.66237084, -0.1774261 ]), array([ 0.02108984, -0.04458505,  0.00798155,  0.02022622]), array([-0.05077347, -0.04498485, -0.00078703,  0.0281733 ]), array([-0.03198677,  0.05350358, -0.02396196, -0.01303413]), array([ 0.01654336,  0.03971917, -0.04213414, -0.06073378]), array([-0.0568833 ,  0.01202989, -0.07110614,  0.0539763 ]), array([ 0.08546079,  0.07278   ,  0.02855311, -0.07075386]), array([-3.20729126e-05,  5.17956552e-02,  9.55075653e-02,  4.74254626e-02]), array([-0.10082403, -0.03144339,  0.00615936, -0.0369221 ]), array([ 0.05950191, -0.03425658, -0.0812179 , -0.05751709]), array([-0.03977841, -0.05217482,  0.04383177, -0.00325804]), array([-0.04052418,  0.0488247 , -0.01222552, -0.02009494]), array([ 0.04234821, -0.00833409, -0.08038908,  0.02567395]), array([ 0.02152989,  0.00950478,  0.02395982, -0.09831098]), array([-0.03169941,  0.04144953, -0.003827  ,  0.01704672]), array([ 0.02970026, -0.03795324, -0.01885009,  0.04153612]), array([ 0.01200409, -0.06629994, -0.0367492 ,  0.04426984]), array([-0.00731497,  0.09264334,  0.02537599, -0.04988664]), array([-0.09707826,  0.01585967, -0.04250337,  0.01590157]), array([-0.03115153,  0.04628397,  0.03331509, -0.01804399]), array([ 0.08818254,  0.04997697, -0.07709006, -0.01170568]), array([-0.03645854,  0.08368468,  0.05936808,  0.08059222]), array([ 0.04801082, -0.02122851, -0.14086609, -0.01143602]), array([-0.00225472,  0.01574972, -0.01867821, -0.01420082]), array([-0.05889206, -0.03815335,  0.00661314, -0.03113467]), array([ 0.02656068, -0.0136964 ,  0.01040852, -0.01281459]), array([0.03573491, 0.02837083, 0.04145564, 0.02293063]), array([-0.03746899, -0.04204089,  0.06981924,  0.08205173]), array([-0.13845787, -0.01591822,  0.0093186 ,  0.0189925 ]), array([ 0.01481521,  0.07842496, -0.12861014, -0.02562858]), array([-0.03820363, -0.005017  ,  0.07522085, -0.01418701]), array([ 0.07788609, -0.06468157, -0.01406104, -0.0214468 ]), array([ 0.12595154, -0.03979721,  0.01077992,  0.05920229]), array([ 0.02169931,  0.00605152, -0.04345799, -0.01530395]), array([ 0.02314209, -0.00234597,  0.03116516, -0.08211345]), array([ 0.02530192,  0.09750811, -0.06372689, -0.04213836]), array([ 0.01179719, -0.12406556, -0.05230347,  0.00285627]), array([ 0.04915408, -0.00374865,  0.00224781, -0.07247345]), array([-7.72213405e-03,  1.71153655e-02,  1.09236486e-04,  1.19653070e-01]), array([ 0.02611176, -0.0253972 , -0.02682916, -0.05518748])]

Actions: [array([ 1.      , -0.005931]), array([ 1.       , -0.0221244]), array([ 1.        , -0.03427517]), array([ 1.        , -0.04441573]), array([ 1.        , -0.05624269]), array([ 1.       , -0.0669464]), array([ 1.        , -0.07564854]), array([ 1.        , -0.08845174]), array([0.50702889, 1.        ]), array([0.39236506, 1.        ]), array([0.29566118, 1.        ]), array([0.21217416, 1.        ]), array([0.13422031, 1.        ]), array([0.06169644, 1.        ]), array([-0.01169708,  1.        ]), array([-0.08998361,  1.        ]), array([-0.17674822,  1.        ]), array([1.        , 0.43585311]), array([1.        , 0.38374296]), array([1.        , 0.33876762]), array([1.        , 0.30188195]), array([1.       , 0.2696941]), array([1.        , 0.03029324]), array([ 1.        , -0.00273362]), array([ 1.        , -0.03304548]), array([ 1.        , -0.06086464]), array([ 1.        , -0.08714958]), array([ 1.        , -0.11286698]), array([ 1.        , -0.13779484]), array([ 1.        , -0.16151713]), array([ 1.       , -0.1839179]), array([ 1.        , -0.20883673]), array([ 1.        , -0.23083073]), array([0.20078307, 1.        ]), array([0.16033475, 1.        ]), array([0.12816132, 1.        ]), array([0.10209168, 1.        ]), array([0.08129254, 1.        ]), array([0.06367014, 1.        ]), array([0.10410743, 1.        ]), array([0.09089367, 1.        ]), array([0.08069163, 1.        ]), array([0.07061712, 1.        ]), array([0.06084525, 1.        ]), array([0.05139849, 1.        ]), array([0.04570748, 1.        ]), array([0.03985937, 1.        ]), array([0.03530825, 1.        ]), array([0.19681864, 1.        ]), array([0.2139532, 1.       ]), array([1.        , 0.25880497]), array([1.        , 0.13730654]), array([1.        , 0.03592918]), array([ 1.        , -0.05707191]), array([ 1.        , -0.14901321]), array([ 1.       , -0.2446392]), array([ 1.        , -0.34052162]), array([ 1.        , -0.45105046]), array([ 1.        , -0.59903289]), array([1.        , 0.28195968])]
Bad
Feature: [19, 19, 4781.438900931416]

States: [array([-171.9116503 ,    1.01309677, -131.2367418 ,    1.28633735]), array([-170.86634386,    1.85872613, -129.95537117,    1.78443816]), array([-169.00970491,    2.57526316, -128.16902954,    2.24208779]), array([-166.55113983,    3.04395908, -125.90088098,    2.5374625 ]), array([-163.46702308,    3.4224315 , -123.40023347,    2.7393122 ]), array([-160.08668029,    3.69411521, -120.67091913,    2.92614111]), array([-156.34589817,    3.9627536 , -117.76792884,    3.16412355]), array([-152.3882299 ,    4.13673482, -114.50500924,    3.23800848]), array([-148.26784781,    4.27444213, -111.27547352,    3.31415136]), array([-143.97024582,    4.46092499, -108.02590457,    3.30441787]), array([-139.53679528,    4.5671069 , -104.69243866,    3.40372168]), array([-134.98395653,    4.59052963, -101.23765506,    3.49234346]), array([-130.34127238,    4.7289359 ,  -97.63026133,    3.51005002]), array([-125.54695488,    4.78740224,  -94.22078901,    3.6603585 ]), array([-120.81932963,    4.80054591,  -90.57850954,    3.72591091]), array([-116.0312671 ,    4.80265089,  -86.93571387,    3.73696019]), array([-111.23764235,    4.88237871,  -83.13944231,    3.80806047]), array([-106.32328865,    4.89468563,  -79.35299215,    3.78369721]), array([-101.41861116,    4.90947902,  -75.54792733,    3.70209198]), array([-96.43583369,   4.97376986, -71.9054486 ,   3.75069473]), array([-91.462258  ,   4.9732854 , -68.13182577,   3.75516708]), array([-86.50791403,   5.03936026, -64.425874  ,   3.76939765]), array([-81.58261023,   5.06141597, -60.61826507,   3.74437254]), array([-76.43584981,   5.00916375, -56.90022564,   3.75220283]), array([-71.4020012 ,   5.02486884, -53.15241839,   3.73602185]), array([-66.4138182 ,   5.042586  , -49.38571018,   3.70867053]), array([-61.36175794,   5.08757128, -45.63518576,   3.78369702]), array([-56.38982711,   5.14817275, -41.73544361,   3.89388692]), array([-51.28705127,   5.13106564, -37.78927895,   3.95247057]), array([-46.17738531,   5.06433554, -33.91819876,   3.91236132]), array([-41.12237479,   5.04835001, -29.99810621,   4.013821  ]), array([-35.96531421,   5.07485757, -26.03612838,   3.93076741]), array([-30.89714106,   5.04956107, -22.03620398,   3.97468198]), array([-25.87936086,   5.03111534, -17.98656603,   3.98941984]), array([-20.80497218,   5.11144531, -13.96096722,   3.98133795]), array([-15.79892928,   5.01116917,  -9.89518373,   3.9941262 ]), array([-10.80156324,   4.95854815,  -5.90382159,   3.99183238]), array([-5.86598913,  4.93929043, -1.82563663,  4.00449998]), array([-0.03667669,  0.04050296,  0.00998843, -0.01499273]), array([-0.01816908,  0.09578715, -0.0030536 , -0.02880633]), array([-0.0572177 ,  0.09078827,  0.03474737, -0.02291774]), array([-0.02169089, -0.05683935, -0.0009393 , -0.00913241]), array([-0.0407647 ,  0.02469634, -0.03725562, -0.09209412]), array([-0.03045903,  0.00882292, -0.00469323, -0.02360051]), array([ 0.05268136, -0.12090989,  0.08372715, -0.0393535 ]), array([ 0.11940778,  0.05435436, -0.08518424,  0.02199413]), array([-0.02653315, -0.00896961,  0.0395139 , -0.06232052]), array([ 0.09989781, -0.03527898, -0.00815283, -0.03795669]), array([ 0.10320982,  0.00545512, -0.04422608,  0.00273564]), array([ 0.05032599,  0.03214285, -0.00983726,  0.08430208]), array([ 0.0139214 , -0.02382441,  0.06473598, -0.03518619]), array([-0.04026235,  0.07761584,  0.0737173 ,  0.04500185]), array([-0.03761909, -0.04133935, -0.0367469 , -0.07752857]), array([ 0.00758682,  0.0914016 ,  0.03249883, -0.11758733]), array([ 0.01588871, -0.08664011, -0.05653488,  0.03546097]), array([ 0.05358483, -0.03144008,  0.0254768 , -0.02354917]), array([0.0953296 , 0.0370088 , 0.0123916 , 0.03145048]), array([ 0.02837698,  0.05351429, -0.02709078,  0.05271626]), array([ 0.03990535,  0.07382467,  0.12181716, -0.03660257]), array([ 0.03787855,  0.02692879, -0.03898039,  0.00748744]), array([ 0.03989892,  0.01539669, -0.00302018, -0.00345954]), array([-0.00602148,  0.02683529, -0.00019503,  0.05443682]), array([-0.07254123, -0.08091479,  0.02240476,  0.05046979]), array([-0.02835006, -0.08042056,  0.02600201,  0.02792784]), array([ 0.03906384,  0.06039989, -0.00963202, -0.06862187]), array([-0.08660793, -0.01625398, -0.0286118 ,  0.04678465]), array([-0.01769685,  0.05340864,  0.05159865,  0.05885909]), array([-0.08149932, -0.02467079, -0.01757252, -0.00618557]), array([-0.00479403,  0.09547988,  0.06270761,  0.06581187]), array([ 0.04126102, -0.06270797, -0.00489439, -0.04597875]), array([ 0.05292103,  0.06412367, -0.0665619 , -0.02515122]), array([ 0.08055705, -0.04955352,  0.03529343,  0.05911661]), array([ 0.06849782, -0.01742903, -0.155669  ,  0.0392604 ]), array([ 0.06070494,  0.06351533,  0.04765837, -0.01083485]), array([ 0.028163  ,  0.03886673, -0.02026984,  0.0605335 ]), array([-0.04153652,  0.03190492,  0.00222907,  0.03512849]), array([ 0.02392849, -0.04348039, -0.05536183, -0.05202657]), array([ 0.02565144, -0.00054004, -0.02502645,  0.05625262]), array([-0.01777077, -0.07403611, -0.03798257, -0.02231315]), array([-0.02147338, -0.06095538, -0.04540272,  0.03983537]), array([ 0.01273468, -0.0350953 ,  0.0149464 , -0.07333668]), array([ 0.03506256, -0.02199775,  0.003894  , -0.0016502 ]), array([-0.05628634,  0.03365947,  0.01051157,  0.05694835]), array([0.048301  , 0.03086943, 0.02190793, 0.00951517]), array([ 0.01084725,  0.02702858,  0.0113895 , -0.0156866 ]), array([-0.01032947,  0.01558097, -0.04603134, -0.02136256]), array([ 0.00221015, -0.0281953 , -0.01969716,  0.04005861]), array([ 0.00261125, -0.00641371,  0.09855323, -0.01550449]), array([ 0.04376079, -0.02707299, -0.06436083, -0.03582245]), array([-0.01293873, -0.04188687,  0.03242759, -0.06064353]), array([-0.10074818,  0.0848754 , -0.04242969,  0.03502287]), array([-0.11252782, -0.00064141,  0.05013335, -0.0028104 ]), array([-0.06678448,  0.09537358, -0.08847668,  0.0059715 ]), array([ 0.01847341,  0.00689923,  0.0645468 , -0.04188354]), array([ 0.02707683, -0.01342956,  0.04738157, -0.0396805 ]), array([ 0.01092803,  0.03114816,  0.03955994, -0.0212135 ]), array([ 0.02580772,  0.04272464, -0.07049994,  0.02240111]), array([-0.02659254,  0.03714286, -0.03889103,  0.03940981]), array([-0.03330648, -0.09724666,  0.03666016, -0.01197032]), array([-0.10985797,  0.03712994,  0.01004582, -0.00880577])]

Actions: [array([1.        , 0.75810942]), array([1.        , 0.75523652]), array([1.        , 0.75295437]), array([1.        , 0.75044052]), array([1.        , 0.74929665]), array([1.        , 0.74806432]), array([1.        , 0.74739206]), array([1.        , 0.74538161]), array([1.        , 0.74430914]), array([1.        , 0.74395443]), array([1.        , 0.76724336]), array([1.        , 0.76752326]), array([1.        , 0.76719068]), array([1.        , 0.76929663]), array([1.        , 0.76925322]), array([1.        , 0.76959571]), array([1.        , 0.76865005]), array([1.       , 0.7685667]), array([1.        , 0.76822362]), array([1.        , 0.77010647]), array([1.       , 0.7707114]), array([1.        , 0.77198102]), array([1.        , 0.77191683]), array([1.        , 0.77516424]), array([1.        , 0.77726468]), array([1.        , 0.77887797]), array([1.       , 0.7817868]), array([1.        , 0.78156854]), array([1.        , 0.78235627]), array([1.        , 0.78497998]), array([1.        , 0.78609191]), array([1.        , 0.78851144]), array([1.        , 0.78840176]), array([1.        , 0.78504841]), array([1.        , 0.78321146]), array([1.        , 0.77508186]), array([1.        , 0.76589073])]