
Good
Feature: [28, 35, 6208.290902746582]

States: [array([-169.09795779,    1.53734736, -129.74006927,    1.35827982]), array([-167.59874165,    2.00705491, -128.40270479,    2.0360798 ]), array([-165.63423458,    2.43862943, -126.42516291,    2.62029958]), array([-163.2308685 ,    2.6581006 , -123.77806583,    3.05410395]), array([-160.53233472,    2.76317492, -120.69598214,    3.46982427]), array([-157.84004711,    2.84740617, -117.30497446,    3.769677  ]), array([-154.86257725,    2.98885192, -113.60144812,    4.05720151]), array([-151.88962373,    3.05276164, -109.52849692,    4.30331901]), array([-148.73672643,    3.17272755, -105.1741864 ,    4.42322104]), array([-145.52075579,    3.16867891, -100.80905837,    4.50283421]), array([-142.39283198,    3.34530312,  -96.28764834,    4.64142629]), array([-138.99146059,    3.3499719 ,  -91.58516384,    4.75497832]), array([-135.71585915,    3.26934918,  -86.78387248,    4.87720526]), array([-132.35285603,    3.27937381,  -81.94296996,    4.89347591]), array([-129.1080808 ,    3.17574507,  -77.07272968,    4.8970797 ]), array([-125.96930338,    3.56350325,  -72.20294975,    3.72519201]), array([-122.46630858,    3.83974365,  -68.41387588,    2.76078102]), array([-118.58137032,    4.02351777,  -65.63582474,    1.86475414]), array([-114.58880891,    4.23880545,  -63.82643157,    1.10732892]), array([-110.32378812,    4.33334481,  -62.66711051,    0.36733224]), array([-106.01161714,    4.5146419 ,  -62.30241137,   -0.3396451 ]), array([-101.51754145,    4.56201228,  -62.61883004,   -0.84315101]), array([-96.91623115,   4.57450722, -63.54979413,  -1.39922472]), array([-92.36323403,   4.70163034, -64.92437326,  -1.92909998]), array([-87.66217336,   4.76771243, -66.82749676,  -2.4205253 ]), array([-82.89479786,   4.85012503, -69.22719281,  -2.91581414]), array([-78.04109654,   4.31490434, -72.14004618,  -1.38068233]), array([-73.69638546,   3.83613893, -73.54907099,  -0.1125771 ]), array([-69.81776377,   3.43674743, -73.67265003,   0.96324913]), array([-66.41243343,   3.06059045, -72.76219332,   1.75556386]), array([-63.36322346,   2.72426626, -71.10381948,   2.35174924]), array([-60.5679536 ,   2.43523652, -68.80009523,   2.8731331 ]), array([-58.10485721,   2.11961413, -65.96680492,   3.37633391]), array([-56.02927784,   1.91681042, -62.6501787 ,   3.74421476]), array([-54.07411685,   1.68336434, -58.94834132,   4.00583682]), array([-52.29604884,   1.51005812, -54.8758935 ,   4.10071682]), array([-50.75467428,   1.2409859 , -50.6973016 ,   4.23860776]), array([-49.55921926,   1.08023194, -46.41695707,   4.43040039]), array([-48.42679022,   0.84232917, -41.97310124,   4.48283228]), array([-47.54508932,   0.65919912, -37.46695037,   4.56750224]), array([-46.92701942,   0.50694646, -32.90610735,   4.74128442]), array([-46.45290446,   1.40776608, -28.14187898,   3.96034423]), array([-45.05711396,   2.23679555, -24.17289953,   3.2315769 ]), array([-42.87383633,   2.81172519, -20.97188354,   2.47176165]), array([-40.07175506,   3.31510535, -18.50837099,   1.7920518 ]), array([-36.83971742,   3.76833794, -16.7355736 ,   1.08423889]), array([-33.03933723,   3.99997555, -15.64636223,   0.4934097 ]), array([-29.07925387,   4.15978986, -15.21055857,  -0.23531706]), array([-24.95232329,   4.26944487, -15.4468798 ,  -0.95082425]), array([-20.71917903,   4.435232  , -16.37866271,  -1.27264758]), array([-16.25815824,   4.57492435, -17.55082052,  -1.61354982]), array([-11.70962158,   4.66293519, -19.12471484,  -2.0458498 ]), array([ -6.95418675,   4.14045948, -21.17344872,  -0.66120442]), array([ -2.76902062,   3.4322128 , -21.89107101,   0.38581315]), array([  0.64621536,   2.65317638, -21.55277686,   1.30754786]), array([  3.28541953,   1.16102811, -20.25593087,   0.4830216 ]), array([ 4.42120688e+00,  4.03086641e-03, -1.97849477e+01, -2.14502944e-01]), array([  4.42277352,  -0.436212  , -20.00346859,   0.77580221]), array([  4.03935294,  -0.71467841, -19.17096186,   1.68786863]), array([  3.31270679,  -0.94063997, -17.42506796,   2.36794406]), array([  2.39231134,  -0.99656997, -15.02972637,   2.8487005 ]), array([  1.39240677,  -1.18033654, -12.15162291,   3.31647854]), array([ 0.17857708, -1.35780857, -8.86773281,  3.58356581]), array([ 0.03849491,  0.04108666, -0.08201412,  0.00228368]), array([ 0.00746475,  0.07981819,  0.09809658, -0.00065283]), array([-0.06566172, -0.02579887, -0.0909828 , -0.02670885]), array([0.01558683, 0.0262219 , 0.02425831, 0.0056293 ]), array([ 0.0573533 , -0.05059134, -0.11899476, -0.01792045]), array([-0.08313806, -0.08427298,  0.08711163,  0.03510633]), array([-0.05192093, -0.01429913, -0.09162489, -0.03480613]), array([ 0.0234249 , -0.03087524, -0.05574097,  0.09356176]), array([-0.00270578, -0.006138  ,  0.10524402,  0.05006926]), array([ 0.01756032,  0.02027674,  0.01270188, -0.01796997]), array([-0.05080691,  0.02557947,  0.00529935, -0.04264652]), array([-0.0006438 ,  0.01303537,  0.02876578, -0.08302993]), array([-0.04644042,  0.00815324,  0.00603338,  0.05407251]), array([ 0.02271373, -0.0139383 , -0.07278976,  0.00119229]), array([-0.05380394,  0.02485022, -0.05304955,  0.0645761 ]), array([-0.06654985,  0.01815108, -0.05748488,  0.03360522]), array([-0.05879137, -0.06257631, -0.0081493 ,  0.01506654]), array([-0.05521834,  0.00535412, -0.02860545, -0.01510921]), array([ 0.05183876, -0.05527139, -0.0101927 ,  0.02415416]), array([0.05056627, 0.13140656, 0.04493657, 0.03548632]), array([-0.03748524,  0.06253049, -0.00613386,  0.0130953 ]), array([-0.07394486, -0.03509051, -0.05882615,  0.07145464]), array([ 0.05670602,  0.04582458,  0.03401205, -0.03722029]), array([-0.08641585, -0.06780426, -0.0771772 , -0.00512607]), array([-0.0554609 ,  0.00077242, -0.00957667, -0.03739027]), array([0.00897119, 0.02316155, 0.03700459, 0.0003819 ]), array([-0.0222794 , -0.00332988,  0.00494694, -0.03197381]), array([-0.0327798 ,  0.08523956,  0.00573761, -0.05489527]), array([ 0.03890817, -0.01312706, -0.02018181, -0.07899306]), array([-0.01860936,  0.1088532 ,  0.02114006, -0.0110437 ]), array([ 0.04497682,  0.01002469,  0.0967018 , -0.03257924]), array([ 0.09032237,  0.02395782, -0.06210734,  0.00684554]), array([-0.01401925,  0.06593753, -0.0960389 ,  0.0017373 ]), array([ 0.05464097, -0.00463083, -0.02805417, -0.0649874 ]), array([-0.0587253 ,  0.02141868,  0.0411039 , -0.01325386]), array([ 0.03839504,  0.02967523,  0.02018215, -0.09888258]), array([-0.04249021,  0.01164024, -0.01204715,  0.0383123 ])]

Actions: [array([0.71165823, 1.        ]), array([0.70454585, 1.        ]), array([0.69692899, 1.        ]), array([0.68920914, 1.        ]), array([0.6809176, 1.       ]), array([0.67509927, 1.        ]), array([0.66742355, 1.        ]), array([0.66304196, 1.        ]), array([0.65809631, 1.        ]), array([0.65114425, 1.        ]), array([0.64704623, 1.        ]), array([0.63811503, 1.        ]), array([0.6321237, 1.       ]), array([0.62219547, 1.        ]), array([ 1.        , -0.17079299]), array([ 1.        , -0.25934116]), array([ 1.        , -0.34097093]), array([ 1.        , -0.41742542]), array([ 1.        , -0.48740787]), array([ 1.        , -0.55872526]), array([ 1.        , -0.62623232]), array([ 1.       , -0.6944848]), array([ 1.        , -0.76525971]), array([ 1.        , -0.84213099]), array([ 1.        , -0.93252371]), array([0.45945666, 1.        ]), array([0.38423636, 1.        ]), array([0.32587918, 1.        ]), array([0.2791429, 1.       ]), array([0.24114973, 1.        ]), array([0.20855603, 1.        ]), array([0.17924667, 1.        ]), array([0.15356897, 1.        ]), array([0.13206306, 1.        ]), array([0.11085157, 1.        ]), array([0.09045895, 1.        ]), array([0.0713482, 1.       ]), array([0.05562151, 1.        ]), array([0.03864689, 1.        ]), array([0.02379655, 1.        ]), array([1.        , 0.19524165]), array([1.        , 0.05239007]), array([ 1.        , -0.07204982]), array([ 1.        , -0.18736158]), array([ 1.        , -0.30089941]), array([ 1.        , -0.41979716]), array([ 1.        , -0.55897251]), array([ 1.        , -0.73180423]), array([ 1.        , -0.53597612]), array([ 1.        , -0.62761888]), array([ 1.        , -0.78831024]), array([0.3861139, 1.       ]), array([0.18646087, 1.        ]), array([-0.06059843,  1.        ]), array([-1.        , -0.58786596]), array([-1.        , -0.56081687]), array([-0.38131489,  1.        ]), array([-0.38005713,  1.        ]), array([-0.37901272,  1.        ]), array([-0.37797259,  1.        ]), array([-0.37772235,  1.        ]), array([-0.37924846,  1.        ])]
Bad
Feature: [20, 23, 5385.182652160115]

States: [array([-1.69627384e+02,  6.30915744e-02, -1.30689367e+02,  4.60496653e-01]), array([-169.60287735,    1.03488152, -130.15499816,    0.85067195]), array([-168.64304945,    1.85275416, -129.31855166,    1.283924  ]), array([-166.70268698,    2.53830265, -128.15927818,    1.52255084]), array([-164.16605455,    2.95059648, -126.62477288,    1.69453766]), array([-161.18865646,    3.33574463, -124.95045719,    1.88911808]), array([-157.83640817,    3.65075228, -123.05498812,    2.09149281]), array([-154.15496916,    3.85860986, -120.93274156,    2.22736571]), array([-150.2461114 ,    4.07009852, -118.72736419,    2.34962724]), array([-146.13442849,    4.23340039, -116.39322207,    2.35027477]), array([-141.83089175,    4.40098738, -114.04947376,    2.50190294]), array([-137.53102585,    4.54163218, -111.49817146,    2.5634123 ]), array([-133.06344503,    4.67708445, -109.0492814 ,    2.59003587]), array([-128.41638101,    4.74440211, -106.4650512 ,    2.60538601]), array([-123.64669658,    4.7386173 , -103.91090717,    2.60548674]), array([-118.83003971,    4.7244936 , -101.31415809,    2.67340399]), array([-114.04930692,    4.89870721,  -98.69584303,    2.7436345 ]), array([-109.06269455,    4.82163832,  -95.977843  ,    2.79925807]), array([-104.23621619,    4.84353586,  -93.14160454,    2.9219509 ]), array([-99.33614864,   4.81780138, -90.23581362,   2.92854613]), array([-94.51214472,   4.55398323, -87.30784022,   3.37119282]), array([-89.99751613,   4.42116525, -83.97450942,   3.65748736]), array([-85.62781161,   4.31819846, -80.42885504,   3.96436052]), array([-81.29282644,   4.16085128, -76.40869335,   4.17547004]), array([-77.15486044,   4.02116861, -72.25631014,   4.30021171]), array([-73.13126614,   3.95183907, -67.95617213,   4.45493982]), array([-69.19592009,   4.16822481, -63.48568605,   3.97570043]), array([-65.10182187,   4.2722196 , -59.46932478,   3.57245566]), array([-60.7695428 ,   4.49597591, -55.89887424,   3.2337752 ]), array([-56.28385877,   4.51874934, -52.68539779,   2.91287085]), array([-51.67100863,   4.67182937, -49.78155997,   2.56937443]), array([-47.02061099,   4.67619511, -47.14590674,   2.30808076]), array([-42.31968488,   4.72553652, -44.93770705,   2.01052291]), array([-37.56293728,   4.73021892, -42.93607376,   2.55872747]), array([-32.89132721,   4.81595928, -40.28836259,   3.03340962]), array([-28.03063987,   4.60641682, -37.25251618,   3.32534696]), array([-23.46681103,   4.38737957, -33.92097968,   3.66915526]), array([-19.12623436,   4.09770809, -30.27525987,   4.02409242]), array([-15.00128148,   3.88880946, -26.32093692,   4.24477497]), array([-11.15547822,   3.69693144, -22.0280694 ,   4.25743882]), array([ -7.45573659,   3.44296417, -17.72912374,   4.38008942]), array([ -3.97810275,   3.11957131, -13.33386124,   4.56605343]), array([-0.87510826,  2.77551445, -8.739383  ,  4.7266991 ]), array([ 0.00108466, -0.02245693, -0.01957367,  0.05680937]), array([ 0.04763979, -0.02791634,  0.04212543, -0.08472747]), array([-0.01663181, -0.01411238,  0.01188979, -0.02156415]), array([-4.80870201e-02, -4.91288178e-02, -1.99567517e-02,  6.11132981e-05]), array([-0.01915315, -0.07073148, -0.0230716 ,  0.01893334]), array([ 0.04925337, -0.05148031,  0.07612863, -0.02236707]), array([-0.05948624, -0.00662513,  0.01952155, -0.08906161]), array([ 0.02347564, -0.04365279,  0.00498389,  0.03871478]), array([ 0.03541962, -0.00628813, -0.03805198,  0.01308858]), array([ 0.06467777, -0.00176466,  0.03268104, -0.04512301]), array([ 0.01831336, -0.05839682, -0.02598132, -0.02239859]), array([-0.01201627,  0.03560265, -0.04303484, -0.05910343]), array([-0.0346277 ,  0.06320728, -0.11581297, -0.00870637]), array([ 0.01380123,  0.03388774,  0.07113892, -0.03833214]), array([0.02425506, 0.04112809, 0.04949536, 0.05754478]), array([-0.02621679, -0.00862802, -0.00770277, -0.01868836]), array([ 0.02739302, -0.03489833,  0.0570544 ,  0.05123335]), array([-0.05608543,  0.00710844, -0.03861819,  0.0150014 ]), array([-0.06562305,  0.01348107, -0.02202816,  0.00415075]), array([-0.0511318 ,  0.02985087, -0.02464342,  0.00763415]), array([ 0.0219778 , -0.05482544,  0.04184457, -0.09042887]), array([ 0.007771  , -0.11374187, -0.03297568, -0.10039324]), array([-0.02132295, -0.06974024,  0.04241606,  0.03927262]), array([-0.04939338, -0.06213131, -0.09181241,  0.01185031]), array([1.13125201e-01, 3.68717446e-02, 5.72507035e-02, 9.33232409e-05]), array([-0.09742052, -0.05265217, -0.02659988, -0.09906697]), array([-0.03651554, -0.03715224,  0.02720445,  0.04373772]), array([ 0.0250824 , -0.01419373,  0.00448041, -0.02582783]), array([-0.04598713, -0.02959154,  0.06293644, -0.02925314]), array([ 0.06999674,  0.05535607, -0.0309383 ,  0.0686592 ]), array([ 0.02075222, -0.03190003,  0.03464725,  0.04199602]), array([-0.09173262,  0.01068904, -0.01880405,  0.01565933]), array([ 0.06835618, -0.02025307,  0.01106729, -0.02948134]), array([-0.02406334,  0.00172669, -0.03664657, -0.03997257]), array([ 0.06518489, -0.03643369, -0.04372282, -0.03950988]), array([-0.03103618,  0.05138802,  0.09458109, -0.032253  ]), array([ 0.04938982, -0.01389155,  0.03437184,  0.02022967]), array([ 0.02121552,  0.04773865,  0.03482298, -0.12024478]), array([0.06965103, 0.01512414, 0.01244979, 0.00325209]), array([-0.04455324,  0.0009777 ,  0.01918408,  0.01087102]), array([-0.16206716, -0.00615705,  0.04478817, -0.10702754]), array([-0.01426055, -0.01207847, -0.04106638,  0.04311873]), array([-0.0462966 ,  0.02207568, -0.0375655 , -0.06129388]), array([-0.04865099,  0.02612835, -0.0563268 , -0.07655302]), array([ 0.08829205, -0.03153268, -0.10660017,  0.04162364]), array([ 0.08257974,  0.00674625, -0.00179513,  0.11940445]), array([-0.02802633,  0.04310445,  0.01648852, -0.03381125]), array([-0.04973716, -0.12264934, -0.00569523,  0.04828233]), array([ 0.02719577, -0.04865703,  0.11705534,  0.04604143]), array([ 0.01753553,  0.07060407, -0.00713935, -0.04688337]), array([-0.05100507, -0.0095595 ,  0.03862553, -0.014698  ]), array([ 0.01656888, -0.01644083, -0.04611627, -0.09942153]), array([-0.03982662,  0.00823346,  0.02529722, -0.03006112]), array([-0.02585119, -0.02658624,  0.00466725, -0.0069511 ]), array([-0.01322338, -0.02015695,  0.00317247, -0.02971734]), array([ 0.07889267,  0.0276235 ,  0.06143783, -0.05404595]), array([ 0.08943998,  0.02480337, -0.01830767, -0.12715017])]

Actions: [array([1.        , 0.57820809]), array([1.        , 0.57129868]), array([1.        , 0.56742267]), array([1.        , 0.56661773]), array([1.        , 0.56522614]), array([1.        , 0.56535456]), array([1.        , 0.56535046]), array([1.        , 0.56466625]), array([1.        , 0.56469884]), array([1.        , 0.56446188]), array([1.        , 0.56625987]), array([1.        , 0.56356505]), array([1.       , 0.5653427]), array([1.        , 0.56660227]), array([1.        , 0.57166054]), array([1.        , 0.57805418]), array([1.        , 0.58541213]), array([1.        , 0.59905607]), array([1.        , 0.60460882]), array([0.79132257, 1.        ]), array([0.75756788, 1.        ]), array([0.72952393, 1.        ]), array([0.70306627, 1.        ]), array([0.67926203, 1.        ]), array([0.65701623, 1.        ]), array([1.        , 0.45157737]), array([1.        , 0.40694454]), array([1.        , 0.36516236]), array([1.        , 0.32686279]), array([1.        , 0.29002617]), array([1.        , 0.25345486]), array([1.        , 0.21528366]), array([0.86410698, 1.        ]), array([1.        , 0.98054768]), array([0.78843257, 1.        ]), array([0.72435554, 1.        ]), array([0.6632082, 1.       ]), array([0.60221884, 1.        ]), array([0.53897887, 1.        ]), array([0.4731642, 1.       ]), array([0.38540281, 1.        ]), array([0.26309725, 1.        ])]