
Good
Feature: [19, 18, 4664.049634161345]

States: [array([-1.68973292e+02,  8.22831185e-01, -1.29786407e+02,  4.60346439e-03]), array([-168.17944835,    1.69116964, -129.80977861,    0.94572621]), array([-166.50701405,    2.37945383, -128.87504245,    1.64301429]), array([-164.16093784,    2.99315662, -127.27391283,    2.06314176]), array([-161.06039299,    3.36146323, -125.16527881,    2.55276261]), array([-157.62404058,    3.65395032, -122.67423349,    2.87290649]), array([-153.92927801,    3.99404773, -119.7721035 ,    3.02761021]), array([-149.94994048,    4.22444169, -116.80925583,    3.2226972 ]), array([-145.76280893,    4.43001446, -113.65915845,    3.32739721]), array([-141.33256598,    4.59195052, -110.3342965 ,    3.50802435]), array([-136.73332628,    4.68547348, -106.73713699,    3.6195753 ]), array([-132.1348624 ,    4.77238809, -103.06408168,    3.7202289 ]), array([-127.32518682,    4.828079  ,  -99.26521133,    3.81295316]), array([-122.44789102,    4.86843154,  -95.43592809,    3.87311698]), array([-117.64082335,    4.94341014,  -91.51776861,    4.09548948]), array([-112.67701773,    4.9737627 ,  -87.50519907,    4.16319034]), array([-107.68330745,    4.98987386,  -83.29586286,    4.2864384 ]), array([-102.67847658,    4.96473642,  -78.90896362,    4.29924292]), array([-97.72254913,   4.92559985, -74.61488851,   4.26198735]), array([-92.84476012,   4.98847335, -70.30379451,   4.20053913]), array([-87.82879713,   5.03061079, -66.03085368,   4.18929676]), array([-82.75515319,   5.06746527, -61.77345096,   4.15436259]), array([-77.67356484,   5.11271191, -57.64623529,   3.98845764]), array([-72.54608455,   5.0769067 , -53.7268573 ,   3.73141543]), array([-67.52639146,   5.09469974, -50.00736687,   3.58824788]), array([-62.39662598,   5.14817459, -46.38747405,   3.49971707]), array([-57.27251095,   5.07251   , -42.87432009,   3.49590136]), array([-52.20343242,   5.06892813, -39.34528028,   3.50800214]), array([-47.17011363,   5.02983937, -35.80955665,   3.56632374]), array([-42.07949612,   4.95176198, -32.21942278,   3.608579  ]), array([-37.09384509,   4.99674119, -28.67886506,   3.51554213]), array([-32.09981188,   4.9396189 , -25.1618473 ,   3.57648993]), array([-27.07467826,   4.95009499, -21.55819309,   3.61663746]), array([-22.0900862 ,   5.0751884 , -17.89440455,   3.74785512]), array([-16.93805168,   5.02830869, -14.24301229,   3.78931819]), array([-11.92302332,   4.96749274, -10.41965427,   3.90731392]), array([-6.98955361,  4.93031346, -6.51656634,  4.01409997]), array([-0.0394714 , -0.10240186,  0.05093628, -0.04602692]), array([-0.02453924, -0.0151379 , -0.06451019, -0.04235136]), array([-0.07308838,  0.07079871,  0.01235558, -0.066648  ]), array([-0.03865862, -0.04836689,  0.0458305 , -0.06536921]), array([-0.01305646, -0.04325141, -0.03453581,  0.02042591]), array([ 0.01136889, -0.0606258 , -0.09086718, -0.02485276]), array([-0.10224655,  0.11674697, -0.00670539,  0.05942273]), array([ 0.01050746, -0.03332387,  0.07341259,  0.01159774]), array([ 0.02706803, -0.07755248, -0.01795713, -0.01884279]), array([ 0.02831628, -0.06735788,  0.04852232,  0.04356604]), array([-0.06042898,  0.03121336, -0.03412204,  0.00577744]), array([-0.0085932 , -0.04817731,  0.01123525,  0.06596981]), array([-0.04516262, -0.05775134, -0.05332447,  0.03586706]), array([-0.06445265,  0.03688116,  0.00626107,  0.02533668]), array([ 0.05105544, -0.00602   ,  0.038498  ,  0.03797431]), array([-0.02302391,  0.0458082 , -0.03825278,  0.00128831]), array([ 0.0075611 ,  0.0458641 , -0.0221436 , -0.01434166]), array([-0.03696538,  0.01221479, -0.00015074, -0.09059416]), array([0.04770011, 0.03752515, 0.0134318 , 0.02863031]), array([-0.04764276, -0.02521401, -0.03114269,  0.05042092]), array([ 0.16043452,  0.0140706 ,  0.00971046, -0.01922488]), array([ 0.01893603,  0.02962029, -0.00671375, -0.03510732]), array([-0.05409694, -0.0821912 , -0.01245804, -0.00732268]), array([ 0.07051937,  0.04271756,  0.10176521, -0.07900044]), array([-0.01818785,  0.08332394,  0.03176932,  0.0537632 ]), array([ 0.06473271, -0.00761885, -0.04196495,  0.03903481]), array([-0.03799291,  0.04721142, -0.04673016, -0.01938051]), array([-0.13015469, -0.06359827,  0.08582325,  0.07620697]), array([ 0.02701301, -0.01130746, -0.00605545,  0.00894614]), array([-0.03096584,  0.00737393,  0.03308401,  0.03279683]), array([ 0.07298518, -0.06270404,  0.06013875, -0.02880689]), array([ 0.01633414, -0.01421493,  0.04505854,  0.05565402]), array([-0.05936635,  0.0346429 ,  0.0117466 , -0.09870306]), array([ 0.04120802, -0.01225026,  0.05714035, -0.01118049]), array([0.03003067, 0.02054313, 0.04815345, 0.06399782]), array([-0.0154577 ,  0.09474399, -0.04185382, -0.00524899]), array([-0.00399734, -0.00889407,  0.06809167, -0.00729329]), array([-0.03869589,  0.09162144, -0.00372042,  0.08054878]), array([-0.02097326,  0.06609985, -0.0122762 ,  0.00125648]), array([ 0.00384663, -0.045633  ,  0.0227054 ,  0.005958  ]), array([-0.03191268,  0.07772866, -0.06098718, -0.06072753]), array([-0.02589524, -0.06304027,  0.04430739, -0.0618215 ]), array([ 0.05589798,  0.00427379, -0.00750634,  0.03179553]), array([-0.05168209,  0.02719009, -0.01300697, -0.03803701]), array([0.02312733, 0.07997958, 0.02370132, 0.01919451]), array([-0.0010607 , -0.05744608, -0.06564202, -0.05131385]), array([-0.02834023,  0.11174571,  0.09086482, -0.04116016]), array([-0.06067794,  0.01933347,  0.05656541,  0.02792928]), array([-0.02715886,  0.03221968,  0.09993075,  0.02819314]), array([ 0.10723865, -0.01246441, -0.04982901, -0.01204717]), array([-0.04044077, -0.00014309, -0.04920562, -0.03973782]), array([ 0.04702901, -0.03703544,  0.03904295, -0.0257791 ]), array([ 0.04204783, -0.08709994,  0.02274973,  0.01223813]), array([-0.08055401,  0.06809819, -0.00876958, -0.01907091]), array([ 0.0279379 , -0.02427229,  0.05510989,  0.05415402]), array([-0.02132948,  0.00164664, -0.02412454,  0.08193869]), array([-0.02816392,  0.00754355,  0.01372545, -0.01544238]), array([ 0.05570121, -0.08510738, -0.0492979 , -0.0835465 ]), array([-0.00370403, -0.05440374, -0.01904443, -0.08920993]), array([-0.0532819 ,  0.07391565, -0.06664618,  0.02215848]), array([-0.02318434,  0.07577989, -0.03054254,  0.06430836]), array([-0.02304585, -0.02603789,  0.00229462, -0.04765023]), array([ 0.01198306, -0.00996821,  0.0097357 , -0.00633186])]

Actions: [array([1.        , 0.83177555]), array([1.        , 0.83588402]), array([1.        , 0.83869599]), array([1.        , 0.84095305]), array([1.        , 0.84408438]), array([1.        , 0.79824501]), array([1.        , 0.79855189]), array([1.        , 0.79998612]), array([1.        , 0.80135645]), array([1.        , 0.80295245]), array([1.        , 0.80365389]), array([1.        , 0.80382449]), array([1.        , 0.80435337]), array([1.        , 0.90810554]), array([1.        , 0.91194681]), array([1.        , 0.91656027]), array([1.        , 0.92001436]), array([1.       , 0.7730462]), array([1.        , 0.76830232]), array([1.        , 0.76222405]), array([1.        , 0.75709616]), array([1.        , 0.75205868]), array([1.        , 0.59841065]), array([1.        , 0.58665677]), array([1.        , 0.57516088]), array([1.        , 0.74300618]), array([1.       , 0.7482034]), array([1.        , 0.75332126]), array([1.        , 0.75882808]), array([1.        , 0.76541767]), array([1.        , 0.77298592]), array([1.        , 0.78391405]), array([1.        , 0.79663208]), array([1.        , 0.81097934]), array([1.        , 0.84339276]), array([1.        , 0.87954663])]
Bad
Feature: [19, 19, 4692.766612113962]

States: [array([-170.33028826,    1.58735202, -132.5378854 ,    0.56526437]), array([-168.70180138,    2.25250261, -131.95444508,    1.23536953]), array([-166.54734796,    2.84803235, -130.68937512,    1.92390906]), array([-163.75096782,    3.31750133, -128.74453374,    2.43347098]), array([-160.44246453,    3.7049052 , -126.32835075,    2.75006125]), array([-156.80016541,    3.94739566, -123.54188898,    3.00603298]), array([-152.92852025,    4.18304655, -120.51693042,    3.23354972]), array([-148.69049964,    4.35513662, -117.34404843,    3.31304932]), array([-144.29356103,    4.52482018, -114.02518752,    3.36652818]), array([-139.72760631,    4.64816589, -110.70425077,    3.43946654]), array([-135.1105632 ,    4.73284776, -107.18930939,    3.5713398 ]), array([-130.32702609,    4.82716219, -103.61572827,    3.62375244]), array([-125.57852832,    4.8509343 ,  -99.95237035,    3.68236717]), array([-120.76397618,    4.86975636,  -96.24632131,    3.74884023]), array([-115.8620462 ,    4.85365071,  -92.54781069,    3.83128009]), array([-110.97151619,    4.84409095,  -88.72112096,    3.88241934]), array([-106.10962625,    4.97160687,  -84.82952715,    3.80908227]), array([-101.2379177 ,    4.96180554,  -80.91942094,    3.90481147]), array([-96.2865916 ,   4.8883546 , -77.07534482,   3.87947285]), array([-91.37567238,   4.92200325, -73.1283209 ,   3.91356925]), array([-86.41708334,   4.95199289, -69.24152458,   3.91997423]), array([-81.45530181,   4.98294894, -65.33985568,   3.97087618]), array([-76.53444227,   5.03275993, -61.33571964,   3.95976394]), array([-71.45935708,   4.9910596 , -57.35151609,   3.92466964]), array([-66.46984059,   4.949592  , -53.4384029 ,   3.96438644]), array([-61.57038501,   4.91318872, -49.444241  ,   3.94229701]), array([-56.67543391,   4.92383339, -45.46208638,   3.86444551]), array([-51.75747272,   4.87228013, -41.65183673,   3.73703544]), array([-46.91520007,   4.86486409, -37.93300412,   3.77223991]), array([-42.04158383,   4.87321758, -34.15069133,   3.75555816]), array([-37.15715372,   4.86575856, -30.36411102,   3.73759722]), array([-32.27571311,   4.90998762, -26.53176653,   3.70788179]), array([-27.36850405,   5.07050421, -22.83215441,   3.83565855]), array([-22.25089521,   5.07797429, -18.87864067,   3.83278964]), array([-17.11607955,   5.04718984, -15.09337959,   3.89556921]), array([-12.05950077,   5.05874005, -11.26678242,   3.94457943]), array([-6.97780937,  5.03590863, -7.3201267 ,  4.00665718]), array([-1.90317232,  5.0606504 , -3.34296774,  4.06397342]), array([-0.03455965, -0.05339859,  0.1025904 ,  0.01323797]), array([-0.00098989, -0.04932391, -0.02500749,  0.03935071]), array([-0.07504839, -0.01772958,  0.07931225,  0.10794103]), array([-0.06427511,  0.03470948,  0.08428538,  0.03753557]), array([ 0.01942182,  0.01271269, -0.04197945, -0.00899726]), array([ 0.01103558, -0.04017742,  0.12254375, -0.10349536]), array([ 0.04708907,  0.03755432,  0.05339132, -0.03295066]), array([-0.12478781, -0.10554191, -0.01155041, -0.00471824]), array([-0.10875748, -0.01174807, -0.08140647, -0.01692861]), array([-0.07716366, -0.08930172, -0.07966335,  0.00422199]), array([-0.03128199,  0.00378111,  0.06038937, -0.03053901]), array([ 0.02762299,  0.04400647, -0.08453287, -0.02451464]), array([ 0.0770219 ,  0.01796486, -0.06505475, -0.00998856]), array([-0.0027178 , -0.01801106,  0.00054465,  0.04542173]), array([ 0.05348642, -0.07295735,  0.05523182, -0.02486965]), array([0.01244917, 0.02794823, 0.01924406, 0.0239704 ]), array([ 0.06448204,  0.00850345, -0.05876129,  0.02714739]), array([ 0.06564718, -0.03055831, -0.05078837, -0.02310911]), array([-0.05146441,  0.00186047, -0.07912246, -0.01954354]), array([ 0.02219644, -0.03879351, -0.0393305 ,  0.07419469]), array([-0.02944335, -0.02289542,  0.03586639,  0.03712559]), array([0.06363043, 0.07545219, 0.01693807, 0.02416772]), array([-0.07393473,  0.09877521, -0.06752142,  0.03134287]), array([-0.04116532, -0.04990694,  0.01949053, -0.01312138]), array([-0.03713576, -0.03742839,  0.03065385, -0.07738891]), array([ 0.0391255 ,  0.08156735, -0.04631329,  0.00911438]), array([-0.0103706 , -0.05542934,  0.03367021,  0.05922411]), array([-0.01650514,  0.01146165, -0.03433433, -0.02403052]), array([0.01870134, 0.04926125, 0.08698837, 0.06491715]), array([-0.11713236, -0.10598539,  0.00685701, -0.05250153]), array([-0.08736358, -0.01833701, -0.02855238, -0.00890908]), array([ 0.07499018, -0.01418441,  0.03265712, -0.06941572]), array([ 0.01492421, -0.02152528,  0.01647119, -0.04605249]), array([ 0.04716947,  0.00042776, -0.05466871, -0.04075228]), array([-0.06360118, -0.06783317, -0.04626863,  0.04296076]), array([ 0.02150543, -0.03768254, -0.02072646,  0.03250358]), array([0.04738977, 0.00267359, 0.0276932 , 0.05673922]), array([ 0.02230785, -0.0213057 ,  0.00052557,  0.00184917]), array([0.04523121, 0.0021562 , 0.07507828, 0.00991671]), array([-0.02752575,  0.01174413, -0.01583282, -0.06230957]), array([-0.00478871,  0.05047648,  0.13601224, -0.03520946]), array([-0.08814074,  0.00085902,  0.05050998,  0.02162595]), array([-0.06575634,  0.00260991, -0.03834987, -0.08938825]), array([ 0.04452414, -0.03477145,  0.00567413,  0.04316136]), array([ 0.07542631,  0.09968608, -0.04864865, -0.00381399]), array([ 0.0742153 , -0.02430328, -0.00191425, -0.03404717]), array([-0.0748362 ,  0.03603455,  0.06683008,  0.01665225]), array([-0.01234091,  0.07810105, -0.03075466,  0.03636014]), array([ 0.00851689,  0.02339146, -0.00220886,  0.02373731]), array([0.04194642, 0.01135348, 0.01933168, 0.05338589]), array([ 0.00062113, -0.05507282,  0.05421432,  0.08832953]), array([ 0.01255716,  0.07005833,  0.10492463, -0.10021331]), array([ 0.03280827, -0.03312028,  0.0555864 ,  0.00958564]), array([ 0.02755522,  0.08819037, -0.02795   , -0.05277368]), array([-0.0595034 , -0.04524354, -0.00889815, -0.03954254]), array([-0.00399317, -0.05054161, -0.0733352 ,  0.02386431]), array([ 0.0178031 ,  0.02107183, -0.04352057, -0.04122443]), array([ 0.07883886, -0.01938694,  0.00284387,  0.03601057]), array([-0.03353718, -0.10871723,  0.06605271, -0.01469952]), array([-0.02327772, -0.03308296, -0.13115262, -0.11627775]), array([-0.02303984,  0.09074255, -0.05838253, -0.04625244]), array([ 0.040837  ,  0.01695807,  0.00819511, -0.08093813])]

Actions: [array([1.        , 0.77533392]), array([1.        , 0.77938941]), array([1.        , 0.78189421]), array([1.        , 0.77363852]), array([1.        , 0.77451524]), array([1.       , 0.7747313]), array([1.        , 0.77456807]), array([1.      , 0.775291]), array([1.        , 0.78138654]), array([1.        , 0.78314121]), array([1.        , 0.78388248]), array([1.        , 0.78522432]), array([1.        , 0.78574025]), array([1.        , 0.78637238]), array([1.        , 0.78770987]), array([1.        , 0.78793887]), array([1.        , 0.78737168]), array([1.        , 0.78664495]), array([1.        , 0.78716802]), array([1.        , 0.78628736]), array([1.        , 0.78642562]), array([1.        , 0.78643052]), array([1.        , 0.78469822]), array([1.        , 0.78467345]), array([1.        , 0.78470353]), array([1.        , 0.78231155]), array([1.        , 0.77966022]), array([1.        , 0.78011727]), array([1.        , 0.78134386]), array([1.        , 0.78194069]), array([1.        , 0.78280028]), array([1.        , 0.78246463]), array([1.        , 0.78741254]), array([1.        , 0.79069532]), array([1.        , 0.80590894]), array([1.        , 0.82501737]), array([1.        , 0.85603515])]