
Good
Feature: [27, 24, 6539.3728002569205]

States: [array([-170.77956538,   -2.11876706, -129.66113257,   -0.3753986 ]), array([-1.72846805e+02, -6.31761989e-01, -1.29979292e+02, -1.53783802e-01]), array([-1.73442930e+02,  4.99117931e-01, -1.30161124e+02, -2.14203540e-02]), array([-1.72926305e+02,  1.40865881e+00, -1.30089878e+02,  1.21079620e-01]), array([-171.56783525,    2.18860423, -129.96143805,    0.31885856]), array([-169.36937562,    2.78357866, -129.72971654,    0.30007883]), array([-166.60000789,    3.3057013 , -129.35189258,    0.34589397]), array([-163.30786546,    3.57410796, -129.08533881,    0.74664041]), array([-159.69816463,    3.84098854, -128.34269706,    1.13189897]), array([-155.79701565,    4.10111964, -127.16150079,    1.75233428]), array([-151.73014046,    4.31226522, -125.42599301,    2.19294844]), array([-147.43954867,    4.26812262, -123.2587285 ,    2.65740077]), array([-143.1316734 ,    4.22041621, -120.57439404,    3.11249111]), array([-138.94654205,    3.9845431 , -117.54660735,    3.42889955]), array([-135.02313849,    3.80387557, -114.16911452,    3.83912978]), array([-131.24613135,    3.83638786, -110.22360702,    4.14469132]), array([-127.35854036,    3.80747241, -106.08295138,    4.35355744]), array([-123.60120072,    3.89666121, -101.73383243,    4.50191432]), array([-119.72612208,    4.14016337,  -97.25705061,    3.5222093 ]), array([-115.54320423,    4.30327329,  -93.68769243,    2.63704859]), array([-111.26610776,    4.47106138,  -91.09184016,    1.87774216]), array([-106.79485787,    4.55717612,  -89.23802815,    1.40058114]), array([-102.23326017,    4.65692822,  -87.82679167,    0.80993696]), array([-97.53474741,   4.6567363 , -86.96632012,   0.19542884]), array([-92.86901299,   4.78225433, -86.6739306 ,  -0.27307668]), array([-87.96691607,   4.90071534, -86.9458528 ,  -0.87154849]), array([-83.17688149,   4.69408902, -87.79870345,   0.28201762]), array([-78.4782111 ,   4.30736084, -87.47940324,   1.23685046]), array([-74.19137668,   3.98388993, -86.24199451,   1.97425294]), array([-70.19170875,   3.5145553 , -84.19580927,   2.63459451]), array([-66.66933427,   3.13768673, -81.63873561,   3.13206629]), array([-63.57812421,   2.76060873, -78.50503213,   3.54117109]), array([-60.71934007,   2.35345106, -74.90239038,   3.85171645]), array([-58.35837795,   2.02841083, -71.01202493,   4.1589451 ]), array([-56.42401174,   1.84724672, -66.85792986,   4.26188696]), array([-54.58648474,   1.68241149, -62.57886005,   4.47785036]), array([-52.92964602,   1.94849606, -58.18057418,   4.63199828]), array([-51.0448072 ,   2.13494606, -53.54752891,   4.63632999]), array([-48.8509164 ,   2.30676592, -48.91947714,   4.67816093]), array([-46.53934112,   2.80259951, -44.25286784,   4.77926703]), array([-43.71572611,   2.64615307, -39.5436338 ,   4.78942283]), array([-41.05346005,   2.49416547, -34.72633653,   4.82303424]), array([-38.51097464,   3.01263161, -29.90513744,   4.58603521]), array([-35.49462145,   3.38161599, -25.37647777,   4.24648408]), array([-32.13362921,   3.65361075, -21.16070089,   3.93284165]), array([-28.55442485,   3.93472363, -17.25973344,   3.47485737]), array([-24.6548122 ,   4.11950056, -13.80087013,   3.03429621]), array([-20.58527658,   4.33088918, -10.69348048,   2.6290662 ]), array([-16.21358083,   4.47885768,  -8.17744962,   2.02267017]), array([-11.8007157 ,   4.53947676,  -6.16486556,   1.35721019]), array([-7.23757181,  4.65082663, -4.83017825,  0.54805233]), array([ 0.04338119,  0.0491788 ,  0.0361216 , -0.03589191]), array([0.03557215, 0.00442094, 0.00880378, 0.03558682]), array([ 0.00612572, -0.01562314, -0.12224244, -0.04137106]), array([ 0.02971559,  0.01355114, -0.02884128,  0.00758193]), array([-0.0257604 , -0.04519785, -0.03177768,  0.02204278]), array([ 0.0989765 ,  0.03159944,  0.01010985, -0.01839208]), array([0.04429487, 0.05487744, 0.01177302, 0.0141484 ]), array([ 0.04763368,  0.01988822, -0.03207833, -0.01940441]), array([ 0.01796017, -0.04104922, -0.04319658, -0.00457553]), array([-0.15752231, -0.09013032, -0.11405777, -0.06883622]), array([-0.03074   ,  0.04081032, -0.06968135,  0.02436856]), array([0.062595  , 0.03471889, 0.08621134, 0.01945371]), array([0.02963733, 0.06525058, 0.0243031 , 0.11413549]), array([ 0.03719439, -0.01983222,  0.04934359,  0.02112293]), array([-0.01886583,  0.0531446 ,  0.03392638, -0.00082578]), array([ 0.02002036, -0.01164975, -0.02492592, -0.04243645]), array([ 0.08556481,  0.02204142, -0.0283982 ,  0.04627547]), array([ 0.01021199, -0.06487329,  0.01082279,  0.01405477]), array([-0.00926177, -0.01322157,  0.09777005,  0.02609828]), array([-0.0372762 , -0.03949613,  0.04624013, -0.0449401 ]), array([-0.0512646 , -0.02703938,  0.00987931, -0.04588485]), array([ 0.02582644,  0.10450309, -0.10669472,  0.07636042]), array([-0.04627737,  0.0874622 ,  0.00420561,  0.0459187 ]), array([ 0.00423031,  0.03753518, -0.05268712,  0.0044984 ]), array([ 0.03495589, -0.02942936,  0.02034346, -0.01622277]), array([ 0.03750226,  0.00718767, -0.03481312, -0.04634133]), array([ 0.08988982, -0.0335869 , -0.11785545, -0.00384349]), array([-0.12502859,  0.0617371 , -0.00273126, -0.02189162]), array([-0.0659383 , -0.05731606, -0.04395511, -0.01023376]), array([ 0.04994656,  0.00100949, -0.05586202, -0.02222246]), array([ 0.01819209, -0.01792072,  0.01949685,  0.06789807]), array([ 0.01072035, -0.02129225, -0.07093473,  0.08844381]), array([-0.02879013, -0.05217166,  0.01678865,  0.10305287]), array([ 0.06162114, -0.05109423,  0.0668475 ,  0.00587086]), array([ 0.01220312,  0.06075862, -0.07312836,  0.04269253]), array([ 0.08146398, -0.07300548, -0.0455518 ,  0.00043911]), array([-0.017608  ,  0.06064174,  0.04115276,  0.00844862]), array([-0.0830816 ,  0.04274387, -0.05194076,  0.0478328 ]), array([-5.86488321e-05, -1.91197616e-02, -1.36905743e-02, -2.52154959e-02]), array([ 0.03888516,  0.01491225, -0.04619449, -0.04422507]), array([-0.01028932, -0.02757041,  0.02710904,  0.03959917]), array([ 0.045313  ,  0.10604615,  0.01417469, -0.01602175]), array([-0.02678312, -0.05964784, -0.01934082, -0.02409296]), array([-0.01475003,  0.03505395, -0.08362409, -0.00230151]), array([0.11565139, 0.01670259, 0.04054315, 0.00253227]), array([-0.07089803, -0.01348079, -0.00040641,  0.0751272 ]), array([-0.02109232,  0.09764418, -0.01980615,  0.02304677]), array([-0.06499999, -0.08677941, -0.00277542, -0.07190616]), array([-0.08463607,  0.02290056, -0.08937028, -0.02510702])]

Actions: [array([1.        , 0.05845529]), array([1.        , 0.06581283]), array([1.        , 0.20525518]), array([1.        , 0.20613788]), array([1.        , 0.11371913]), array([1.        , 0.11412938]), array([1.        , 0.46673134]), array([1.       , 0.5191879]), array([1.        , 0.81085685]), array([1.        , 0.86607127]), array([0.84568051, 1.        ]), array([0.77762792, 1.        ]), array([0.71120974, 1.        ]), array([0.62600087, 1.        ]), array([0.79517414, 1.        ]), array([0.76849306, 1.        ]), array([0.86172161, 1.        ]), array([ 1.        , -0.06485769]), array([ 1.        , -0.14333214]), array([ 1.        , -0.21768738]), array([ 1.        , -0.13762431]), array([ 1.        , -0.35196878]), array([ 1.        , -0.42252435]), array([ 1.        , -0.49729542]), array([ 1.        , -0.57553402]), array([0.71046582, 1.        ]), array([0.59586409, 1.        ]), array([0.49945867, 1.        ]), array([0.41887478, 1.        ]), array([0.34660103, 1.        ]), array([0.28218746, 1.        ]), array([0.22378908, 1.        ]), array([0.16375205, 1.        ]), array([0.27065312, 1.        ]), array([0.24812995, 1.        ]), array([0.55470762, 1.        ]), array([0.58083444, 1.        ]), array([0.61265798, 1.        ]), array([0.91802838, 1.        ]), array([0.3843308, 1.       ]), array([0.35773471, 1.        ]), array([1.        , 0.71690019]), array([1.        , 0.61762728]), array([1.        , 0.51958178]), array([1.        , 0.41594103]), array([1.        , 0.29680667]), array([1.        , 0.15603217]), array([ 1.        , -0.07704908]), array([ 1.        , -0.27462436]), array([ 1.        , -0.59621786])]
Bad
Feature: [20, 20, 5218.580657930796]

States: [array([-169.55633679,   -1.20245579, -130.18139508,   -0.92003504]), array([-1.70766873e+02,  9.60479983e-02, -1.30998990e+02,  9.06443933e-02]), array([-170.67790295,    1.04293308, -130.90156729,    0.78601481]), array([-169.64209646,    1.82290061, -130.11452628,    1.41946816]), array([-167.8267004 ,    2.53090254, -128.67000143,    1.84983247]), array([-165.29574675,    3.03899465, -126.84420568,    2.25134721]), array([-162.29572542,    3.49271826, -124.64462335,    2.56616964]), array([-158.74562229,    3.77927744, -122.04598368,    2.89764564]), array([-154.992987  ,    4.00702678, -119.11534137,    3.11628734]), array([-150.94547377,    4.11581891, -115.99523367,    3.22663818]), array([-146.69454504,    4.36601577, -112.83010317,    3.32141758]), array([-142.31902494,    4.41297441, -109.46730933,    3.46202969]), array([-137.96208198,    4.51500882, -105.87578574,    3.55018669]), array([-133.39546343,    4.5810936 , -102.29794102,    3.58980403]), array([-128.82559314,    4.57169012,  -98.68583638,    3.62081375]), array([-124.14921764,    4.62026183,  -95.12487174,    3.7243584 ]), array([-119.54236618,    4.69843548,  -91.35520595,    3.74354795]), array([-114.91651804,    4.70571734,  -87.62833344,    3.72827146]), array([-110.21130031,    4.72064308,  -83.93880288,    3.65454588]), array([-105.55267144,    4.80794301,  -80.32534261,    3.62313403]), array([-100.76416765,    4.89119368,  -76.7158725 ,    3.71259833]), array([-95.83164198,   4.86037622, -73.02693893,   3.74397776]), array([-91.08178192,   4.88075812, -69.24283406,   3.78275294]), array([-86.21798232,   4.88772591, -65.4673672 ,   3.92286143]), array([-81.31550477,   4.90314658, -61.4528257 ,   3.93573101]), array([-76.45246399,   4.85996184, -57.45115683,   3.90901371]), array([-71.50444261,   4.88738432, -53.43693061,   3.86695945]), array([-66.62440502,   4.88886233, -49.52957938,   3.80034266]), array([-61.7528433 ,   4.86838658, -45.69443047,   3.72107558]), array([-56.87709235,   4.94197202, -41.96950614,   3.71832318]), array([-51.96464907,   4.96308252, -38.33907942,   3.78506683]), array([-47.02022165,   4.86047695, -34.62838462,   3.88750783]), array([-42.20487362,   4.90435683, -30.82596033,   3.90882157]), array([-37.20680002,   4.83083478, -26.9477866 ,   3.86223799]), array([-32.40068957,   4.85106602, -23.03942143,   3.90739797]), array([-27.58800551,   4.91368146, -19.11929094,   3.87273849]), array([-22.74567066,   4.97898155, -15.26970752,   3.93671148]), array([-17.74182121,   4.92612302, -11.38341186,   3.83230744]), array([-12.77000866,   4.93050728,  -7.4884011 ,   3.84104083]), array([-7.88207385,  4.97624862, -3.60968116,  3.77038689]), array([ 0.04440424,  0.01030666, -0.03096236,  0.07280872]), array([ 0.07202899, -0.05964163,  0.09533421, -0.03569806]), array([ 0.05151707, -0.02564267, -0.00320296, -0.02996672]), array([ 0.02198635,  0.07452126, -0.09285367,  0.03494903]), array([-0.01233845, -0.02399215,  0.02570058,  0.02944775]), array([-0.03339363, -0.04313979,  0.00450116, -0.05686421]), array([-0.00024765, -0.15517125,  0.08057394, -0.06668906]), array([ 0.00210269,  0.02619273,  0.00267892, -0.0065814 ]), array([ 0.02255623, -0.00469182, -0.00492843, -0.03110956]), array([-3.85011291e-02,  8.62619636e-03, -5.79761595e-05,  8.92750955e-02]), array([-0.04095403, -0.05584991, -0.00752323, -0.0639596 ]), array([ 0.00761595, -0.02145025, -0.04297669,  0.00855369]), array([ 0.06633228, -0.08322273, -0.06666223,  0.08644653]), array([ 0.00295078, -0.04425966, -0.04757816,  0.08535888]), array([ 0.0353581 ,  0.0045971 , -0.05046595, -0.02690562]), array([ 0.01144241, -0.01427532, -0.02015769, -0.00863522]), array([ 0.01968672, -0.0635151 ,  0.01977133,  0.0473614 ]), array([-0.02582237, -0.02501679, -0.08317429,  0.05002825]), array([-0.03230188,  0.05144932,  0.06107709,  0.04396274]), array([0.00308664, 0.01936734, 0.01844745, 0.08990143]), array([-0.12905699,  0.07017359, -0.05693341, -0.04820681]), array([ 0.00014067, -0.02580579, -0.03507364, -0.03143482]), array([-0.01517089,  0.03859669, -0.01715609, -0.02593621]), array([-0.00048212, -0.03053515,  0.00260769, -0.0310599 ]), array([-0.05571905, -0.01275383,  0.00594599, -0.00906533]), array([-0.0331982 ,  0.03672162,  0.05954255, -0.05067259]), array([-0.02105949,  0.00271871,  0.07617891, -0.00264704]), array([ 0.01936486, -0.03839124,  0.06137912, -0.04366057]), array([ 0.05658626,  0.02876789,  0.04689525, -0.09014588]), array([-0.02606979,  0.01540136, -0.0114145 , -0.04118267]), array([ 0.02069055,  0.0473588 , -0.02643684,  0.07810051]), array([ 0.04995162,  0.0327911 , -0.08589982,  0.01758282]), array([-0.0247188 ,  0.02415118, -0.00984352, -0.03582968]), array([-0.01846988, -0.0717718 , -0.11120233,  0.06664053]), array([-0.01311587,  0.06931978, -0.01257778,  0.11397804]), array([ 0.02850764,  0.0230919 ,  0.02542755, -0.0042043 ]), array([ 0.02815027,  0.00876543, -0.03422288, -0.01917134]), array([ 0.01048231, -0.0088186 ,  0.01288234,  0.04109365]), array([-0.01534679,  0.06053443, -0.00978757, -0.00907403]), array([ 0.02737976, -0.01813365,  0.07210159,  0.03823393]), array([ 0.02438185, -0.02786123,  0.06265122, -0.0360557 ]), array([-0.0196874 , -0.05097174,  0.03601135,  0.0386234 ]), array([ 0.01295535,  0.10088171, -0.06568693, -0.02123382]), array([-0.11621272, -0.06220475, -0.04604764,  0.04193655]), array([-0.0221009 , -0.03056986,  0.0223066 ,  0.02337601]), array([ 0.01273658, -0.01953076, -0.06627401,  0.05637691]), array([ 0.09119609, -0.02473946,  0.05488906,  0.0457852 ]), array([ 0.00869852,  0.01806527, -0.09457564,  0.08285005]), array([-0.04118076,  0.01703041,  0.01463765,  0.01034757]), array([-0.04644118,  0.00521018, -0.01670812,  0.01857897]), array([ 0.01561964,  0.02986128, -0.02342226,  0.00773681]), array([ 0.07872149, -0.06052583, -0.035853  ,  0.03081253]), array([-0.00647796,  0.15327053,  0.05690445, -0.03487652]), array([ 0.07554561, -0.06285287,  0.05523531, -0.02248057]), array([ 0.07525931, -0.00504602,  0.03162548, -0.03757456]), array([ 0.010607  , -0.00079406, -0.05039558,  0.02174548]), array([-0.02811992, -0.05292221, -0.02145316,  0.03934371]), array([ 0.04021601,  0.00125939, -0.00750722, -0.05031651]), array([ 0.14641044, -0.10585252,  0.0195987 , -0.01043998]), array([0.05591656, 0.07830019, 0.00127818, 0.00843038])]

Actions: [array([1.        , 0.75429068]), array([1.       , 0.7805674]), array([1.        , 0.78040439]), array([1.       , 0.7805293]), array([1.        , 0.78036603]), array([1.        , 0.78126396]), array([1.        , 0.78214746]), array([1.       , 0.7832625]), array([1.        , 0.78331801]), array([1.        , 0.78364971]), array([1.        , 0.78477479]), array([1.        , 0.78527039]), array([1.        , 0.78404553]), array([1.        , 0.78406482]), array([1.        , 0.78384113]), array([1.        , 0.78467705]), array([1.       , 0.7833925]), array([1.        , 0.78250337]), array([1.        , 0.78243426]), array([1.        , 0.78273108]), array([1.        , 0.78409415]), array([1.        , 0.78593991]), array([1.        , 0.78538573]), array([1.        , 0.78589616]), array([1.        , 0.78393048]), array([1.        , 0.78148367]), array([1.        , 0.77944883]), array([1.        , 0.77791548]), array([1.        , 0.77719004]), array([1.       , 0.7783048]), array([1.        , 0.78195143]), array([1.        , 0.78519542]), array([1.       , 0.7846987]), array([1.        , 0.78584688]), array([1.       , 0.7819037]), array([1.        , 0.77639916]), array([1.        , 0.77260067]), array([1.        , 0.77151352]), array([1.        , 0.76719861])]