
Good
Feature: [23, 20, 5344.359876317368]

States: [array([-169.59995646,    1.8270771 , -131.41497663,    0.25627381]), array([-167.79279324,    2.50033916, -131.15868306,    0.78291707]), array([-165.23559403,    3.09702405, -130.33645716,    0.77198415]), array([-162.11397459,    3.39499835, -129.53587709,    0.76359968]), array([-158.68244187,    3.69916808, -128.72182716,    0.85321741]), array([-155.07162313,    3.94488176, -127.87808993,    1.12335114]), array([-151.02762835,    4.12651929, -126.72195375,    1.41893087]), array([-146.87543363,    4.30763994, -125.31336388,    1.92722427]), array([-142.60331011,    4.48345105, -123.40931004,    2.34686102]), array([-138.1267719 ,    4.56610958, -121.16742845,    2.82427724]), array([-133.54553447,    4.55594962, -118.31600404,    3.28815752]), array([-128.88622325,    4.48305594, -115.04518901,    3.63219139]), array([-124.34675522,    4.31830387, -111.49352951,    3.93772858]), array([-119.96603621,    4.41436551, -107.61052921,    3.94272321]), array([-115.56110761,    4.58758375, -103.63003478,    3.88182156]), array([-110.89970888,    4.69935925,  -99.8184544 ,    3.05287784]), array([-106.23549919,    4.74472571,  -96.70766147,    2.39154395]), array([-101.56073045,    4.7071738 ,  -94.44659517,    1.9871461 ]), array([-96.90484693,   4.72753683, -92.42498528,   1.58052085]), array([-92.15044681,   4.87487428, -90.83415935,   1.22774731]), array([-87.28065262,   4.92850412, -89.59233271,   0.95186394]), array([-82.36093498,   4.9179333 , -88.58179638,   1.20871888]), array([-77.52645439,   4.9227517 , -87.38735644,   1.8001502 ]), array([-72.63675744,   4.88600063, -85.65551459,   2.38032627]), array([-67.83592725,   4.57195045, -83.25112818,   2.83521789]), array([-63.21319543,   4.0263084 , -80.41869693,   3.19369105]), array([-59.2343923 ,   3.58677299, -77.22407274,   3.61913811]), array([-55.65470701,   3.08273859, -73.56605265,   3.93226852]), array([-52.63928553,   3.06921834, -69.67838007,   4.18287341]), array([-49.54535205,   2.97663148, -65.54352646,   4.4275262 ]), array([-46.56270828,   3.10991288, -61.08956749,   4.58396486]), array([-43.47618855,   3.2605138 , -56.47027995,   4.61495236]), array([-40.30966078,   3.30816338, -51.83104791,   4.71552587]), array([-36.96892509,   3.37464573, -47.07399245,   4.6755005 ]), array([-33.68834164,   3.5253203 , -42.40447229,   4.81115755]), array([-30.14291503,   3.62421579, -37.63552448,   4.94142843]), array([-26.43304219,   2.58185772, -32.66478849,   4.91157823]), array([-23.85026032,   2.91924484, -27.71163473,   4.87124869]), array([-20.97349223,   3.29643897, -22.85450856,   4.82565028]), array([-17.57318394,   3.6576164 , -17.96696724,   4.80489264]), array([-13.97701431,   3.93650952, -13.15418746,   4.73671536]), array([-10.08320586,   4.18440813,  -8.53083409,   4.56478709]), array([-5.89069076,  4.29559907, -3.99963819,  4.31017326]), array([-0.03143309, -0.03234317,  0.03393888, -0.03875259]), array([ 0.09368651,  0.00772367,  0.01899454, -0.02355221]), array([-0.08687042,  0.0047606 , -0.03666264,  0.04453165]), array([ 0.00955426, -0.08343199, -0.06463096,  0.04691674]), array([ 0.05305354,  0.02030174,  0.04654754, -0.01806741]), array([-0.13615932, -0.07728391,  0.03855336,  0.04166915]), array([-0.00401196, -0.04018179, -0.04697525, -0.04450183]), array([-0.10706323,  0.0011304 ,  0.01499244,  0.02742811]), array([ 0.04230032, -0.00469067,  0.01647342,  0.06138054]), array([-0.08876822, -0.07957587, -0.06051226, -0.05184622]), array([ 0.02369447, -0.07061521, -0.11411952, -0.03930002]), array([ 0.07206558, -0.01594626,  0.08563055,  0.00773602]), array([ 0.03563607,  0.06997484, -0.02155675,  0.00399478]), array([-0.09837082, -0.07380929,  0.03180714, -0.03021796]), array([-0.07511335, -0.0665275 ,  0.07651553,  0.07051544]), array([-0.00547947,  0.0577414 ,  0.0671271 , -0.03884587]), array([ 0.00993194, -0.05553282, -0.01842712,  0.04623524]), array([-0.00194506, -0.04340758, -0.09378519, -0.00485926]), array([-0.04275397,  0.03938159,  0.00033079, -0.00050272]), array([-7.26468892e-02, -2.56869374e-02, -2.17758977e-04,  5.97496440e-05]), array([ 0.09417159,  0.05629298, -0.10100067, -0.02938367]), array([ 0.13608505, -0.08356708, -0.03132006,  0.05228596]), array([ 0.08284513, -0.11428421,  0.0253173 , -0.02597648]), array([-0.10397397, -0.03040384, -0.00266747,  0.00500737]), array([-0.01185895, -0.02602302, -0.07071662,  0.00209884]), array([ 0.02925272,  0.00858169, -0.0005229 , -0.04390317]), array([ 0.01375138,  0.01665482, -0.04840939, -0.02242747]), array([ 0.00028475, -0.02610379, -0.02086262,  0.08520412]), array([ 0.00971685, -0.10323479,  0.00855865,  0.01850989]), array([-0.03447373, -0.03431441, -0.00667146,  0.07564213]), array([-0.00094006,  0.06943236, -0.05708398, -0.06738312]), array([ 0.05766628,  0.06797647, -0.01327492,  0.06108759]), array([ 0.01539306, -0.08633035,  0.12437936, -0.0099942 ]), array([-0.00391535,  0.04130017, -0.01446683, -0.00014311]), array([-0.00460018,  0.07348797,  0.00903695,  0.060056  ]), array([ 0.09434875, -0.05613745,  0.00336619,  0.09311059]), array([-0.06755466, -0.0564524 ,  0.03153749, -0.05521031]), array([ 0.05641588, -0.05130418,  0.05343254, -0.00993799]), array([ 0.0057946 , -0.01728245,  0.08274317, -0.00314807]), array([ 0.02918842, -0.04186068,  0.00473537, -0.04987268]), array([ 0.02367252,  0.06571626,  0.05491387, -0.01888701]), array([ 0.00506009, -0.0511321 ,  0.07158365,  0.01326541]), array([-0.01831956,  0.00208469, -0.00506191,  0.06645891]), array([-0.03462794, -0.0653729 , -0.01409469, -0.0139797 ]), array([-0.02530063, -0.03111246,  0.00384032,  0.00753659]), array([-0.00790236, -0.03369705,  0.05899696, -0.01637057]), array([-1.74538295e-05, -1.48992863e-02,  8.39991691e-02, -5.10628146e-02]), array([0.08871837, 0.03834632, 0.09899581, 0.03142651]), array([-0.09481019, -0.08342583, -0.03990594,  0.00760255]), array([-0.07156587, -0.01057295, -0.01852927, -0.06590799]), array([-0.04516079,  0.0700757 ,  0.04215408, -0.05155228]), array([-0.00865299, -0.08810092,  0.03041917,  0.06981636]), array([ 0.02053338,  0.0358147 , -0.08269524, -0.04652875]), array([ 0.05272855, -0.04555998, -0.05536131, -0.05893519]), array([-0.01854044, -0.03113583, -0.01509565,  0.02512245]), array([-0.06924565, -0.0035774 ,  0.02423881, -0.01853874]), array([-0.05569527,  0.00525141,  0.01810634, -0.12062103])]

Actions: [array([1.        , 0.58502023]), array([1.       , 0.1671605]), array([1.        , 0.15182372]), array([1.        , 0.06831261]), array([1.        , 0.48026192]), array([1.       , 0.5059752]), array([1.        , 0.79781786]), array([1.        , 0.86985605]), array([1.        , 0.95162943]), array([0.92735363, 1.        ]), array([0.86694827, 1.        ]), array([0.80361534, 1.        ]), array([1.        , 0.73705727]), array([1.        , 0.72147543]), array([1.        , 0.00700487]), array([ 1.        , -0.06209233]), array([1.        , 0.06157191]), array([1.       , 0.0214342]), array([ 1.        , -0.02174717]), array([ 1.        , -0.06436773]), array([1.        , 0.48441516]), array([1.        , 0.90177463]), array([0.96478899, 1.        ]), array([0.52467606, 1.        ]), array([0.42460295, 1.        ]), array([0.43326689, 1.        ]), array([0.37129248, 1.        ]), array([0.51770336, 1.        ]), array([0.49402932, 1.        ]), array([0.6947313, 1.       ]), array([0.69752156, 1.        ]), array([0.7013503, 1.       ]), array([0.79505889, 1.        ]), array([0.80601502, 1.        ]), array([0.79898999, 1.        ]), array([-0.26703752,  1.        ]), array([0.90235962, 1.        ]), array([0.97666954, 1.        ]), array([1.        , 0.93668226]), array([1.        , 0.84475663]), array([1.        , 0.72583269]), array([1.        , 0.56291594])]
Bad
Feature: [27, 22, 6136.235159238265]

States: [array([-1.71125017e+02, -8.17716900e-02, -1.31219073e+02, -1.04659115e+00]), array([-171.28196408,    0.93625467, -132.25163921,   -0.24091902]), array([-1.70352743e+02,  1.80590800e+00, -1.32529748e+02,  1.36365043e-01]), array([-168.6061775 ,    2.4323673 , -132.34066301,    0.18326179]), array([-166.22889922,    2.82906486, -132.08470636,    0.66233843]), array([-163.3906374 ,    3.27867373, -131.32632638,    0.97597129]), array([-160.05551212,    3.54906804, -130.35782364,    1.28012114]), array([-156.52408107,    3.85419404, -129.03490629,    1.97532475]), array([-152.7077605 ,    3.89626874, -126.97624069,    2.59382778]), array([-148.84319912,    3.9926776 , -124.40349482,    3.04990635]), array([-144.8428408 ,    3.67843057, -121.39334048,    3.46008179]), array([-141.17836743,    3.63800686, -117.95053921,    3.7833723 ]), array([-137.56233952,    3.91393388, -114.15230061,    3.75009117]), array([-133.61999737,    4.21388282, -110.44404284,    3.65166519]), array([-129.37048404,    4.38647803, -106.86450243,    3.5050739 ]), array([-125.00627155,    4.54948561, -103.31644515,    3.47034024]), array([-120.46290615,    4.66840851,  -99.94656561,    2.87922048]), array([-115.84436386,    4.69339136,  -96.94686068,    2.57718351]), array([-111.13655292,    4.69449712,  -94.38281112,    2.19890974]), array([-106.4734439 ,    4.7870704 ,  -92.19222753,    1.7082651 ]), array([-101.60762852,    4.91220785,  -90.52634197,    1.27493383]), array([-96.69630155,   4.85189722, -89.23203664,   0.93705523]), array([-91.87235093,   4.89640697, -88.31769933,   0.505681  ]), array([-86.97994486,   4.93780929, -87.77100835,   0.34835164]), array([-8.20595253e+01,  4.98840896e+00, -8.75131923e+01,  4.77651471e-02]), array([-77.07331444,   4.96404676, -87.42083658,  -0.11457363]), array([-72.16853196,   4.59373129, -87.54369456,   0.82565927]), array([-67.67769461,   4.17219664, -86.69594968,   1.6320223 ]), array([-63.48002512,   3.73451268, -85.15942477,   2.33554122]), array([-59.76416766,   3.46184116, -82.81553793,   2.85941585]), array([-56.29257211,   3.08691452, -79.95031215,   3.23557637]), array([-53.24739782,   2.99816831, -76.72586091,   3.55520473]), array([-50.17523757,   3.0900151 , -73.21323066,   3.78974786]), array([-47.13212816,   3.22345423, -69.47381325,   4.03812929]), array([-43.91965808,   3.3014221 , -65.40798038,   4.25480312]), array([-40.69793294,   3.30550118, -61.13375685,   4.57575105]), array([-37.47766845,   2.73190328, -56.49094586,   4.66301621]), array([-34.72963422,   2.15489621, -51.7909276 ,   4.63231917]), array([-32.53910073,   1.7054662 , -47.10142083,   4.73017498]), array([-30.80310587,   1.39925613, -42.38883262,   4.76190256]), array([-29.36749722,   1.39059505, -37.63103988,   4.82610945]), array([-28.06361506,   1.88090582, -32.7950158 ,   4.77003907]), array([-26.21392416,   2.30514917, -27.99674356,   4.90144638]), array([-23.88623218,   2.53727138, -23.14831178,   4.93502122]), array([-21.23517395,   2.84342579, -18.21411305,   4.95827923]), array([-18.3231706 ,   3.232306  , -13.26640766,   4.9766418 ]), array([-15.08599513,   3.55837086,  -8.29061016,   4.9511472 ]), array([-11.62452582,   3.89247471,  -3.34893723,   4.84890975]), array([-7.70216771,  4.14402763,  1.48600338,  3.48205384]), array([-0.07611026, -0.01433377,  0.02332116, -0.08686243]), array([-0.10248569, -0.01746717, -0.07454285, -0.01369588]), array([0.01162477, 0.04813121, 0.00651324, 0.12479678]), array([-0.00799004, -0.01481756, -0.05542862, -0.03017653]), array([-0.08054827,  0.02865488, -0.08910959,  0.0324252 ]), array([-0.07564301, -0.04855   ,  0.03984624, -0.02941978]), array([-0.01445205, -0.00937496, -0.0319564 ,  0.01341618]), array([ 0.02617058, -0.04063277,  0.04199719, -0.07916054]), array([ 0.07299458,  0.05533648, -0.01837303,  0.01871627]), array([ 0.00738703,  0.06312194,  0.05938729, -0.01370452]), array([ 0.04224769,  0.14665743,  0.01162557, -0.02345308]), array([ 0.05465998, -0.0078026 ,  0.00447514,  0.04569127]), array([ 0.02591277,  0.0326978 , -0.07591039,  0.05650293]), array([ 0.07551445, -0.06780646, -0.00569615, -0.02332467]), array([-0.02120647,  0.05316786, -0.03418098, -0.05680754]), array([ 0.09466624, -0.01955502,  0.00331236,  0.01037214]), array([-0.04935592, -0.07877407, -0.06001605,  0.00850895]), array([-0.00263955, -0.04803839,  0.02817237,  0.02476051]), array([ 0.08978568,  0.08128295, -0.08557988,  0.05836682]), array([-0.00584772,  0.02549524, -0.08810471, -0.0004804 ]), array([ 0.03179227, -0.02832605, -0.01965394, -0.00997107]), array([-0.01827794,  0.05318968, -0.03403628,  0.05986982]), array([-0.08106451,  0.0030843 ,  0.0449176 ,  0.0008069 ]), array([ 0.01725395,  0.01409366, -0.04969264,  0.01024835]), array([-0.04200527, -0.01316151,  0.04889782, -0.00086843]), array([ 0.03436559, -0.00338935, -0.02131121, -0.05335911]), array([-0.0670271 , -0.00452213,  0.12977347, -0.05451502]), array([ 0.0402007 ,  0.05577494, -0.02500547, -0.03956208]), array([-0.05533634, -0.02772335,  0.01355391,  0.05078395]), array([-0.0123441 , -0.04666873,  0.02718124,  0.01573388]), array([ 0.02567613,  0.03102926, -0.05918785,  0.00775126]), array([ 0.04487483, -0.02187074,  0.03854853, -0.02334925]), array([-0.01632219,  0.06328464,  0.02230992, -0.07238014]), array([ 0.02173124,  0.00666483,  0.08900403, -0.00764732]), array([ 0.04701369, -0.02488899,  0.04655086,  0.07955677]), array([-0.00225217, -0.00108323,  0.03174516, -0.10431202]), array([-0.00986935, -0.02102369, -0.01789128,  0.014297  ]), array([ 0.05655984, -0.025906  , -0.02361046, -0.02361297]), array([ 0.04990036, -0.04044681,  0.02161781, -0.0028815 ]), array([ 0.03444787,  0.07563571, -0.04054133,  0.03948199]), array([ 0.00439042, -0.14543204, -0.04372136, -0.00193221]), array([-0.03041291, -0.08819522,  0.05227653,  0.04747966]), array([-0.03879168,  0.08652828, -0.08327645,  0.02383679]), array([ 0.04435478, -0.07694513, -0.00706315,  0.0163598 ]), array([-0.03183914,  0.01054022,  0.03536053, -0.06488223]), array([-0.00463659,  0.0396556 ,  0.09038476, -0.0422169 ]), array([-0.03604187, -0.02914208, -0.02721652,  0.07968176]), array([ 0.03106287,  0.00744826, -0.04652794,  0.00722943]), array([ 0.11610801, -0.02546887,  0.0776216 , -0.07909397]), array([-0.09091526, -0.0057164 ,  0.00883416, -0.06707329]), array([-0.03327932, -0.00134285, -0.00067966, -0.00130182])]

Actions: [array([1.        , 0.57813667]), array([1.       , 0.3776004]), array([1.        , 0.06574574]), array([1.       , 0.4566553]), array([1.        , 0.47970921]), array([1.       , 0.4979048]), array([0.94722532, 1.        ]), array([0.88166034, 1.        ]), array([0.82044148, 1.        ]), array([0.5160726, 1.       ]), array([0.63175999, 1.        ]), array([1.        , 0.71828438]), array([1.        , 0.68053959]), array([1.        , 0.64375489]), array([1.        , 0.66599236]), array([1.        , 0.04209777]), array([1.        , 0.22953197]), array([1.        , 0.18042011]), array([ 1.       , -0.0356957]), array([ 1.        , -0.09096966]), array([ 1.        , -0.14678479]), array([ 1.        , -0.20810149]), array([ 1.        , -0.07524087]), array([ 1.        , -0.10917289]), array([ 1.        , -0.14524436]), array([0.52298402, 1.        ]), array([0.4621269, 1.       ]), array([0.41139775, 1.        ]), array([0.36641603, 1.        ]), array([0.32927458, 1.        ]), array([0.51974788, 1.        ]), array([0.65522212, 1.        ]), array([0.74765009, 1.        ]), array([0.65858506, 1.        ]), array([0.65022654, 1.        ]), array([0.09368186, 1.        ]), array([0.04890561, 1.        ]), array([0.02404756, 1.        ]), array([-0.0152923,  1.       ]), array([0.20717798, 1.        ]), array([0.68844921, 1.        ]), array([0.74229467, 1.        ]), array([0.79446214, 1.        ]), array([0.84895687, 1.        ]), array([0.91571734, 1.        ]), array([1.        , 0.99481877]), array([1.        , 0.87736074]), array([ 1.        , -0.39579647])]