
Good
Feature: [14, 36, 6366.0777252964335]

States: [array([-168.8653411 ,   -0.33831944, -130.111475  ,    0.21854019]), array([-169.18867668,   -0.25466304, -129.91357893,    1.13380151]), array([-169.50380635,   -0.18031373, -128.85020831,    1.94441467]), array([-1.69712775e+02, -2.06313400e-02, -1.26890534e+02,  2.61572343e+00]), array([-169.73548646,    0.23901485, -124.22781061,    3.05840155]), array([-169.54770164,    0.80767924, -121.16452665,    3.51724196]), array([-168.70728534,    1.33191381, -117.60663604,    3.81940359]), array([-167.37505753,    1.68716339, -113.78198474,    3.98497415]), array([-165.66262894,    1.98984307, -109.72816902,    4.20409317]), array([-163.75506539,    2.17916706, -105.41441614,    4.35509058]), array([-161.61612772,    2.3761062 , -101.03665099,    4.47871801]), array([-159.24329492,    2.57394801,  -96.54039703,    4.63593966]), array([-156.70019446,    3.04897923,  -91.91607421,    4.21168392]), array([-153.64562034,    3.46636603,  -87.63954193,    3.88462695]), array([-150.20586918,    3.82726062,  -83.70705754,    3.53990918]), array([-146.43133786,    3.94948066,  -80.18139077,    3.812587  ]), array([-142.46792544,    4.19331081,  -76.45110884,    3.65341101]), array([-138.22297258,    4.29696576,  -72.74506612,    3.419803  ]), array([-134.0036641 ,    4.47094422,  -69.30826331,    2.49058768]), array([-129.5392075 ,    4.57104472,  -66.75476507,    1.63054416]), array([-124.97043534,    4.627772  ,  -65.06322286,    0.77364414]), array([-1.20338025e+02,  4.72448004e+00, -6.43310294e+01,  1.45613038e-02]), array([-115.61020074,    4.70875533,  -64.31156421,   -0.76406795]), array([-110.89526839,    4.80421565,  -64.96505163,   -1.5963414 ]), array([-106.09749215,    4.76907217,  -66.6162671 ,   -2.22611308]), array([-101.35174882,    4.6725411 ,  -68.81020484,   -0.80869229]), array([-96.61216747,   4.39025526, -69.61191659,   0.27133452]), array([-92.2120775 ,   3.98956369, -69.27614166,   1.26323281]), array([-88.14779065,   3.5244952 , -68.05057762,   1.99231378]), array([-84.6353632 ,   3.11921457, -65.98360613,   2.54634571]), array([-81.52628162,   2.77620469, -63.44627674,   3.0397731 ]), array([-78.81180513,   2.60661017, -60.30686489,   3.44747978]), array([-76.2181338 ,   2.54725644, -56.89723814,   3.8130706 ]), array([-73.65332196,   2.40551825, -53.06631522,   4.06127798]), array([-71.24916792,   2.65370719, -48.91272945,   4.25222497]), array([-68.51721187,   2.8941191 , -44.5846889 ,   4.42483555]), array([-65.69363089,   3.26934817, -40.10327366,   4.19914168]), array([-62.4709544 ,   3.61143001, -35.93395529,   3.83719337]), array([-58.80174716,   3.85882007, -32.07226625,   3.57963456]), array([-54.95566741,   4.07595049, -28.46792005,   3.32462025]), array([-50.8373742 ,   4.21887775, -25.10623972,   3.04559032]), array([-46.65100092,   4.39909217, -21.97792039,   2.97676151]), array([-42.32670035,   4.55434413, -18.98989465,   2.92293653]), array([-37.76893753,   4.62509739, -15.9924922 ,   2.92735786]), array([-33.09439656,   4.7647527 , -13.07077485,   2.96626213]), array([-28.34530472,   4.82529515, -10.22657149,   2.89798701]), array([-23.50609093,   4.74998626,  -7.33888389,   2.83041279]), array([-18.69210332,   4.85599629,  -4.41159806,   2.80640491]), array([-13.74775643,   4.83967432,  -1.59389076,   2.72799805]), array([-8.88119219,  4.93563764,  1.15649389,  2.60692724]), array([-0.01771774,  0.06073165, -0.00335904,  0.01346726]), array([ 0.0137483 , -0.01237376, -0.0221337 ,  0.01953921]), array([0.00058718, 0.0253169 , 0.06761223, 0.05361717]), array([ 0.06395636, -0.00629797, -0.05987746, -0.04460227]), array([-0.00080564,  0.07312545,  0.00215248,  0.07092957]), array([-0.00433153,  0.11029089, -0.06671976,  0.08354013]), array([-0.01975632, -0.07456669,  0.01685433, -0.00679957]), array([ 0.03548481, -0.0145292 ,  0.06656637, -0.07570231]), array([-0.03586286,  0.11795164,  0.06715952,  0.04424068]), array([-0.06514125, -0.01317999, -0.00474193, -0.01037842]), array([ 0.08031987, -0.07638319,  0.05763958, -0.01344434]), array([-0.08881807, -0.07965673,  0.06960541, -0.00052372]), array([ 0.00499384, -0.00780452,  0.0549282 ,  0.06455249]), array([-0.06586437, -0.05542642, -0.00192796,  0.02785249]), array([-0.02875078, -0.01118806,  0.04234524, -0.08172077]), array([ 0.08563798,  0.06906465, -0.11172964,  0.02886045]), array([-0.05905589,  0.02077142,  0.02455029,  0.03931014]), array([ 0.10468103,  0.02426706,  0.0066014 , -0.00132828]), array([ 0.09790369,  0.01662145, -0.08991227,  0.07783365]), array([ 0.0560703 , -0.01075075,  0.0598547 ,  0.09986889]), array([ 0.03020803,  0.04531566,  0.02416292, -0.10665283]), array([-0.00841271, -0.02295084, -0.01396848,  0.03349623]), array([-0.07191087,  0.02612256,  0.0894502 , -0.01259885]), array([ 0.03344292, -0.06497866, -0.01066551,  0.1033741 ]), array([-0.05551433,  0.06788269, -0.05133479,  0.0066849 ]), array([-0.0300145 ,  0.00342551, -0.04851412, -0.12851881]), array([-0.06430486,  0.01643606, -0.04211591, -0.04060789]), array([-0.02558015,  0.03624194,  0.04186326, -0.01656206]), array([0.00097496, 0.04234503, 0.02075595, 0.03547841]), array([ 0.04471247,  0.04607505, -0.08429367, -0.0486829 ]), array([-0.00844446, -0.02954999,  0.00336696, -0.00876544]), array([ 0.04928788, -0.02732152, -0.09646448,  0.03640275]), array([0.00590124, 0.05430414, 0.07365858, 0.02013543]), array([-0.02378688, -0.02819988,  0.11010321, -0.01600228]), array([ 0.0312181 ,  0.01513392, -0.00333668,  0.04901453]), array([-0.00548874, -0.11042374,  0.0160449 , -0.13913577]), array([-1.75976232e-03, -1.06747270e-04,  1.21535002e-01, -7.34969323e-03]), array([0.0539693, 0.0473647, 0.0896232, 0.052853 ]), array([-0.02280756, -0.0975358 ,  0.02808396, -0.03131321]), array([ 0.03201549,  0.03120474, -0.05398344, -0.01525198]), array([ 0.00850066, -0.03522536, -0.01573074,  0.04899398]), array([-0.05195396, -0.00784379, -0.11229621, -0.0054324 ]), array([-0.05176168, -0.00772142, -0.10310682,  0.03563797]), array([-0.00077845, -0.03107896,  0.05138132, -0.11663147]), array([-0.06958681,  0.04140969, -0.06513054,  0.08175531]), array([ 0.03155732,  0.1594905 , -0.00083745, -0.01876274]), array([-0.06551776,  0.02502831, -0.00795979,  0.02826935]), array([ 0.03893843,  0.01923019, -0.05287321, -0.09778116]), array([ 0.04565699, -0.01870355, -0.07550363, -0.00130456]), array([-0.0003198 , -0.11308995,  0.0397515 , -0.02269607])]

Actions: [array([0.08358525, 1.        ]), array([0.0941877, 1.       ]), array([0.10758702, 1.        ]), array([0.25958962, 1.        ]), array([0.55484431, 1.        ]), array([0.58167742, 1.        ]), array([0.60496289, 1.        ]), array([0.62501055, 1.        ]), array([0.63819536, 1.        ]), array([0.65558125, 1.        ]), array([0.67210165, 1.        ]), array([1.        , 0.52103678]), array([1.        , 0.46905875]), array([1.        , 0.42199211]), array([0.89099716, 1.        ]), array([1.        , 0.55154864]), array([1.        , 0.52053083]), array([ 1.       , -0.2669012]), array([ 1.        , -0.38186817]), array([ 1.        , -0.50275872]), array([ 1.        , -0.63286515]), array([ 1.        , -0.77365647]), array([ 1.        , -0.94632889]), array([ 0.85032839, -1.        ]), array([0.84053643, 1.        ]), array([0.63223445, 1.        ]), array([0.48666341, 1.        ]), array([0.38877462, 1.        ]), array([0.27747906, 1.        ]), array([0.20482048, 1.        ]), array([0.46661619, 1.        ]), array([0.41243115, 1.        ]), array([0.38739718, 1.        ]), array([0.66017394, 1.        ]), array([0.70797411, 1.        ]), array([1.        , 0.65173961]), array([1.        , 0.55428613]), array([1.        , 0.51239495]), array([1.        , 0.47515867]), array([1.        , 0.43916895]), array([1.        , 0.62188457]), array([1.        , 0.60910334]), array([1.        , 0.59946642]), array([1.        , 0.59122709]), array([1.        , 0.52334834]), array([1.        , 0.50956353]), array([1.        , 0.48965557]), array([1.        , 0.45483784]), array([1.        , 0.40506788])]
Bad
Feature: [19, 21, 5008.598146944801]

States: [array([-169.37026016,   -0.26567334, -129.25743803,    0.35279184]), array([-169.64558092,    0.70093213, -128.99698295,    1.08294222]), array([-168.92276106,    1.58328384, -127.97213201,    1.79844561]), array([-167.36984312,    2.24616286, -126.12583004,    2.19696255]), array([-165.17242848,    2.79268917, -123.97548345,    2.56662588]), array([-162.45087629,    3.20008493, -121.35244237,    2.73027976]), array([-159.21137383,    3.5169074 , -118.67345575,    2.93042865]), array([-155.74954011,    3.75604949, -115.72412725,    3.12539793]), array([-151.97422556,    4.03121765, -112.62386902,    3.2547951 ]), array([-148.00825804,    4.24923838, -109.41583449,    3.36606046]), array([-143.91246404,    4.41533276, -105.99891073,    3.45249865]), array([-139.53368858,    4.4369716 , -102.57243464,    3.50495133]), array([-135.05968366,    4.61883982,  -99.05243331,    3.46649499]), array([-130.46508703,    4.68689351,  -95.56059157,    3.53227493]), array([-125.73188389,    4.66116969,  -92.02769222,    3.55764771]), array([-121.10105693,    4.85482595,  -88.49373499,    3.57403487]), array([-116.34808771,    4.88896077,  -84.88434943,    3.60133348]), array([-111.52132176,    4.91701936,  -81.25894752,    3.51316269]), array([-106.62356281,    4.82562325,  -77.67305279,    3.5679749 ]), array([-101.87220372,    4.80721298,  -74.21468774,    3.52711577]), array([-97.03981   ,   4.69277329, -70.707432  ,   3.50335513]), array([-92.36865982,   4.81661479, -67.18712302,   3.55160242]), array([-87.51533523,   4.89563809, -63.68100639,   3.60279098]), array([-82.66151009,   4.89760844, -60.12009647,   3.664023  ]), array([-77.84016222,   4.94921005, -56.54584556,   3.62246637]), array([-72.91009543,   4.86325387, -52.86930438,   3.66376042]), array([-68.06765416,   4.827091  , -49.13008074,   3.66443464]), array([-63.25175897,   4.89132735, -45.50411149,   3.63625044]), array([-58.34280056,   4.95720724, -41.8700008 ,   3.68365938]), array([-53.42493108,   5.03748873, -38.16636391,   3.69976006]), array([-48.46327279,   5.03955606, -34.38857058,   3.60415347]), array([-43.45719959,   5.00379098, -30.77413435,   3.46801353]), array([-38.4225941 ,   4.97228961, -27.22910034,   3.43187878]), array([-33.42651479,   4.9686141 , -23.81634839,   3.46182709]), array([-28.49790791,   4.9094092 , -20.4077241 ,   3.46536871]), array([-23.61522242,   4.92101659, -16.90676603,   3.54257199]), array([-18.69647762,   4.92808379, -13.38750892,   3.58530673]), array([-13.79099519,   4.95420302,  -9.76533774,   3.62062981]), array([-8.83312181,  4.96246641, -6.07554775,  3.64260113]), array([-3.83520961,  4.89832882, -2.39012178,  3.67774644]), array([-0.02736259, -0.05813744, -0.04077573,  0.08503057]), array([ 0.01490442,  0.01256021,  0.00942641, -0.11400211]), array([-0.00747126,  0.11867599,  0.08387401,  0.00291643]), array([-0.0825053 , -0.10200109,  0.10491121, -0.01454732]), array([-0.01611881,  0.08126895, -0.04635809, -0.07675781]), array([-0.00736018,  0.03934254,  0.04101736, -0.04123283]), array([0.04761695, 0.05727622, 0.0343167 , 0.0951222 ]), array([ 0.00494927,  0.00903604,  0.01879376, -0.05134243]), array([-0.01611289, -0.03941751,  0.03875138,  0.01652245]), array([ 0.03090142,  0.04481116, -0.01936425,  0.04692612]), array([ 0.09251504,  0.02717006,  0.00220635, -0.00730865]), array([-0.06393432,  0.03409801,  0.00633826, -0.05848686]), array([-0.0329505 , -0.0992794 , -0.08215256, -0.00380277]), array([-0.01583598,  0.0084132 ,  0.0118956 , -0.05198269]), array([ 0.0261643 , -0.04528862,  0.06356613, -0.02072917]), array([ 0.04742225,  0.07816635,  0.03078517, -0.0259912 ]), array([-0.04636627,  0.07435655,  0.03299719, -0.03832026]), array([ 0.07278228, -0.00722913, -0.0479528 , -0.01875144]), array([-0.09068475, -0.02482755,  0.05828094, -0.09838467]), array([-0.0973031 ,  0.09959279,  0.0176477 ,  0.02855615]), array([ 0.00310279, -0.04562766,  0.00215384,  0.02783923]), array([ 0.02559193, -0.04903297, -0.05872035,  0.02152952]), array([ 0.03827782,  0.01372861,  0.05724801, -0.03367766]), array([-0.03371478, -0.05370873, -0.05255232,  0.09769754]), array([-0.00395885, -0.09974451,  0.07490414, -0.01499488]), array([-0.00920636, -0.0001199 ,  0.02740906,  0.08510558]), array([ 0.03273811, -0.01249517,  0.0336535 ,  0.00100281]), array([ 0.00740531,  0.00896424, -0.07686667, -0.05560066]), array([ 0.0225487 ,  0.00638984, -0.06986088, -0.0032855 ]), array([-0.01275933,  0.04731389, -0.04706261, -0.12644818]), array([ 0.01995186,  0.02727657, -0.03517456,  0.01265515]), array([-0.0455427 , -0.0081337 , -0.04831472, -0.01417483]), array([-0.03311691, -0.00531958,  0.03588474, -0.00735412]), array([-0.05049542, -0.00818704,  0.09108917, -0.0454398 ]), array([-0.03127068,  0.02406267,  0.06185649,  0.01428204]), array([-0.00250891, -0.01115602,  0.06462725, -0.05407786]), array([-0.02649564,  0.0321329 , -0.05299851, -0.00917068]), array([-0.05091968, -0.06734919,  0.10584158, -0.01448362]), array([-0.01938123, -0.01781697,  0.06115473, -0.02244154]), array([-0.03051322, -0.0189545 , -0.06419054, -0.00040836]), array([ 0.03198132, -0.00118481,  0.03738579,  0.00259183]), array([ 0.04772698, -0.0444254 , -0.05198359,  0.05489442]), array([-0.0032303 , -0.00161389,  0.00409776,  0.06893594]), array([-0.01241917,  0.01165767, -0.06049938,  0.03745994]), array([ 0.00619065, -0.02378208,  0.04801344, -0.04701603]), array([-0.05658183, -0.03020786,  0.10171193,  0.03978943]), array([ 0.03309904,  0.01664755, -0.03414204,  0.04077195]), array([0.03683632, 0.04236243, 0.05083072, 0.01241177]), array([ 0.04358521,  0.02272918,  0.04093409, -0.01564077]), array([-0.019752  ,  0.06181316, -0.0161226 ,  0.02693826]), array([-0.01018721,  0.05054567,  0.01362092, -0.03627217]), array([-0.01875707, -0.0004878 ,  0.03704601, -0.03925229]), array([ 0.04425087,  0.01833536,  0.01266771, -0.00224873]), array([ 0.07194089,  0.0289808 ,  0.02523524, -0.014366  ]), array([ 0.10868331,  0.03073609, -0.02320054, -0.03739736]), array([ 0.0775164 , -0.07099055, -0.03794976, -0.00320035]), array([-0.05289226, -0.00503106,  0.04910736, -0.01193717]), array([ 0.01591051, -0.00567681,  0.00171741, -0.07596143]), array([ 0.03700633, -0.0607163 , -0.0206194 ,  0.04062671]), array([ 0.02800109, -0.08760496, -0.01240729, -0.06463294])]

Actions: [array([1.        , 0.78149141]), array([1.        , 0.77866735]), array([1.        , 0.77591223]), array([1.        , 0.77205179]), array([1.        , 0.75180942]), array([1.       , 0.7483134]), array([1.       , 0.7467384]), array([1.        , 0.74443786]), array([1.        , 0.74256299]), array([1.        , 0.74081615]), array([1.        , 0.73820379]), array([1.        , 0.73683835]), array([1.        , 0.73521541]), array([1.        , 0.73435989]), array([1.        , 0.73391546]), array([1.        , 0.73282135]), array([1.       , 0.7317593]), array([1.        , 0.73094099]), array([1.        , 0.73088676]), array([1.        , 0.73102405]), array([1.        , 0.73127842]), array([1.        , 0.73017891]), array([1.        , 0.73059712]), array([1.        , 0.73042444]), array([1.        , 0.72977013]), array([1.        , 0.72872727]), array([1.        , 0.72574908]), array([1.        , 0.72376164]), array([1.       , 0.7224289]), array([1.        , 0.71973585]), array([1.       , 0.7156862]), array([1.        , 0.71499853]), array([1.        , 0.71633261]), array([1.        , 0.72094566]), array([1.        , 0.72559946]), array([1.        , 0.72719955]), array([1.        , 0.72990912]), array([1.        , 0.72736724]), array([1.        , 0.72004316])]