
Good
Feature: [10, 49, 7494.438461174098]

States: [array([-169.24329112,    1.01092971, -129.49063856,   -0.40285675]), array([-168.15707433,    0.81245296, -129.9859348 ,    0.75947618]), array([-167.35085226,    0.58964622, -129.19622677,    1.60832468]), array([-166.80008896,    0.44570861, -127.71491366,    2.27746661]), array([-166.38779056,    0.25840745, -125.35742717,    2.84938425]), array([-166.17118472,    0.29228711, -122.53383674,    3.37482137]), array([-165.82888724,    0.33848468, -119.23528625,    3.70333218]), array([-165.49046186,    0.38578089, -115.57522731,    3.93140131]), array([-165.05588618,    0.40839531, -111.6623583 ,    4.12098993]), array([-164.7024836 ,    0.29169949, -107.55129279,    4.25156041]), array([-164.49787069,    0.29237739, -103.3492008 ,    4.3421025 ]), array([-164.16468718,    0.3127847 ,  -98.96907151,    4.4619437 ]), array([-163.95139243,    0.5560647 ,  -94.45692947,    4.58476783]), array([-163.39308562,    0.91565785,  -89.93624195,    4.64897577]), array([-162.43038445,    1.16404735,  -85.36308123,    4.7346683 ]), array([-161.22277923,    1.29946213,  -80.67435121,    4.78220243]), array([-159.83683225,    1.48551945,  -75.92963371,    4.84361882]), array([-158.34753143,    1.69108851,  -71.05516656,    4.94831594]), array([-156.61673751,    1.91544936,  -66.13430576,    4.96633566]), array([-154.72753308,    2.54019031,  -61.24844117,    4.41651218]), array([-152.17919678,    3.03938276,  -56.79533521,    3.92834486]), array([-149.13514046,    3.33723256,  -52.95572218,    3.2933792 ]), array([-145.87433868,    3.64610737,  -49.71150939,    2.7795455 ]), array([-142.24416987,    3.94826417,  -46.97180419,    2.28912559]), array([-138.31830588,    4.08961184,  -44.64768088,    1.87576754]), array([-134.19166152,    4.23776954,  -42.80056353,    1.30209281]), array([-129.99988578,    4.38882703,  -41.4662063 ,    0.81745615]), array([-125.52919585,    4.61576065,  -40.5925518 ,    0.2658924 ]), array([-1.20911891e+02,  4.70142985e+00, -4.03597825e+01,  3.56051895e-02]), array([-116.2793355 ,    4.75705022,  -40.25436601,   -0.25394058]), array([-111.5010712 ,    4.74999213,  -40.49976118,   -0.59951132]), array([-106.69315085,    4.00255004,  -41.13679946,    0.48702119]), array([-102.7045426 ,    3.32189455,  -40.68929099,    1.41516739]), array([-99.2974499 ,   2.79791317, -39.26802518,   2.19760729]), array([-96.60078441,   2.23497137, -37.00071604,   2.81627908]), array([-94.34628543,   1.99272452, -34.21449802,   3.22994114]), array([-92.40586991,   1.91754621, -30.95536699,   3.58648135]), array([-90.41656994,   1.83710924, -27.37334507,   3.87733855]), array([-88.5311408 ,   1.76440751, -23.47804762,   4.07640974]), array([-86.83962466,   1.73369953, -19.40262185,   4.27284723]), array([-85.16180581,   2.403322  , -15.11545598,   3.61736701]), array([-82.83632975,   2.94840688, -11.48093403,   3.03406845]), array([-79.913214  ,   3.36856953,  -8.39408937,   2.5606795 ]), array([-76.57414183,   3.67305204,  -5.79197753,   2.10589117]), array([-72.94549057,   3.87719075,  -3.615101  ,   1.7593433 ]), array([-69.08236597,   4.0872252 ,  -1.78685572,   1.45993539]), array([-65.01128916,   4.23467421,  -0.2186542 ,   1.13511004]), array([-60.74986762,   4.37963237,   0.91029592,   0.90488415]), array([-56.38355627,   4.60457526,   1.91846866,   0.6764527 ]), array([-51.85606046,   4.64730403,   2.60200965,   0.48620591]), array([-47.30710676,   4.66058868,   3.00192122,   0.2878132 ]), array([-42.64260241,   4.75461653,   3.322339  ,   0.16932837]), array([-37.82754012,   4.76339732,   3.52323939,  -0.06799819]), array([-33.02940126,   4.84159379,   3.44521444,  -0.1181238 ]), array([-28.19092814,   4.86758668,   3.36026615,  -0.1505534 ]), array([-23.25874857,   4.83095186,   3.16419197,  -1.11142465]), array([-18.38511362,   4.96472697,   2.09151548,  -1.09784686]), array([-13.41702333,   4.93272217,   1.02548227,  -0.68403743]), array([-8.5453703 ,  4.84129029,  0.32468164, -0.29955558]), array([0.01005853, 0.04376027, 0.02383866, 0.01579278]), array([ 0.01585751,  0.00852068,  0.0180297 , -0.08871566]), array([-0.0196124 , -0.04970508,  0.00020128,  0.06725554]), array([ 0.00863122,  0.01764452,  0.03729726, -0.0189739 ]), array([-0.0029647 ,  0.00357573,  0.04493299,  0.07958494]), array([ 0.01219317,  0.02665604, -0.03850241,  0.04619676]), array([-0.03147085, -0.02086552,  0.00496098, -0.07167638]), array([-0.04082375, -0.06362779,  0.02378148,  0.03620818]), array([ 0.00593222, -0.01422444, -0.02218422, -0.00755974]), array([-0.02458509, -0.01422122, -0.02390685, -0.04487362]), array([-0.02663377, -0.046613  , -0.07557496, -0.10724771]), array([-0.04223685,  0.03357968, -0.0177094 ,  0.05419726]), array([ 0.01880488, -0.04151576,  0.03720476, -0.01386371]), array([ 0.03261004,  0.03234513, -0.03427442, -0.00364195]), array([-0.04024963,  0.03513309,  0.00942485,  0.04185622]), array([ 0.06162981, -0.07746457,  0.02363795,  0.07763433]), array([-0.04724513, -0.07774006,  0.05803923, -0.01717357]), array([-0.11619098,  0.04492924, -0.031311  ,  0.06657848]), array([ 0.02870355,  0.09466996, -0.0457255 ,  0.05855731]), array([ 0.02232241, -0.04996361, -0.003428  ,  0.01204942]), array([-0.05867203, -0.11037461, -0.01657374, -0.04530143]), array([ 0.03486671, -0.05190267,  0.0459181 ,  0.03619894]), array([ 0.07360775, -0.04580707, -0.00722954,  0.05238483]), array([ 0.08425634, -0.06859055,  0.01382961, -0.02618273]), array([ 0.03210366, -0.02266583, -0.05219763,  0.00809816]), array([-0.00050261, -0.0238775 , -0.02064371,  0.065388  ]), array([ 0.00723315, -0.06914333, -0.07165062, -0.08248882]), array([-0.03997191, -0.0910963 ,  0.01759536, -0.0145456 ]), array([-0.01929115,  0.07288996,  0.01690413, -0.01226125]), array([0.00842652, 0.03395931, 0.05450553, 0.04403578]), array([-0.13261326, -0.02840108,  0.05411206,  0.06609331]), array([-0.06052335, -0.04687426,  0.01182037, -0.0205021 ]), array([-0.00187945,  0.04097426, -0.00387701,  0.05902352]), array([ 0.06447902,  0.00829949, -0.00199324, -0.0361295 ]), array([ 0.02440034, -0.02738721, -0.04289052, -0.04076206]), array([ 0.04163562,  0.07728632, -0.09445559, -0.05790901]), array([ 0.03648345, -0.06343616, -0.04642532, -0.03458137]), array([-0.01432323,  0.07595542, -0.03374361, -0.00371594]), array([ 0.04822722,  0.08598868,  0.00312146, -0.05803676]), array([ 0.00625712, -0.03336718,  0.02230849,  0.06106827]), array([-0.05660242, -0.07064795,  0.05129297,  0.05128194])]

Actions: [array([0.02612833, 1.        ]), array([-0.00544999,  1.        ]), array([-0.02927662,  1.        ]), array([-0.04753716,  1.        ]), array([0.05516348, 1.        ]), array([0.05429687, 1.        ]), array([0.05185796, 1.        ]), array([0.04950835, 1.        ]), array([0.04544949, 1.        ]), array([0.04243379, 1.        ]), array([0.04191834, 1.        ]), array([0.35198369, 1.        ]), array([0.3832876, 1.       ]), array([0.41309472, 1.        ]), array([0.43969586, 1.        ]), array([0.46803191, 1.        ]), array([0.50090325, 1.        ]), array([0.54731461, 1.        ]), array([1.      , 0.427982]), array([1.        , 0.32808748]), array([1.        , 0.23356889]), array([1.        , 0.14474793]), array([1.        , 0.05801595]), array([ 1.        , -0.03124775]), array([ 1.        , -0.13149752]), array([ 1.        , -0.24933367]), array([ 1.        , -0.39723396]), array([ 1.        , -0.18999117]), array([ 1.        , -0.24685455]), array([ 1.        , -0.33074537]), array([0.25408756, 1.        ]), array([0.16775468, 1.        ]), array([0.09923782, 1.        ]), array([0.04059781, 1.        ]), array([0.15971251, 1.        ]), array([0.35847578, 1.        ]), array([0.33885365, 1.        ]), array([0.31717064, 1.        ]), array([0.29677727, 1.        ]), array([1.        , 0.24156398]), array([1.        , 0.16514066]), array([1.        , 0.12732725]), array([1.        , 0.09463565]), array([1.        , 0.06595132]), array([1.       , 0.0404807]), array([1.        , 0.01732706]), array([ 1.        , -0.00465332]), array([ 1.        , -0.02263817]), array([ 1.        , -0.04124084]), array([ 1.        , -0.05706918]), array([ 1.        , -0.07014649]), array([ 1.       , -0.0842966]), array([ 1.       , -0.0991136]), array([ 1.       , -0.1101091]), array([ 1.        , -0.95572983]), array([ 1.        , -0.22090574]), array([1.        , 0.16102873]), array([1.        , 0.24189965])]
Bad
Feature: [20, 19, 4879.67154712568]

States: [array([-171.64726305,    0.3351907 , -132.44895737,    0.67615553]), array([-171.26224849,    1.31617118, -131.79167344,    1.40134567]), array([-169.97101777,    2.14346713, -130.475056  ,    1.95985267]), array([-167.87490208,    2.69066449, -128.50521709,    2.44960878]), array([-165.09249642,    3.01885749, -126.0301208 ,    2.7952293 ]), array([-161.97769267,    3.43180364, -123.15131376,    3.04545838]), array([-158.62896763,    3.74483155, -120.11191194,    3.22515276]), array([-154.80146614,    4.05845201, -116.86244028,    3.3687892 ]), array([-150.74513814,    4.29032605, -113.5183227 ,    3.54960688]), array([-146.5249526 ,    4.43758154, -109.87571332,    3.5665949 ]), array([-142.07605097,    4.59692484, -106.27698122,    3.65952762]), array([-137.48431156,    4.60572973, -102.54599998,    3.69500365]), array([-132.85068803,    4.60021926,  -98.83750187,    3.72522988]), array([-128.29708129,    4.75836314,  -95.09555073,    3.81947279]), array([-123.47483882,    4.78464161,  -91.28388796,    3.91838806]), array([-118.73014902,    4.83892395,  -87.4262282 ,    3.95037389]), array([-113.91312849,    4.86431896,  -83.46501909,    3.96494979]), array([-108.98662501,    4.94469844,  -79.53000872,    4.05956344]), array([-103.97954141,    4.85998584,  -75.49998019,    4.11898242]), array([-99.13243142,   4.91057657, -71.52776684,   4.10106461]), array([-94.23039666,   4.88067993, -67.33930888,   4.13419054]), array([-89.38670762,   4.91019932, -63.14801575,   4.22927786]), array([-84.44549177,   4.9422503 , -58.8961888 ,   4.05941021]), array([-79.5217616 ,   4.92093793, -54.83130439,   4.05169941]), array([-74.75571759,   4.92546971, -50.8115426 ,   4.031347  ]), array([-69.89674622,   4.83972536, -46.83116767,   3.90668828]), array([-65.0650773 ,   4.85773807, -42.87787428,   3.99042196]), array([-60.22317769,   4.90058824, -38.94611504,   3.95666447]), array([-55.31237232,   4.88278432, -35.11819069,   3.96483781]), array([-50.45763501,   4.93677289, -31.14805892,   3.97347409]), array([-45.46718692,   4.91480632, -27.2220461 ,   3.97006289]), array([-40.54711627,   4.98448071, -23.30935579,   3.93637529]), array([-35.59924497,   4.95829796, -19.39638929,   3.96107255]), array([-30.66679542,   4.91989896, -15.38626138,   3.92371133]), array([-25.76469073,   4.91673973, -11.48291977,   3.91760381]), array([-20.83266545,   4.92510079,  -7.58105607,   3.9149819 ]), array([-15.98791237,   4.99131576,  -3.6145524 ,   4.02459112]), array([-11.02056682,   4.98668804,   0.37664244,   3.96790011]), array([-6.05711745,  4.98052348,  4.26058661,  3.87402936]), array([-0.04207897, -0.05025631, -0.02771329,  0.03408098]), array([-0.00782515, -0.02488428, -0.06274127,  0.0198867 ]), array([ 0.00477529, -0.01373967, -0.04166253, -0.04446109]), array([-0.04198073,  0.01792985,  0.02452753,  0.09755929]), array([-0.03323343,  0.12854389, -0.00081282, -0.07336405]), array([ 0.00444551,  0.01362427, -0.02059222,  0.02763203]), array([ 0.05524403, -0.02479701,  0.04580057,  0.05751196]), array([-0.00989101,  0.03598607,  0.054531  ,  0.02374392]), array([-0.07266173, -0.04067814,  0.07709409,  0.01215811]), array([-0.0662508 ,  0.0174128 ,  0.06579557,  0.02669154]), array([-0.10983312,  0.00307109,  0.05444294, -0.06551649]), array([-0.03576123, -0.04696315, -0.05597484,  0.02755715]), array([-0.06341571, -0.00651106,  0.00680728,  0.04324508]), array([-0.08586532,  0.04343869, -0.04668968,  0.00391614]), array([ 0.05289269, -0.06770673,  0.01262907,  0.04810977]), array([-0.08360574, -0.04809971, -0.07493782, -0.06454423]), array([-0.12292998,  0.0438842 , -0.01861498, -0.07861191]), array([-0.01037309,  0.05306736, -0.03294079, -0.02662847]), array([0.03275648, 0.01374224, 0.06374393, 0.07032724]), array([-0.00958481,  0.0153019 , -0.02071622,  0.03334776]), array([ 0.00167601,  0.02525281, -0.02768818,  0.01188828]), array([-0.01881979, -0.02982314, -0.05744676, -0.02696852]), array([ 0.01588414,  0.01282793, -0.02347492,  0.02146716]), array([0.04568348, 0.02326437, 0.01564814, 0.03467184]), array([-0.03586124, -0.04186528, -0.12271536,  0.00626345]), array([ 0.03568959, -0.0558158 , -0.0536653 ,  0.10551291]), array([-0.07333832, -0.03681186, -0.04666064, -0.00030881]), array([0.03181769, 0.00488902, 0.0765448 , 0.01265372]), array([ 0.07121085, -0.06785675,  0.04860404, -0.08248356]), array([-0.06818905, -0.0202726 ,  0.02426532,  0.13137734]), array([-0.03435654,  0.03418021, -0.06536644, -0.07021212]), array([-0.01568648, -0.01744922,  0.02036445, -0.05496882]), array([-0.00787732, -0.00943848, -0.00511255,  0.02018195]), array([ 0.01972563,  0.05913013,  0.05854323, -0.01530716]), array([ 0.02291152,  0.02906338, -0.05166442,  0.03776777]), array([-0.0411418 ,  0.02991787,  0.03925438, -0.0134594 ]), array([ 0.00689596, -0.0495453 ,  0.00904625,  0.00820794]), array([ 0.04222214, -0.09579294, -0.02893387, -0.03953738]), array([0.00458278, 0.04066876, 0.05629687, 0.00644902]), array([-0.0136794 ,  0.00227484, -0.1070765 ,  0.05084351]), array([-0.02558003, -0.07948364,  0.00394972,  0.05322585]), array([-0.06164857,  0.02209214, -0.0093443 , -0.02197691]), array([ 0.02856887, -0.02515063,  0.06660807,  0.04379285]), array([ 0.00849287, -0.02665405, -0.04224122,  0.01876416]), array([ 0.00774533,  0.00977489,  0.0910988 , -0.03485025]), array([-0.03130417, -0.02490302, -0.01009615, -0.03491908]), array([ 0.10598601,  0.06020414,  0.01003119, -0.0237659 ]), array([-0.0168069 , -0.05600448, -0.05934268,  0.02277342]), array([ 0.03950078, -0.09016877,  0.04723126, -0.06332196]), array([ 0.03723597, -0.01825422, -0.01286697, -0.02414349]), array([-0.02253831,  0.02683697, -0.00713234, -0.00662297]), array([ 0.00890437,  0.03705676, -0.06631817, -0.05032231]), array([ 5.90415898e-02,  6.13767031e-05,  7.96692016e-02, -3.35286431e-02]), array([-0.0490479 ,  0.01152609, -0.05118573, -0.0468768 ]), array([-0.04078608,  0.04091753,  0.02176237, -0.04064823]), array([-0.05760523, -0.01223418,  0.02573656, -0.04604134]), array([ 0.04103528, -0.01495075,  0.04690251,  0.07711858]), array([-0.10002228,  0.01502221, -0.11303564,  0.10652531]), array([ 0.03979675, -0.05924606, -0.05840696,  0.01146794]), array([-0.00909614, -0.04780346, -0.03729635,  0.03118254]), array([-0.02668294,  0.02501566,  0.01497371, -0.07918601])]

Actions: [array([1.        , 0.82117846]), array([1.       , 0.8192345]), array([1.        , 0.81774874]), array([1.        , 0.81626263]), array([1.        , 0.81505817]), array([1.        , 0.81301197]), array([1.        , 0.81106624]), array([1.        , 0.81015366]), array([1.        , 0.80978021]), array([1.        , 0.80828632]), array([1.        , 0.80826755]), array([1.        , 0.80812904]), array([1.        , 0.80839218]), array([1.        , 0.80793297]), array([1.        , 0.80859384]), array([1.        , 0.80842195]), array([1.        , 0.80785456]), array([1.        , 0.80825109]), array([1.        , 0.80840778]), array([1.        , 0.80788747]), array([1.        , 0.80556975]), array([1.        , 0.80247828]), array([1.        , 0.79924558]), array([1.        , 0.79769767]), array([1.        , 0.79458656]), array([1.        , 0.79295004]), array([1.        , 0.79116061]), array([1.        , 0.78956563]), array([1.        , 0.79041232]), array([1.        , 0.78793227]), array([1.        , 0.78805827]), array([1.        , 0.78724796]), array([1.       , 0.7867892]), array([1.        , 0.78296195]), array([1.        , 0.78070577]), array([1.        , 0.77856019]), array([1.        , 0.76838007]), array([1.        , 0.75605214])]