
Good
Feature: [11, 37, 6458.642372318182]

States: [array([-168.86529854,   -0.33451319, -129.28699244,   -0.54624368]), array([-1.69217426e+02, -1.61685597e-01, -1.29845578e+02,  4.85010118e-01]), array([-1.69426398e+02, -4.39809263e-02, -1.29353732e+02,  1.50989201e+00]), array([-1.69494955e+02,  1.55097311e-01, -1.27827646e+02,  2.16769541e+00]), array([-169.36076421,    0.37326211, -125.60372673,    2.67596416]), array([-169.12844278,    0.54736602, -122.96135597,    3.09042626]), array([-168.53853241,    0.62304121, -119.85768896,    3.49285989]), array([-167.95427623,    1.11069798, -116.43995385,    3.69963715]), array([-166.85048333,    1.40539246, -112.8060612 ,    3.92570614]), array([-165.4195062 ,    1.69199449, -108.89215438,    4.15188186]), array([-163.71720877,    1.94239084, -104.73703621,    4.2976432 ]), array([-161.77172062,    2.17363433, -100.42162694,    4.45944155]), array([-159.63450382,    2.30193948,  -95.9717883 ,    4.62948011]), array([-157.32926596,    2.54839623,  -91.36999842,    4.71703182]), array([-154.76500508,    3.0097184 ,  -86.64977455,    4.49001465]), array([-151.69876169,    3.40946899,  -82.21079292,    4.20576089]), array([-148.25739367,    3.68997944,  -78.12464249,    3.87508343]), array([-144.62366248,    3.93600458,  -74.29213327,    3.06660363]), array([-140.68756841,    4.14827506,  -71.23880091,    2.419988  ]), array([-136.49631628,    4.35375936,  -68.82625223,    1.65334312]), array([-132.16044713,    4.55358398,  -67.14871353,    1.04696892]), array([-127.53779692,    4.71497249,  -66.11214463,    0.40526636]), array([-122.90980931,    4.81272171,  -65.73755095,   -0.13852459]), array([-118.11431357,    4.84349972,  -65.91923961,   -0.80045969]), array([-113.23620475,    4.75575953,  -66.69911121,   -1.47608682]), array([-108.46452308,    4.83297322,  -68.1591354 ,   -1.39652017]), array([-103.71217661,    4.88641521,  -69.48939209,   -1.24258491]), array([-9.88050422e+01,  4.76723560e+00, -7.07640215e+01,  7.13930246e-02]), array([-94.0596409 ,   4.47973213, -70.65960614,   1.11329572]), array([-89.56907462,   4.52148725, -69.52151909,   0.58439728]), array([-85.08734639,   4.69238954, -69.07880785,   0.4632181 ]), array([-80.30339478,   4.75768041, -68.56876443,   1.21613881]), array([-75.60961305,   4.74347999, -67.33885529,   1.84425227]), array([-70.77783242,   4.83068214, -65.48924505,   2.44857818]), array([-65.93097747,   4.98852983, -63.09590174,   2.89372583]), array([-60.93492199,   4.97759891, -60.21424987,   3.26927165]), array([-55.90576103,   4.93545493, -56.94708074,   3.52429344]), array([-51.00827095,   4.98130435, -53.49339522,   3.83543087]), array([-46.01699399,   4.96813773, -49.72962882,   4.19809751]), array([-41.0645277 ,   4.9195123 , -45.55903852,   4.37056483]), array([-36.15433462,   4.91431342, -41.14865198,   4.5000676 ]), array([-31.31722663,   4.85644868, -36.65446332,   4.70424707]), array([-26.4860462 ,   4.6685806 , -31.91522676,   4.84007389]), array([-21.77760951,   4.50382545, -27.0728771 ,   4.83599413]), array([-17.21572043,   4.36223898, -22.24915197,   4.8913906 ]), array([-12.88755359,   4.30160003, -17.42899153,   4.88256459]), array([ -8.6371373 ,   4.2540062 , -12.59281641,   4.93014591]), array([-4.45407291,  4.1328336 , -7.72613111,  4.88888421]), array([ 0.04577684, -0.02614344, -0.00970053,  0.03409121]), array([ 0.00218253, -0.02935872, -0.02980231,  0.0050956 ]), array([ 0.04290052,  0.0205102 ,  0.05687489, -0.06343338]), array([ 0.10196608, -0.030424  , -0.02426528, -0.02844004]), array([ 0.03098693,  0.02607022, -0.07756811, -0.03968253]), array([-0.00745794, -0.13426492, -0.01232541, -0.06747761]), array([-0.01382094,  0.03524958, -0.06897223, -0.01347206]), array([-0.10156799,  0.00140613, -0.03347795, -0.05860188]), array([-0.02125594, -0.04031127,  0.0088047 ,  0.00978712]), array([ 0.01509795, -0.02188374,  0.01269724, -0.02060503]), array([ 0.0726681 , -0.04609985,  0.00074115,  0.02917041]), array([ 0.03642003, -0.03062931, -0.01381891,  0.00563431]), array([-0.08389069, -0.02677246,  0.04062781,  0.05816145]), array([0.03058059, 0.02336611, 0.07050838, 0.13625768]), array([ 0.03916477, -0.00373411,  0.08191381, -0.0088401 ]), array([0.01666857, 0.08183599, 0.00052984, 0.0203462 ]), array([-0.02374923, -0.0059668 , -0.03648344, -0.05191317]), array([-0.1156528 , -0.05411004,  0.04755341,  0.00942572]), array([ 0.09556538,  0.04723901, -0.02533953,  0.00905249]), array([-0.01198685,  0.01271259, -0.0387227 ,  0.01002846]), array([ 0.0381423 ,  0.00554361, -0.04278107, -0.04427711]), array([ 0.00070009, -0.04955565, -0.03261194,  0.01253472]), array([-0.03007486,  0.08744073, -0.0323963 , -0.01543151]), array([ 0.00971096, -0.00446459,  0.01233039,  0.0104161 ]), array([ 0.0508441 ,  0.04871111, -0.03428917,  0.03981041]), array([ 0.05278344, -0.00675366, -0.04383702, -0.00656847]), array([-0.04558997,  0.03424373,  0.02263929,  0.05994521]), array([-0.06816385, -0.01526914,  0.05774076,  0.08061091]), array([-0.03951193,  0.00180045, -0.02388768,  0.00257918]), array([-0.01504972,  0.03661579,  0.01922481, -0.02260397]), array([-0.02679823,  0.01342139, -0.02018644,  0.08406154]), array([ 0.02940588, -0.00713028,  0.01324118, -0.02795326]), array([ 0.07453912,  0.03410993,  0.02299692, -0.02580571]), array([-0.04853232, -0.05652754,  0.03887464, -0.09007578]), array([-0.07001583,  0.03378379,  0.03932329, -0.0958683 ]), array([-0.15747679,  0.03087611,  0.02054721, -0.02990082]), array([-0.00072691, -0.03254406,  0.00433604, -0.05524449]), array([ 0.03097121,  0.0281312 , -0.04113715, -0.01392096]), array([ 0.06624867, -0.16473897, -0.04641997,  0.01701755]), array([-0.05723537, -0.0427358 , -0.01009277, -0.02366874]), array([ 0.01980323, -0.00671417,  0.09472445,  0.04738727]), array([ 0.09797833, -0.04634864,  0.01041174, -0.04931708]), array([-0.05231444, -0.01032069, -0.06475124, -0.02634499]), array([ 0.01203841,  0.02980295,  0.00632732, -0.05892963]), array([ 0.06773205,  0.04964383, -0.06615592,  0.0650551 ]), array([ 0.01626083,  0.04188736, -0.02359932, -0.06497924]), array([-0.04450101,  0.03142597,  0.0240256 , -0.04553241]), array([ 0.06277823, -0.03909339,  0.03769911,  0.01491909]), array([-0.03230738,  0.02094576,  0.05523074, -0.00595233]), array([ 0.00674236, -0.0068421 ,  0.00309003,  0.05347362]), array([0.09971696, 0.00419139, 0.00905509, 0.01922003]), array([ 0.08667405, -0.00693391,  0.05248243,  0.06680227])]

Actions: [array([0.1038634, 1.       ]), array([0.11768821, 1.        ]), array([0.24506227, 1.        ]), array([0.25899789, 1.        ]), array([0.27395778, 1.        ]), array([0.29223885, 1.        ]), array([0.54748041, 1.        ]), array([0.57241113, 1.        ]), array([0.59275697, 1.        ]), array([0.6129295, 1.       ]), array([0.63408657, 1.        ]), array([0.65630147, 1.        ]), array([0.68144464, 1.        ]), array([1.        , 0.72168797]), array([1.        , 0.62763566]), array([1.        , 0.53601523]), array([ 1.        , -0.00200594]), array([ 1.        , -0.09553383]), array([ 1.        , -0.18792212]), array([ 1.        , -0.28510993]), array([ 1.        , -0.38701775]), array([ 1.        , -0.50490282]), array([ 1.        , -0.64508383]), array([ 1.        , -0.84526637]), array([ 1.        , -0.19705937]), array([ 1.       , -0.1672181]), array([0.77446906, 1.        ]), array([0.64152138, 1.        ]), array([ 1.        , -0.25196264]), array([1.        , 0.01301533]), array([1.        , 0.79638904]), array([1.        , 0.83755358]), array([1.        , 0.87334845]), array([1.       , 0.9069035]), array([1.        , 0.93733808]), array([1.        , 0.96696843]), array([1.       , 0.9955864]), array([0.97699633, 1.        ]), array([0.94979008, 1.        ]), array([0.92732757, 1.        ]), array([0.90667504, 1.        ]), array([0.88503359, 1.        ]), array([0.86414587, 1.        ]), array([0.84371481, 1.        ]), array([0.82008239, 1.        ]), array([0.79663062, 1.        ]), array([0.7610016, 1.       ])]
Bad
Feature: [19, 21, 5163.495230911399]

States: [array([-169.78133712,   -0.60562155, -130.61313518,   -0.43909881]), array([-170.48103824,    0.44965417, -131.02821451,    0.45614035]), array([-170.05895112,    1.23650704, -130.56606931,    1.09327014]), array([-168.72864445,    1.94248968, -129.49265895,    1.62482332]), array([-166.80761447,    2.52728536, -127.81260024,    2.01352856]), array([-164.28207294,    3.06695276, -125.87925454,    2.48395389]), array([-161.25445468,    3.44197197, -123.33310306,    2.68955558]), array([-157.8752685 ,    3.6802377 , -120.60521696,    2.93541815]), array([-154.26804339,    3.97685377, -117.64581938,    3.17438579]), array([-150.28210861,    4.19088721, -114.47717736,    3.27028459]), array([-146.20247628,    4.31056337, -111.20194161,    3.33413813]), array([-141.91971186,    4.38181503, -107.89429577,    3.48796317]), array([-137.52022033,    4.54392077, -104.40495241,    3.47062014]), array([-132.99613549,    4.62889832, -100.90369364,    3.51711874]), array([-128.43491693,    4.67133118,  -97.28872131,    3.49848238]), array([-123.72466471,    4.70126423,  -93.76234564,    3.53564778]), array([-118.96367898,    4.71790964,  -90.283938  ,    3.57131877]), array([-114.21291354,    4.75731985,  -86.66066982,    3.59474527]), array([-109.38898675,    4.76362214,  -83.00263113,    3.61044709]), array([-104.64517704,    4.80735484,  -79.39392359,    3.64353851]), array([-99.80561161,   4.84528934, -75.65795678,   3.75667804]), array([-95.02264502,   4.93296289, -71.8816863 ,   3.7790761 ]), array([-89.9685869 ,   4.98343578, -68.07759759,   3.73041826]), array([-85.01784112,   4.95484835, -64.47714321,   3.8111358 ]), array([-80.0060535 ,   4.96403507, -60.74086783,   3.82813122]), array([-75.03034171,   4.92967741, -56.96657947,   3.87130244]), array([-70.11829984,   4.95974556, -53.07775135,   3.87738311]), array([-65.17097726,   4.93928839, -49.25133215,   3.84360152]), array([-60.22025038,   4.97301867, -45.39562319,   3.82477239]), array([-55.16047468,   5.07182073, -41.60002256,   3.87358253]), array([-50.09929217,   5.02665306, -37.82850747,   3.82561625]), array([-45.178488  ,   4.97090994, -34.06874266,   3.8265304 ]), array([-40.17783078,   4.94144142, -30.2739447 ,   3.80642011]), array([-35.17081758,   4.99089565, -26.50327618,   3.79757487]), array([-30.09285513,   5.05956782, -22.69173784,   3.72595091]), array([-25.1033656 ,   5.12706842, -19.00954388,   3.79536287]), array([-19.9507342 ,   5.05487113, -15.17759966,   3.86491868]), array([-14.93262812,   5.02279007, -11.37171687,   3.78424286]), array([-9.95140371,  5.01784172, -7.58679654,  3.81924473]), array([-4.88216835,  5.00942775, -3.90784177,  3.70602149]), array([ 0.09912405, -0.00754004,  0.06009945,  0.04484773]), array([-0.14778711, -0.05556629,  0.02292018, -0.1007918 ]), array([ 0.05620487, -0.03861617,  0.07099545,  0.11358053]), array([ 0.0044016 , -0.08276302, -0.00912678,  0.1120043 ]), array([-0.09842566,  0.00942802,  0.01582807,  0.06326154]), array([ 0.08675922, -0.0542664 ,  0.01562759,  0.05933526]), array([-0.01201583, -0.038678  , -0.04796422, -0.16181197]), array([ 0.05034493, -0.00192455,  0.01615832, -0.01239512]), array([ 0.00275519, -0.07003994, -0.01988418,  0.01736403]), array([-0.0208792 , -0.02591943, -0.00838011,  0.06098209]), array([0.00259719, 0.03725816, 0.06392939, 0.00508769]), array([ 0.06328645, -0.05229255, -0.11540614, -0.12164118]), array([ 0.05775653,  0.01514036,  0.12066926, -0.02046499]), array([-0.05323795, -0.00302651,  0.00136978,  0.07974975]), array([ 0.04065114, -0.05887586, -0.01797779,  0.01633115]), array([-0.05734316,  0.03325318, -0.00821451,  0.04253987]), array([-0.06076152, -0.02613486, -0.00745753,  0.007591  ]), array([-0.0899379 ,  0.01478375,  0.02509275, -0.06878402]), array([-0.03594091, -0.03298696,  0.05704265, -0.05959939]), array([-0.02822381, -0.06969191, -0.00014951,  0.0260638 ]), array([-0.01141567,  0.04861891, -0.02940948, -0.06835069]), array([ 0.05884849, -0.05961432,  0.01324138,  0.03463373]), array([-0.0641395 , -0.01774485,  0.03977028,  0.04849594]), array([ 0.03450445, -0.06167492,  0.04993579, -0.04625087]), array([-0.0415584 , -0.0002044 , -0.0492245 ,  0.00482694]), array([-0.02069837,  0.03107059,  0.03793272, -0.04931983]), array([-0.04838583, -0.07206771,  0.00453845,  0.04299377]), array([ 0.01182266,  0.03347903, -0.03541734,  0.05109346]), array([-0.00922769, -0.01773205, -0.07401716,  0.05426613]), array([ 0.02887602, -0.02312194, -0.02101041,  0.03627281]), array([-0.01830274,  0.01242411,  0.02907796, -0.05261566]), array([-0.05792471,  0.00736957, -0.06675975, -0.00456399]), array([-0.06302024, -0.02020249, -0.00450016,  0.0111505 ]), array([0.03905017, 0.00584235, 0.02463127, 0.00310967]), array([ 0.03594331,  0.06556001,  0.01443978, -0.04347987]), array([-0.02633428,  0.01192365, -0.02152216, -0.05421496]), array([ 0.04710865,  0.03613182, -0.02232567,  0.00863688]), array([ 0.08382296, -0.06003619,  0.0413306 ,  0.05179725]), array([ 0.02742141, -0.09844708,  0.03423741, -0.00676383]), array([-0.04865247, -0.08153719, -0.0291142 ,  0.01301815]), array([-0.0130777 , -0.00626822, -0.01411206,  0.0070664 ]), array([0.00383456, 0.0349452 , 0.0454753 , 0.00374955]), array([0.01312103, 0.02475732, 0.07017014, 0.02192998]), array([-0.11335479, -0.00180256, -0.03394998,  0.03474281]), array([-0.00598121,  0.04815113,  0.0265452 , -0.02808474]), array([-0.00264529,  0.03775259,  0.04026106,  0.03193808]), array([-0.08924492,  0.08123093, -0.00937334,  0.0160812 ]), array([ 0.04350332, -0.08040033,  0.02265178, -0.06720261]), array([-0.03172128, -0.00415586, -0.0143184 , -0.0401826 ]), array([ 0.02087661,  0.00972183, -0.04493479,  0.01128936]), array([ 0.06316959,  0.02327682,  0.05319121, -0.06931807]), array([ 0.05672601,  0.02811481, -0.03658802, -0.11045489]), array([ 0.08221553,  0.01467498, -0.02097561, -0.01409783]), array([-0.00934262, -0.05821365,  0.03167828, -0.05345832]), array([-0.03623107, -0.03651982, -0.00621056, -0.01342103]), array([-0.02646028, -0.06935384,  0.04250699, -0.05682767]), array([-0.00407169,  0.04124073, -0.02304205, -0.01051775]), array([-0.08409717, -0.07726007, -0.07809587,  0.12247743]), array([-0.02760056,  0.00526273,  0.00347069,  0.02265796]), array([ 0.02257534, -0.03300672,  0.06119923, -0.02489618])]

Actions: [array([1.        , 0.76712416]), array([1.        , 0.76641437]), array([1.        , 0.76560358]), array([1.        , 0.76527988]), array([1.        , 0.76402846]), array([1.       , 0.7640057]), array([1.        , 0.76256901]), array([1.        , 0.76161812]), array([1.        , 0.76025183]), array([1.        , 0.75933714]), array([1.        , 0.75813144]), array([1.        , 0.75770624]), array([1.        , 0.75658091]), array([1.        , 0.75599542]), array([1.       , 0.7547069]), array([1.        , 0.75493538]), array([1.        , 0.75590133]), array([1.        , 0.75562208]), array([1.        , 0.75550451]), array([1.        , 0.75527023]), array([1.       , 0.7544684]), array([1.        , 0.75272126]), array([1.        , 0.75272355]), array([1.        , 0.75419029]), array([1.        , 0.75472845]), array([1.        , 0.75447868]), array([1.        , 0.75190645]), array([1.        , 0.75029578]), array([1.        , 0.74798739]), array([1.        , 0.74779219]), array([1.        , 0.74805073]), array([1.        , 0.74634337]), array([1.        , 0.74482143]), array([1.        , 0.74367692]), array([1.        , 0.74254372]), array([1.        , 0.74341587]), array([1.        , 0.74334905]), array([1.        , 0.73858347]), array([1.        , 0.72886969])]