
Good
Feature: [14, 36, 6268.994705799451]

States: [array([-169.35936699,    0.86805707, -129.09663446,   -0.66940997]), array([-168.48564481,    0.88636393, -129.77924523,    0.45925311]), array([-167.58308083,    0.81253931, -129.36074186,    1.41206425]), array([-166.75358573,    0.74849326, -127.93237896,    2.07379616]), array([-166.09973176,    0.72572757, -125.82543172,    2.72908172]), array([-165.39997112,    0.92112616, -123.08513426,    3.09381948]), array([-164.49378459,    1.15111942, -119.98184232,    3.46044691]), array([-163.24186039,    1.25376209, -116.53452581,    3.84451616]), array([-161.9156817 ,    1.47399903, -112.70411575,    4.12989538]), array([-160.41363392,    1.7228202 , -108.52890532,    4.33917479]), array([-158.71026108,    1.9437705 , -104.21125775,    4.49722011]), array([-156.76725219,    2.1501555 ,  -99.6683846 ,    4.55499395]), array([-154.55617363,    1.97368136,  -95.11221022,    4.64973534]), array([-152.5173309 ,    1.78680807,  -90.48283283,    4.64071345]), array([-150.68747774,    1.59736442,  -85.81155971,    4.79307658]), array([-149.14507982,    1.47258016,  -81.03150898,    4.87436935]), array([-147.68418221,    2.10029473,  -76.14922446,    4.88300328]), array([-145.52196242,    2.53018166,  -71.22180958,    4.96264159]), array([-142.95745068,    2.86863451,  -66.23433134,    4.95610125]), array([-140.03386081,    3.29273016,  -61.38882181,    4.53018081]), array([-136.8512429 ,    3.6468217 ,  -56.83437302,    4.21076917]), array([-133.22241588,    3.98890582,  -52.61562433,    3.83057023]), array([-129.22925218,    4.22695214,  -48.76182191,    3.40111604]), array([-124.96723103,    4.43168281,  -45.36540864,    3.09142404]), array([-120.58061447,    4.57125166,  -42.24219915,    2.80218934]), array([-115.96260798,    4.36834884,  -39.48022655,    3.20019581]), array([-111.57205909,    4.29465835,  -36.35143064,    3.51310627]), array([-107.27563933,    4.24261316,  -32.85426207,    3.87562003]), array([-103.07200741,    4.17041345,  -29.03637989,    4.09779743]), array([-98.88924108,   4.050103  , -24.87865987,   4.28579387]), array([-94.8607849 ,   4.20300856, -20.56635674,   4.27219513]), array([-90.75436828,   4.30013518, -16.31741233,   3.48460553]), array([-86.3806255 ,   4.41392291, -12.81545542,   2.99074349]), array([-81.9601672 ,   4.49888416,  -9.78094394,   2.48397196]), array([-77.4677984 ,   4.60252549,  -7.21137316,   1.97788521]), array([-72.92068413,   4.66681678,  -5.23727906,   1.75114286]), array([-68.22927868,   4.69579699,  -3.52981252,   1.58808464]), array([-63.55738191,   4.74861909,  -2.0452302 ,   1.38926217]), array([-58.8584991 ,   4.75893323,  -0.56486576,   1.25294885]), array([-54.09871464,   4.80533412,   0.71192167,   1.15175208]), array([-49.26190303,   4.7295754 ,   1.82302333,   1.04178764]), array([-44.52074691,   4.82797606,   2.7947203 ,   0.86038995]), array([-39.75348925,   4.91487262,   3.61903229,   0.75884944]), array([-34.85826427,   4.84571859,   4.29191563,   0.62075291]), array([-30.04105559,   4.79538475,   4.92999123,   0.50388217]), array([-25.24450079,   4.70760755,   5.48450166,   0.42395783]), array([-20.56916097,   4.79660401,   5.92905138,   0.32676007]), array([-15.82693847,   4.89325451,   6.24396402,   0.23322123]), array([-10.97068162,   4.9282093 ,   6.43866908,   0.19177928]), array([-6.02418013,  4.98009905,  6.61852752,  0.08821468]), array([ 0.08005071,  0.0795301 , -0.03305937, -0.01075504]), array([-0.06975549,  0.03268983, -0.03426632, -0.00323413]), array([-0.0482054 , -0.04986787,  0.00779779,  0.03773472]), array([-0.03731923, -0.00189093,  0.02462793,  0.01347068]), array([ 0.02102231,  0.11816936, -0.00510969,  0.03914642]), array([ 0.07246754,  0.03991748,  0.00323152, -0.02397693]), array([-0.07355945,  0.01618697, -0.01320699,  0.02541869]), array([-0.03919939,  0.0436077 , -0.00099516,  0.10834483]), array([ 0.02338375,  0.02701529,  0.07648279, -0.01117946]), array([-0.04231269,  0.03208727, -0.06825203,  0.05024784]), array([-0.02671222,  0.0235862 , -0.01661416, -0.06505362]), array([-0.01537165, -0.02991426, -0.01394191,  0.07162032]), array([-0.082615  , -0.05697612, -0.06264593,  0.03746463]), array([-0.054147  ,  0.02119524,  0.1175279 ,  0.02781993]), array([ 0.02234726, -0.02516923,  0.03256144, -0.02224007]), array([0.01451938, 0.00413936, 0.0167833 , 0.01788731]), array([ 0.06508718, -0.04925029,  0.11546139, -0.00161866]), array([-0.04592186,  0.06278163, -0.00337002,  0.02594398]), array([-0.10583672,  0.06628866, -0.07014542,  0.05296379]), array([ 0.03663628,  0.06809124, -0.08225618, -0.03556155]), array([ 0.01983555,  0.04553124,  0.02043845, -0.10454623]), array([-0.00297129, -0.01585799, -0.09276384,  0.05657499]), array([ 0.02359063,  0.02295739, -0.03610702, -0.03796876]), array([ 0.02966038,  0.08436663, -0.03736921, -0.0110974 ]), array([-0.00442176, -0.06947994, -0.03550911,  0.00532892]), array([-0.05710558, -0.04570029,  0.06491276, -0.04769658]), array([ 0.04777841, -0.01640093, -0.03988922, -0.02845513]), array([ 0.04446139, -0.04975007,  0.00762779,  0.01758881]), array([-0.06226554, -0.02553255,  0.03091144,  0.08759765]), array([-0.02938864,  0.00754734, -0.06508493, -0.02480644]), array([-0.03775301,  0.04697282,  0.02639535, -0.12051913]), array([ 0.00304825,  0.02370569, -0.05256986, -0.02119342]), array([-0.10501185, -0.0454975 , -0.04490952,  0.03011041]), array([-0.05355169, -0.0678166 , -0.00012186, -0.03311703]), array([-0.00449764,  0.07401063,  0.14070937,  0.0373153 ]), array([ 0.04524413,  0.00710287, -0.07089875,  0.05653916]), array([-0.0409107 , -0.00419961,  0.00467608,  0.01861861]), array([-0.01964228, -0.07255754,  0.0548302 ,  0.04652912]), array([ 0.03652724, -0.01813773,  0.03257733,  0.09225958]), array([ 0.02019915,  0.02471471, -0.01876014, -0.03411242]), array([0.06904285, 0.02351191, 0.04992076, 0.02465676]), array([-0.06082177, -0.03174591, -0.01074833, -0.03355554]), array([-0.02003714,  0.043901  ,  0.1260776 , -0.01783373]), array([ 0.03462531, -0.00990388,  0.03752033,  0.04203558]), array([ 0.02738115, -0.0137068 , -0.04999855,  0.03275563]), array([-0.10302646, -0.04498429, -0.03250285,  0.00802603]), array([-0.16837463,  0.06087595,  0.02343905, -0.02027659]), array([ 0.07230052, -0.00058298,  0.07959205, -0.01268277]), array([-0.1041937 , -0.06003091,  0.04744396,  0.00532087]), array([-0.09199723, -0.07583818,  0.03247636, -0.03055823])]

Actions: [array([0.17429611, 1.        ]), array([0.14560596, 1.        ]), array([0.12098413, 1.        ]), array([0.10093499, 1.        ]), array([0.26840644, 1.        ]), array([0.26954225, 1.        ]), array([0.26708519, 1.        ]), array([0.53054185, 1.        ]), array([0.54380286, 1.        ]), array([0.55946473, 1.        ]), array([0.57538086, 1.        ]), array([0.22504001, 1.        ]), array([0.1941017, 1.       ]), array([0.16026283, 1.        ]), array([0.12301252, 1.        ]), array([0.80582394, 1.        ]), array([0.84864803, 1.        ]), array([0.88687368, 1.        ]), array([1.        , 0.62871414]), array([1.        , 0.47057277]), array([1.        , 0.44803359]), array([1.        , 0.37843814]), array([1.        , 0.36059159]), array([1.        , 0.34743893]), array([0.75569702, 1.        ]), array([0.82597132, 1.        ]), array([0.78991939, 1.        ]), array([0.75700526, 1.        ]), array([0.72630682, 1.        ]), array([1.        , 0.84177288]), array([1.        , 0.15402983]), array([1.        , 0.11435751]), array([1.        , 0.07976828]), array([1.        , 0.04720649]), array([1.        , 0.16257854]), array([1.        , 0.14610468]), array([1.        , 0.13155943]), array([1.        , 0.11829671]), array([1.        , 0.10311476]), array([1.       , 0.0891131]), array([1.        , 0.07585574]), array([1.        , 0.06270943]), array([1.        , 0.05013794]), array([1.       , 0.0385523]), array([1.        , 0.02445011]), array([1.        , 0.00842292]), array([ 1.        , -0.00950061]), array([ 1.        , -0.02965188]), array([ 1.        , -0.05569193])]
Bad
Feature: [18, 20, 4861.505368540857]

States: [array([-169.41127915,   -0.37923076, -129.82761152,    0.40061586]), array([-169.74771642,    0.74448268, -129.45703761,    1.12569573]), array([-168.99663973,    1.5948262 , -128.18763478,    1.64057582]), array([-167.4230039 ,    2.23135364, -126.66624367,    2.07018965]), array([-165.14713546,    2.89468246, -124.53878165,    2.39356276]), array([-162.20931916,    3.30670249, -122.14041408,    2.61241859]), array([-158.84976176,    3.62758215, -119.41273175,    2.86481029]), array([-155.2771691 ,    3.92995266, -116.49994454,    2.99052247]), array([-151.37883037,    4.19804136, -113.59096185,    3.17942827]), array([-147.29436969,    4.39522305, -110.47640989,    3.36454112]), array([-142.84370851,    4.55472484, -107.09499676,    3.55313926]), array([-138.27318486,    4.67385208, -103.67344438,    3.57345274]), array([-133.53653776,    4.75420707, -100.09717269,    3.7327294 ]), array([-128.7981972 ,    4.89564587,  -96.31050732,    3.74031013]), array([-123.86942682,    5.01572487,  -92.49585884,    3.73695939]), array([-118.84212213,    5.02318562,  -88.73017341,    3.73279881]), array([-113.76194561,    5.02108667,  -85.01270835,    3.72361269]), array([-108.60991315,    5.08272363,  -81.3709402 ,    3.75015956]), array([-103.56097695,    5.08268113,  -77.61173789,    3.73171096]), array([-98.46208486,   5.10711163, -73.88606931,   3.75129538]), array([-93.34633703,   5.09458787, -70.15034105,   3.83252149]), array([-88.28045783,   5.15425435, -66.33593961,   3.94444305]), array([-83.19386376,   5.07318653, -62.3155393 ,   3.97424957]), array([-78.06157165,   5.03223644, -58.25061864,   3.95700605]), array([-73.03409196,   5.08420595, -54.2745674 ,   3.99618384]), array([-67.96705411,   5.14555488, -50.23085703,   4.00357935]), array([-62.8213358 ,   5.16327825, -46.22858869,   3.93342476]), array([-57.71392279,   5.06416713, -42.32046986,   3.90564847]), array([-52.56622649,   5.05615672, -38.492955  ,   4.00374667]), array([-47.49283458,   5.04138245, -34.49115084,   3.93213265]), array([-42.48392328,   5.05653008, -30.45934928,   3.93001523]), array([-37.39995715,   5.02775805, -26.5884129 ,   3.85312389]), array([-32.37699036,   5.02026192, -22.74259478,   3.76998309]), array([-27.41794727,   5.02296284, -19.00044693,   3.72158464]), array([-22.38361685,   5.07099445, -15.18877634,   3.69313696]), array([-17.27722505,   5.06700276, -11.44918523,   3.76093489]), array([-12.18606792,   5.14981496,  -7.73997639,   3.83314365]), array([-6.9573916 ,  5.06898162, -3.91552047,  3.90909029]), array([-0.04000148, -0.00063939, -0.03246048, -0.0277531 ]), array([ 0.0718259 , -0.1043328 ,  0.0400801 ,  0.01700646]), array([-0.05365818,  0.08436723,  0.00738312,  0.01664145]), array([ 0.03564639,  0.0716996 ,  0.07100974, -0.01882697]), array([ 0.05846802,  0.00194986, -0.12557346, -0.02367236]), array([ 0.03266301,  0.00389623,  0.09844275, -0.01324779]), array([ 0.03452663, -0.0514438 , -0.01545917,  0.01172659]), array([ 0.02317801, -0.05086976,  0.04382845, -0.05125274]), array([-0.03025061, -0.03082961,  0.01224643, -0.04864127]), array([-0.10431788, -0.01222661,  0.05889185,  0.04396894]), array([ 0.02468213, -0.00702427,  0.07036144,  0.03398347]), array([ 0.0519067 , -0.05061328, -0.00177443,  0.008804  ]), array([-0.00125171,  0.07187181,  0.04260614, -0.0257354 ]), array([ 0.05269495,  0.01699675, -0.03500547, -0.04156889]), array([ 0.02389341,  0.00304596, -0.00925425,  0.0204688 ]), array([-0.03487475, -0.01230947,  0.00615555, -0.00998995]), array([ 0.03731923, -0.00390377,  0.03341607, -0.03739168]), array([-0.0232239 ,  0.01411988,  0.00971464,  0.08332611]), array([-0.00169885, -0.02145178, -0.13137192, -0.03583534]), array([ 0.0429117 , -0.04252032,  0.00212645,  0.06818971]), array([-0.09217313,  0.01663303,  0.02148241, -0.00851615]), array([-0.09442832, -0.0121171 , -0.03947476, -0.02289852]), array([ 0.05449468, -0.06049373,  0.0115213 , -0.05239932]), array([-0.01727369, -0.03955696, -0.02995599,  0.03557488]), array([ 0.04085402,  0.03902981, -0.02686992, -0.01084542]), array([ 0.0298015 ,  0.03125272,  0.03343866, -0.06102126]), array([-0.11107415, -0.02942012,  0.02638528,  0.09741001]), array([-0.06402488,  0.05789992,  0.01425454,  0.03667792]), array([ 5.44442070e-03,  1.01482394e-01,  5.04011949e-05, -9.25846661e-02]), array([ 0.0657045 ,  0.05628986, -0.0069581 , -0.00940409]), array([ 0.00187436, -0.03103149, -0.00330306,  0.00083101]), array([ 0.07244391, -0.06887091,  0.08891787, -0.00720299]), array([-0.01253367,  0.01412152, -0.02785984, -0.03488022]), array([ 0.02970738, -0.02974449,  0.00431265,  0.05219687]), array([-0.04963759,  0.01886822,  0.03807184, -0.03328439]), array([-0.04078518, -0.00143062,  0.04968591,  0.05674799]), array([ 0.06791957, -0.0962087 , -0.08173917, -0.03808057]), array([ 0.02170858, -0.04585821, -0.02097807, -0.03468281]), array([ 0.06859967, -0.01697157,  0.06271359, -0.0866064 ]), array([-0.06483304,  0.06114102, -0.00351778,  0.01862335]), array([-0.03163489,  0.00298517, -0.03905645,  0.15870745]), array([ 0.01982616, -0.03377389,  0.0195198 , -0.04504806]), array([ 0.00114527,  0.15151226, -0.0059611 , -0.03128633]), array([ 0.07827503, -0.07192862, -0.04624583,  0.0304783 ]), array([ 0.03753672,  0.04236451, -0.02568146,  0.00606469]), array([-0.00058445, -0.01607431,  0.03335272,  0.05955651]), array([-0.07916568,  0.06003108,  0.04424329, -0.00115752]), array([-0.02086766, -0.02128164, -0.00093144,  0.00934904]), array([ 0.01348655, -0.07105444, -0.00581171, -0.0246466 ]), array([-0.02549797, -0.00247664,  0.02646758, -0.07434743]), array([-0.07598456,  0.00064307,  0.0670482 ,  0.03312501]), array([-0.09346309,  0.04362424,  0.02923803, -0.00272574]), array([ 0.00601338,  0.09593924,  0.08137956, -0.03767832]), array([ 0.05595008,  0.03628081,  0.00052161, -0.06945495]), array([-0.00465467, -0.04395197, -0.01390184, -0.01111511]), array([-0.0078617 ,  0.02027844, -0.00282599,  0.01793808]), array([-0.02270698, -0.03312765, -0.08856357,  0.02404349]), array([-0.0833681 , -0.01511609, -0.01592567, -0.02765658]), array([ 0.0416323 , -0.01710884,  0.03796102,  0.12312474]), array([-0.00898811, -0.00335351,  0.07677538,  0.0235887 ]), array([ 0.02509158,  0.00302625, -0.0577729 ,  0.06936072]), array([ 0.04451867, -0.10450435,  0.01606006,  0.052229  ])]

Actions: [array([1.        , 0.78015794]), array([1.       , 0.7764728]), array([1.        , 0.77246064]), array([1.        , 0.77065596]), array([1.        , 0.76842159]), array([1.        , 0.76756381]), array([1.        , 0.76663764]), array([1.        , 0.76553218]), array([1.        , 0.76602315]), array([1.       , 0.7661185]), array([1.        , 0.76631398]), array([1.        , 0.76689059]), array([1.        , 0.76730526]), array([1.       , 0.7661518]), array([1.        , 0.76584632]), array([1.        , 0.76654502]), array([1.        , 0.76807111]), array([1.        , 0.77092127]), array([1.      , 0.772182]), array([1.        , 0.77428755]), array([1.        , 0.77664995]), array([1.        , 0.77797875]), array([1.        , 0.77723796]), array([1.        , 0.77629026]), array([1.        , 0.77531427]), array([1.        , 0.77366916]), array([1.        , 0.77334252]), array([1.        , 0.77403977]), array([1.        , 0.77691522]), array([1.       , 0.7756996]), array([1.       , 0.7724114]), array([1.        , 0.77383084]), array([1.        , 0.77502539]), array([1.        , 0.77846246]), array([1.        , 0.78285915]), array([1.        , 0.79621738]), array([1.        , 0.82043692])]