
Good
Feature: [10, 41, 6347.640785670237]

States: [array([-1.69480945e+02, -1.15612356e+00, -1.29085706e+02,  1.56592814e-01]), array([-170.63782174,   -0.7286185 , -128.94999168,    1.20211689]), array([-171.41779808,   -0.47494362, -127.76708674,    1.99253718]), array([-171.88457146,   -0.19888233, -125.70380291,    2.6690305 ]), array([-1.72051640e+02,  5.60242960e-02, -1.23005797e+02,  3.28290910e+00]), array([-172.06050741,    0.25113056, -119.78972755,    3.62828772]), array([-171.76745807,    0.4332431 , -116.25330428,    3.85719458]), array([-171.34930346,    0.70368096, -112.27430458,    4.08001342]), array([-170.62633118,    0.94828153, -108.18340328,    4.26910096]), array([-169.74798255,    1.18290978, -103.88048808,    4.51912363]), array([-168.54400632,    1.76390767,  -99.29888701,    4.61312619]), array([-166.82276365,    2.27544781,  -94.6168694 ,    4.70113368]), array([-164.57765261,    2.88687543,  -89.87156447,    4.65595329]), array([-161.75828154,    3.2763688 ,  -85.26345739,    4.69997082]), array([-158.57346567,    3.64537033,  -80.62017103,    4.66716364]), array([-154.91147242,    3.90085675,  -75.88248881,    4.44434661]), array([-151.03347795,    4.17375679,  -71.34499698,    4.06420907]), array([-146.84688663,    4.35083988,  -67.16520874,    3.74294606]), array([-142.49694064,    4.46862634,  -63.43468559,    3.45120942]), array([-137.95879612,    4.53254409,  -59.97410734,    3.57364934]), array([-133.4134531 ,    4.68458762,  -56.47016574,    3.78670585]), array([-128.81432809,    4.7744982 ,  -52.62563017,    3.96995966]), array([-124.18028737,    4.81974761,  -48.6639769 ,    3.99489731]), array([-119.40560937,    4.88886836,  -44.71344958,    4.09352315]), array([-114.61181884,    4.89207132,  -40.63304473,    4.21095538]), array([-109.71292735,    4.86573098,  -36.48510802,    4.33256106]), array([-104.84014541,    4.89303188,  -32.21910434,    4.52727497]), array([-100.01304001,    4.14953879,  -27.68287922,    4.60407209]), array([-95.82525196,   3.54150715, -23.02549428,   4.78937627]), array([-92.20292356,   2.99256886, -18.19756916,   4.82268082]), array([-89.14477012,   2.45008062, -13.43797323,   4.82674275]), array([-86.65504489,   1.88306524,  -8.63571981,   4.77502039]), array([-84.82540462,   2.56024702,  -3.86305119,   3.81076437]), array([-8.23028992e+01,  2.98767162e+00, -4.55137853e-02,  3.02857140e+00]), array([-79.35648572,   3.3917452 ,   3.04370144,   2.33062165]), array([-76.01243132,   3.68252685,   5.41577528,   1.85075768]), array([-72.27570039,   3.94031366,   7.27364982,   1.38811646]), array([-68.34814471,   4.1360336 ,   8.68948879,   0.95888583]), array([-64.2760942 ,   4.35149805,   9.66621219,   0.55703252]), array([-59.94466543,   4.48959116,  10.23013434,   0.1389597 ]), array([-55.44682173,   4.63941292,  10.29695627,  -0.15015126]), array([-50.80701321,   4.7160471 ,  10.18050599,  -0.39270853]), array([-45.99591715,   4.72206296,   9.86389141,  -0.68111983]), array([-41.2913312 ,   4.77802544,   9.1505237 ,  -0.81523633]), array([-36.56873513,   4.85764048,   8.26238317,  -1.006996  ]), array([-31.68190179,   4.78446626,   7.31344239,  -1.22626302]), array([-26.88250335,   4.75758711,   5.98938576,  -1.22831128]), array([-22.07026176,   4.80764494,   4.79785413,  -1.12494208]), array([-17.182745  ,   4.89289618,   3.67477237,  -1.01087885]), array([-12.31042724,   4.8548752 ,   2.67502004,  -0.89750653]), array([-7.47058796,  4.91662169,  1.81037804, -0.71168187]), array([-0.06450029,  0.02943919,  0.08147292,  0.06025596]), array([ 0.06137708,  0.02208203, -0.03440171, -0.09148709]), array([-0.01717571,  0.00274872, -0.00531914,  0.01897467]), array([ 0.0733898 , -0.03093946,  0.00248948,  0.07567091]), array([-0.01053489, -0.01119302,  0.00860555,  0.02720977]), array([0.0558017 , 0.02355231, 0.04209658, 0.00013231]), array([ 0.07350139, -0.01859445,  0.09458643,  0.01902157]), array([ 0.04362802,  0.03006817, -0.01872537,  0.0151868 ]), array([ 0.03891527, -0.01760154, -0.02636606,  0.02005026]), array([0.00786317, 0.01083646, 0.05599946, 0.00327399]), array([-0.03304471,  0.06208773, -0.01338321, -0.04171627]), array([-0.02008412,  0.0219757 ,  0.03713816, -0.0182955 ]), array([ 0.02327599, -0.04384327,  0.03655733, -0.00785907]), array([ 0.061821  ,  0.09258391, -0.14668362,  0.03979296]), array([-0.0175379 , -0.03074445,  0.03644159,  0.15990387]), array([-0.05238129,  0.00625811,  0.06194325, -0.01961179]), array([0.0204193 , 0.02669635, 0.02931867, 0.00904425]), array([-0.0474225 , -0.06071023, -0.02788304, -0.08419742]), array([ 0.01302341, -0.09396828,  0.02930007,  0.07660244]), array([-0.06578749, -0.01442281,  0.04822676, -0.02080462]), array([-0.0998364 , -0.0449451 , -0.03804179, -0.03155479]), array([ 0.01300261, -0.06545969,  0.02693961,  0.02105188]), array([-0.0206342 , -0.02924841, -0.02703275,  0.00516423]), array([ 0.0107879 , -0.04762425, -0.03768326, -0.01467382]), array([-0.08264328,  0.00283977,  0.03112243, -0.01247996]), array([-0.02972406, -0.00349819, -0.00236244,  0.02977998]), array([0.06785857, 0.01937592, 0.01614769, 0.00286252]), array([ 0.01242552, -0.05948232, -0.00524774, -0.03137229]), array([-0.05200936,  0.01215613, -0.02469189, -0.0445779 ]), array([ 0.00549455,  0.02602539, -0.02131569, -0.00203812]), array([-0.0308002 , -0.08349719, -0.09028941,  0.00336937]), array([ 0.05137858,  0.05371665, -0.04926417, -0.0417643 ]), array([ 0.04659537, -0.01434248, -0.05089706,  0.04823975]), array([ 0.01085219, -0.01634702, -0.04463326, -0.04187847]), array([ 0.05300685,  0.01968635, -0.08364228,  0.06279952]), array([ 0.01229065, -0.12587566, -0.0567994 , -0.05136753]), array([-0.0553455 , -0.03379932,  0.03308508, -0.01804346]), array([ 0.03164948,  0.0254141 , -0.02265366,  0.00744026]), array([ 0.06460892, -0.04044963, -0.04424363, -0.03008392]), array([ 0.00150884,  0.01121027, -0.04476105, -0.02652457]), array([-0.02615602, -0.00901204,  0.06180092,  0.00173133]), array([-0.00046791,  0.03708495, -0.04976694,  0.04739516]), array([0.03936648, 0.02308548, 0.06606189, 0.09356444]), array([-0.10074915,  0.05498056,  0.02290261,  0.0138002 ]), array([ 0.00988235, -0.01457807,  0.0012627 , -0.0540982 ]), array([ 0.00351662, -0.0403754 ,  0.03010009,  0.07991697]), array([-0.06097945,  0.05485475, -0.03167732,  0.03876214]), array([-0.03336076, -0.01645197,  0.03957097,  0.03150494]), array([-0.03301095,  0.07673707, -0.13375034, -0.00392202])]

Actions: [array([0.17506846, 1.        ]), array([0.19611635, 1.        ]), array([0.21454586, 1.        ]), array([0.23175494, 1.        ]), array([0.24755486, 1.        ]), array([0.26470757, 1.        ]), array([0.33534578, 1.        ]), array([0.35807428, 1.        ]), array([0.37855722, 1.        ]), array([0.77273843, 1.        ]), array([0.85550901, 1.        ]), array([0.95252421, 1.        ]), array([1.       , 0.9315072]), array([1.        , 0.81736627]), array([1.        , 0.67347563]), array([1.        , 0.45748554]), array([1.        , 0.43504087]), array([1.      , 0.404205]), array([1.       , 0.8589809]), array([1.        , 0.86662417]), array([1.       , 0.8748803]), array([1.        , 0.87860413]), array([1.        , 0.88113052]), array([1.        , 0.88776068]), array([1.        , 0.92255458]), array([1.        , 0.99307948]), array([0.27740454, 1.        ]), array([0.19483045, 1.        ]), array([0.10976082, 1.        ]), array([0.01808841, 1.        ]), array([-0.08448948,  1.        ]), array([1.        , 0.05335216]), array([ 1.        , -0.00293905]), array([ 1.        , -0.05043703]), array([ 1.        , -0.09217109]), array([ 1.        , -0.12827511]), array([ 1.        , -0.16142623]), array([ 1.       , -0.1922168]), array([ 1.        , -0.22036698]), array([ 1.        , -0.24647002]), array([ 1.        , -0.26836955]), array([ 1.       , -0.2913895]), array([ 1.        , -0.31593147]), array([ 1.        , -0.33549157]), array([ 1.        , -0.35550191]), array([ 1.        , -0.18897984]), array([ 1.        , -0.17369467]), array([ 1.        , -0.15786843]), array([ 1.        , -0.13788106]), array([ 1.        , -0.11208581])]
Bad
Feature: [12, 33, 5610.761419657118]

States: [array([-170.27310318,   -0.23790419, -128.8524777 ,    0.54289987]), array([-170.4978131 ,    0.23814855, -128.2112622 ,    1.43283915]), array([-170.26654949,    0.65320764, -126.73357775,    2.25863219]), array([-169.7189574 ,    0.96496446, -124.4466497 ,    2.75349324]), array([-168.75061029,    1.17976202, -121.62438591,    3.16982128]), array([-167.51541504,    1.63963084, -118.36580997,    3.58458079]), array([-165.91340821,    2.02010359, -114.75780039,    3.85450267]), array([-163.88716132,    2.08673049, -110.87349963,    4.0507207 ]), array([-161.787229  ,    2.25642326, -106.80753298,    4.20195508]), array([-159.57940752,    2.33529689, -102.58461192,    4.40186773]), array([-157.25372003,    2.35204474,  -98.16289156,    4.59800117]), array([-154.93178805,    2.37673411,  -93.57895621,    4.72248796]), array([-152.65061901,    2.31295842,  -88.92577253,    4.75927368]), array([-150.28111603,    2.90450233,  -84.13449789,    4.74325933]), array([-147.31239774,    3.34408571,  -79.42760427,    4.63481512]), array([-143.96350663,    3.64440361,  -74.83329461,    4.52332334]), array([-140.30609827,    3.9310448 ,  -70.33694604,    4.37909826]), array([-136.38406602,    4.09461577,  -66.03342158,    4.52477885]), array([-132.29612641,    4.19163973,  -61.51434193,    4.61293812]), array([-128.02087089,    4.27347414,  -56.90228356,    4.63106434]), array([-123.80270526,    4.3174201 ,  -52.29551911,    4.77768436]), array([-119.42124199,    4.54046035,  -47.54344814,    4.45828959]), array([-114.82914524,    4.68913431,  -43.04671739,    4.17308483]), array([-110.17249709,    4.71609066,  -38.91150364,    3.85948354]), array([-105.45640774,    4.74232969,  -35.09093958,    3.57017258]), array([-100.69095608,    4.7031262 ,  -31.47176944,    3.35299858]), array([-95.87288017,   4.80390373, -28.1272409 ,   3.13608071]), array([-91.03470666,   4.78215953, -25.04598411,   2.82346143]), array([-86.20363364,   4.91315742, -22.18293436,   2.73539474]), array([-81.26893005,   4.96205161, -19.50510771,   2.65392242]), array([-76.32234693,   4.87765589, -16.92329319,   2.59787055]), array([-71.38630186,   4.82451794, -14.32043685,   2.28937257]), array([-66.52964753,   4.88677869, -12.09814011,   2.02380896]), array([-61.61938255,   5.01646206, -10.01904843,   1.7353106 ]), array([-56.63546557,   5.01867372,  -8.22758417,   1.48012304]), array([-51.69738902,   4.97882491,  -6.72719311,   1.26528672]), array([-46.74625842,   5.01467906,  -5.44223507,   1.13800612]), array([-41.84243268,   5.0227892 ,  -4.28645309,   1.00388531]), array([-36.80827072,   5.04736441,  -3.18152267,   0.81877544]), array([-31.80310325,   5.02001724,  -2.4187194 ,   0.6186272 ]), array([-26.7544594 ,   4.91148444,  -1.77087216,   0.49970438]), array([-21.92798002,   4.97343708,  -1.25533662,   0.43294713]), array([-17.00731841,   5.10464616,  -0.86002072,   0.2758758 ]), array([-11.86224297,   5.18381488,  -0.56682788,   0.10727613]), array([-6.70208652e+00,  5.20289113e+00, -4.16708598e-01,  3.46140774e-03]), array([-0.02053569,  0.0862938 ,  0.00964268, -0.0402513 ]), array([ 0.02607474,  0.13252261, -0.03290262,  0.00926602]), array([-0.05927434, -0.00932146,  0.07145753,  0.02501593]), array([-0.01422457, -0.07137261,  0.04537703,  0.00523986]), array([-0.12641576,  0.01622247, -0.0381379 , -0.04179156]), array([-0.02172745, -0.10050255, -0.09648618,  0.00581426]), array([-0.02036231,  0.0085648 ,  0.07177901, -0.08377476]), array([ 0.04573424, -0.0409903 , -0.01968862,  0.02531524]), array([ 0.03864781, -0.04274962,  0.03468267, -0.02379495]), array([ 0.08726065, -0.09206795,  0.0411692 , -0.04150528]), array([ 0.02203612,  0.01034129, -0.06420536,  0.00281675]), array([ 0.03763391, -0.0986561 , -0.09868848,  0.03185227]), array([-0.03182797, -0.07488143,  0.0664917 , -0.03704532]), array([-0.08386248, -0.0605163 ,  0.00138592,  0.05431607]), array([ 0.04157241, -0.0518717 , -0.0111297 , -0.01716204]), array([-0.01596332, -0.01511505, -0.02606563,  0.01921867]), array([-0.00231425,  0.01793659, -0.04165911,  0.08164729]), array([ 0.02307936, -0.04960349,  0.01615444,  0.05563423]), array([-0.01143972, -0.00790713,  0.01470727,  0.0251873 ]), array([ 0.01874679, -0.05172391,  0.1389125 , -0.01226025]), array([ 0.05011288,  0.03599754, -0.0349945 , -0.01377533]), array([-0.06800331,  0.05187498,  0.04188791, -0.04673523]), array([-0.01795629,  0.0345652 , -0.04786827,  0.05880907]), array([ 0.00270078, -0.01969884, -0.10656837, -0.03251932]), array([-0.0889734 ,  0.03516897, -0.02299267, -0.05219939]), array([-0.05794195, -0.11207913,  0.01573334,  0.00696628]), array([-0.12471567, -0.05467366,  0.03290064,  0.0376996 ]), array([ 0.00598099, -0.03782421, -0.0416728 ,  0.00863834]), array([-0.01826091,  0.01828885, -0.01919999, -0.02317114]), array([-0.04723526, -0.00438703, -0.02042186, -0.03905601]), array([ 0.01427048, -0.01582908,  0.02502448,  0.00046547]), array([-0.04574351, -0.04276754,  0.04671816, -0.05273127]), array([ 0.04662856, -0.00577425,  0.02474724, -0.05050487]), array([ 0.07509762,  0.01959499, -0.06665649, -0.0334234 ]), array([ 0.00111578,  0.07024913, -0.06219636,  0.03220563]), array([ 0.02247486, -0.0503057 , -0.07398873, -0.04097335]), array([-0.01282451,  0.0429248 ,  0.00038444,  0.05898932]), array([-0.09483098,  0.00805176,  0.04840298, -0.01788578]), array([-0.06695244,  0.00154507,  0.00750511, -0.02109106]), array([-0.04343007,  0.05446631, -0.03098821,  0.0812196 ]), array([-0.00638694,  0.0229327 ,  0.0003226 ,  0.11486897]), array([-0.00738382, -0.03036064, -0.04248409,  0.13275638]), array([ 0.00013669,  0.09124175,  0.00224274, -0.02607335]), array([ 0.00526872, -0.05059235,  0.02434118, -0.03316043]), array([ 0.03391985,  0.01104232,  0.01030203, -0.04584533]), array([-0.06687666, -0.05886718,  0.03265945, -0.02163283]), array([-0.06386663, -0.05154731, -0.0443978 ,  0.05196389]), array([-0.00250628, -0.00395302, -0.0108182 , -0.05271702]), array([0.05104113, 0.00589548, 0.00981799, 0.06786026]), array([-0.0359309 ,  0.03276743,  0.00251973, -0.048948  ]), array([ 0.01485266, -0.0119846 ,  0.0331478 , -0.02503658]), array([ 0.04590381,  0.01934378, -0.01986636,  0.02539208]), array([ 0.03363718, -0.04045915, -0.01548243, -0.0309922 ]), array([ 0.04886974, -0.05794558,  0.0102415 ,  0.03243703]), array([-0.01562658, -0.06578725,  0.08812191, -0.0003759 ])]

Actions: [array([0.3951399, 1.       ]), array([0.4154659, 1.       ]), array([0.43282585, 1.        ]), array([0.47679157, 1.        ]), array([0.72825055, 1.        ]), array([0.7617935, 1.       ]), array([0.53693279, 1.        ]), array([0.53804387, 1.        ]), array([0.53982131, 1.        ]), array([0.54141201, 1.        ]), array([0.5430891, 1.       ]), array([0.54772631, 1.        ]), array([1.       , 0.9533535]), array([1.        , 0.89199268]), array([1.        , 0.83823805]), array([1.        , 0.78710587]), array([0.88934117, 1.        ]), array([0.88759155, 1.        ]), array([0.88604307, 1.        ]), array([0.88184928, 1.        ]), array([1.        , 0.64682956]), array([1.        , 0.61055088]), array([1.        , 0.57548177]), array([1.        , 0.54211645]), array([1.        , 0.47429591]), array([1.        , 0.44950868]), array([1.        , 0.42593625]), array([1.        , 0.42502077]), array([1.        , 0.40813622]), array([1.       , 0.4157231]), array([1.        , 0.20332179]), array([1.        , 0.18034804]), array([1.        , 0.15955584]), array([1.        , 0.13790614]), array([1.       , 0.1177799]), array([1.        , 0.09937593]), array([1.        , 0.07796916]), array([1.        , 0.06290328]), array([1.        , 0.04040333]), array([1.        , 0.02173539]), array([1.00000000e+00, 1.93869608e-04]), array([ 1.        , -0.02533979]), array([ 1.        , -0.05947621]), array([ 1.        , -0.11887346])]