
Good
Feature: [11, 36, 5958.040965524402]

States: [array([-169.91522902,    0.73563465, -130.69194049,    0.5504893 ]), array([-169.16626472,    0.96781456, -130.16381167,    1.44463717]), array([-168.13759753,    1.17259244, -128.71657287,    2.17118938]), array([-167.0183998 ,    1.31215244, -126.43710019,    2.78189361]), array([-165.64805772,    1.31184632, -123.56429617,    3.14507261]), array([-164.39148371,    1.30312706, -120.37905344,    3.55745458]), array([-163.13576757,    1.32679221, -116.78688904,    3.82446583]), array([-161.77776212,    1.30446862, -112.96566557,    4.0914526 ]), array([-160.51609165,    1.37878696, -108.86167328,    4.29448041]), array([-159.14646999,    1.33031288, -104.56322725,    4.38333912]), array([-157.82747133,    1.27910732, -100.13519019,    4.49531791]), array([-156.61406952,    1.27821813,  -95.7134959 ,    4.4979836 ]), array([-155.34870567,    1.31989209,  -91.24574069,    4.61581818]), array([-154.15634639,    1.27196346,  -86.65098393,    4.70746213]), array([-152.9761612 ,    2.14069469,  -81.92794337,    4.35858084]), array([-150.7755789 ,    2.7742868 ,  -77.54841389,    4.05828608]), array([-147.94815184,    3.16792009,  -73.37867129,    3.8160245 ]), array([-144.72064594,    3.62565053,  -69.55542776,    3.62328093]), array([-141.12629755,    3.93988045,  -65.98437842,    3.4534384 ]), array([-137.15029785,    4.17712612,  -62.47564083,    3.25754288]), array([-132.91623235,    4.38102424,  -59.23188254,    3.09533023]), array([-128.49744974,    4.53971623,  -56.20700916,    2.9758531 ]), array([-123.91970649,    4.68459376,  -53.23633275,    2.79250273]), array([-119.1757678 ,    4.77257258,  -50.48605234,    2.7039204 ]), array([-114.44619847,    4.8720372 ,  -47.81428352,    2.63438379]), array([-109.59856443,    4.85442864,  -45.20754233,    2.56920524]), array([-104.72807071,    4.86834123,  -42.54452047,    2.65987539]), array([-99.8240088 ,   4.90857159, -39.85482486,   2.83963203]), array([-94.91080217,   4.98754307, -36.91344102,   2.88462507]), array([-90.00230598,   5.0737086 , -34.05638077,   2.90306118]), array([-84.98047861,   5.0553857 , -31.12604585,   2.99656745]), array([-79.98064528,   5.07927966, -28.09476726,   3.18376167]), array([-74.87384485,   5.00874309, -24.8987839 ,   3.16606116]), array([-69.88475265,   4.93103713, -21.73126108,   2.94555446]), array([-64.95359268,   5.02429377, -18.78453151,   2.63048078]), array([-59.95345379,   4.97313163, -16.12303258,   2.33539109]), array([-54.98385585,   4.9746267 , -13.81410166,   2.08819596]), array([-49.98206429,   5.12915735, -11.8340915 ,   1.81572868]), array([-44.86045586,   5.06982627,  -9.99488444,   1.61453834]), array([-39.7574154 ,   5.03212918,  -8.31223565,   1.42777319]), array([-34.8637473 ,   4.97420466,  -6.90684964,   1.35831682]), array([-29.80734233,   4.9425608 ,  -5.53554476,   1.32217684]), array([-24.82490123,   4.92513172,  -4.16460983,   1.14941788]), array([-19.91359963,   4.98202086,  -3.01423305,   1.08545308]), array([-14.8635494 ,   4.93443953,  -1.88626847,   0.87147513]), array([-9.99309571,  5.04141868, -1.04844863,  0.68356438]), array([-4.90391568,  5.03494021, -0.39820846,  0.46848481]), array([-0.01400031,  0.00580307,  0.06755497,  0.04455313]), array([-0.02296197,  0.02319513, -0.04929629, -0.06733689]), array([-0.03738718, -0.02178325,  0.05388956,  0.02928737]), array([ 0.00031272, -0.05706414,  0.01707574,  0.02003559]), array([-0.07823617,  0.01810395, -0.01090334,  0.0406836 ]), array([ 0.00925937,  0.01894405, -0.0048695 ,  0.0275525 ]), array([ 0.04877453, -0.04375207, -0.00992807, -0.11322263]), array([-0.07383308, -0.00145922,  0.07924871,  0.06233121]), array([ 0.05014183, -0.01579631,  0.02267874,  0.01611912]), array([0.0319853 , 0.03492713, 0.02457321, 0.04091387]), array([ 0.04012009, -0.02675053, -0.01762354, -0.02904306]), array([-0.00726318,  0.0123297 ,  0.01636203, -0.00656988]), array([ 0.01723711,  0.09655918, -0.01882253,  0.00383496]), array([-0.0771715 , -0.0019932 , -0.01302631,  0.06579531]), array([-0.01762673,  0.01930676,  0.04198801,  0.02375874]), array([-0.00330427,  0.01115152, -0.02426297, -0.0205133 ]), array([-0.02588473,  0.02927797,  0.07830644, -0.03443401]), array([ 0.05225293,  0.06468319,  0.03584684, -0.03558103]), array([-0.07364992,  0.0052232 ,  0.00607198, -0.02070306]), array([ 0.0587017 ,  0.03358312, -0.00754812, -0.05213418]), array([ 0.0092362 ,  0.09598218, -0.03932403,  0.01966908]), array([0.03296101, 0.01104499, 0.05436431, 0.00370473]), array([ 0.00450288, -0.05139414,  0.08408473, -0.0900858 ]), array([-0.0237246 , -0.03927288,  0.04759286,  0.02602146]), array([-0.06510892,  0.01821397, -0.00764433, -0.00015166]), array([-0.01310817, -0.05779616,  0.00053498, -0.03051742]), array([ 0.02589415,  0.00171701, -0.03600074,  0.04819977]), array([-0.06091753, -0.06603905,  0.10149871,  0.04553307]), array([-0.05272612,  0.08086803, -0.01774458,  0.08423143]), array([ 0.00202829, -0.03587886,  0.05907245,  0.08567957]), array([-0.04557485, -0.03050534, -0.06259535,  0.05783534]), array([ 0.05183798, -0.01144164, -0.04828158,  0.01095104]), array([ 0.01325626,  0.01520594, -0.03576201,  0.00261109]), array([0.00756998, 0.03654012, 0.09589858, 0.0062498 ]), array([-0.01760219,  0.02854773,  0.01764424, -0.08129312]), array([ 0.00551692,  0.00469979, -0.03588885, -0.07017097]), array([-0.03878155,  0.075636  , -0.05508437, -0.00634279]), array([ 0.01268362, -0.02753834,  0.02890472,  0.07504642]), array([-0.01378091,  0.02635121,  0.05964581,  0.05597111]), array([-0.03177731,  0.01446446,  0.00836296,  0.02757897]), array([-0.0167167 ,  0.06351377, -0.02086212, -0.02539316]), array([-0.02948917,  0.03186436, -0.03873944, -0.00824824]), array([-0.06361832, -0.06369153, -0.07310005,  0.0596288 ]), array([-0.01827821, -0.00665234,  0.02233637, -0.01459107]), array([-0.0456066 , -0.04643973, -0.16158809,  0.01134822]), array([ 0.06467251,  0.09933936, -0.00090971,  0.06331003]), array([ 0.00402737,  0.07525942,  0.05037388, -0.02820095]), array([ 0.10227105, -0.01395544,  0.01409939, -0.00688814]), array([-0.0036899 ,  0.0031034 ,  0.04077095, -0.07059718]), array([0.01896917, 0.04850909, 0.09297476, 0.11941346]), array([ 0.00115142, -0.03021181, -0.0419068 , -0.03631765]), array([0.08130027, 0.04187755, 0.07338263, 0.00062514]), array([-0.04582928,  0.03526433,  0.01440216,  0.05636474])]

Actions: [array([0.42301403, 1.        ]), array([0.41507931, 1.        ]), array([0.40847394, 1.        ]), array([0.27395527, 1.        ]), array([0.26387192, 1.        ]), array([0.25626047, 1.        ]), array([0.24969753, 1.        ]), array([0.24115058, 1.        ]), array([0.23484683, 1.        ]), array([0.22557643, 1.        ]), array([0.21627575, 1.        ]), array([0.20770564, 1.        ]), array([0.19449112, 1.        ]), array([1.        , 0.59655472]), array([1.        , 0.56987837]), array([1.        , 0.54882537]), array([1.        , 0.53084841]), array([1.        , 0.51603172]), array([1.        , 0.50366748]), array([1.        , 0.49249685]), array([1.        , 0.48362614]), array([1.        , 0.47658983]), array([1.        , 0.42920349]), array([1.        , 0.42325822]), array([1.        , 0.41745254]), array([1.        , 0.67322969]), array([1.       , 0.6822723]), array([1.        , 0.69265354]), array([1.        , 0.70057435]), array([1.        , 0.71146988]), array([1.        , 0.72475449]), array([1.        , 0.65606296]), array([1.       , 0.4783284]), array([1.        , 0.28049187]), array([1.        , 0.25616287]), array([1.        , 0.23286784]), array([1.        , 0.21165778]), array([1.        , 0.19296801]), array([1.        , 0.17370596]), array([1.        , 0.15332764]), array([1.        , 0.13416191]), array([1.        , 0.11036783]), array([1.        , 0.07635566]), array([1.       , 0.0360308]), array([ 1.        , -0.03069249]), array([ 1.        , -0.13676762])]
Bad
Feature: [19, 21, 5127.095003932037]

States: [array([-171.17241115,   -0.51198339, -130.7731    ,    0.86429214]), array([-171.6569935 ,    0.54457362, -129.88703042,    1.4493618 ]), array([-171.14022802,    1.45040234, -128.43060427,    1.87704728]), array([-169.80820131,    2.12537726, -126.51634545,    2.1627687 ]), array([-167.63800119,    2.68383148, -124.36438806,    2.4180687 ]), array([-164.85330194,    3.11377979, -121.95164159,    2.69677103]), array([-161.71260624,    3.44387969, -119.24217198,    2.85440989]), array([-158.23947646,    3.73867079, -116.31462086,    3.02257207]), array([-154.59308568,    3.93579047, -113.32678348,    3.11627928]), array([-150.67192851,    4.24742381, -110.16788598,    3.21199382]), array([-146.41750005,    4.27908194, -106.9431471 ,    3.34292864]), array([-142.12477999,    4.42603159, -103.62872598,    3.43481085]), array([-137.69310948,    4.51983739, -100.16830931,    3.52980411]), array([-133.08350718,    4.5566709 ,  -96.62600399,    3.54671145]), array([-128.63359291,    4.61020171,  -93.09506203,    3.55139567]), array([-124.00191376,    4.66605905,  -89.59167235,    3.53969345]), array([-119.38003251,    4.68129548,  -86.06814389,    3.54322099]), array([-114.66234024,    4.7154948 ,  -82.54256622,    3.53778161]), array([-109.96432135,    4.90481834,  -78.97142779,    3.5357591 ]), array([-105.13008457,    4.82435613,  -75.44979464,    3.47247303]), array([-100.31559239,    4.82156613,  -72.02631172,    3.36839454]), array([-95.49606635,   4.88486239, -68.63077844,   3.46935397]), array([-90.61958116,   5.00466373, -65.12972535,   3.50963909]), array([-85.66280797,   4.99306107, -61.65212095,   3.50581571]), array([-80.70280067,   4.99860098, -58.11504472,   3.68773625]), array([-75.6615608 ,   4.98066219, -54.46447467,   3.68023072]), array([-70.66892158,   4.96017765, -50.80051365,   3.73921764]), array([-65.73901411,   4.90837548, -47.0839441 ,   3.69191679]), array([-60.86447231,   4.91790259, -43.44995643,   3.66932465]), array([-55.97338734,   4.89089534, -39.72343502,   3.59502306]), array([-51.03140813,   4.86014438, -36.15684446,   3.60956819]), array([-46.18998123,   4.84784029, -32.55361391,   3.54740273]), array([-41.34515187,   4.86656923, -28.9306949 ,   3.53741773]), array([-36.48358122,   4.87131194, -25.45081633,   3.59357777]), array([-31.60345008,   4.80197829, -21.8681295 ,   3.50744851]), array([-26.84489113,   4.81250279, -18.29488939,   3.51386388]), array([-22.08150553,   4.95602295, -14.76384939,   3.40273786]), array([-17.1688435 ,   4.94319244, -11.36565457,   3.37313285]), array([-12.20772169,   4.96808018,  -8.02998174,   3.33576506]), array([-7.31170733,  5.0256399 , -4.7033949 ,  3.31805471]), array([ 0.00470427,  0.00510256, -0.03030583, -0.03446351]), array([-0.00868951, -0.05956997,  0.04416166,  0.02973481]), array([ 0.00897504, -0.02744439, -0.09526565, -0.01328286]), array([ 0.05084091, -0.04916392, -0.07692091, -0.05785595]), array([-0.04192917, -0.04926783,  0.00262855, -0.00827035]), array([ 0.0515618 , -0.01792903, -0.00530877, -0.11358225]), array([-0.0942028 , -0.02505351, -0.02121913, -0.11035945]), array([-0.13975047,  0.01726845, -0.0415966 , -0.04454466]), array([0.03859607, 0.04781362, 0.11324908, 0.09425407]), array([-0.01158594,  0.03045796,  0.0504404 ,  0.02868375]), array([ 0.00564863,  0.01243124, -0.01610559, -0.06070982]), array([-0.02445864,  0.04044707,  0.01255405,  0.03802919]), array([-0.09298887,  0.026601  ,  0.00596652, -0.06232755]), array([ 0.0996215 , -0.02066128, -0.0281867 ,  0.00429617]), array([-0.00526954,  0.11787363, -0.01820615, -0.05346178]), array([ 0.04887459,  0.07134257, -0.00878045, -0.03556564]), array([-0.0394713 ,  0.05536199, -0.05339207,  0.00752839]), array([-0.00361687, -0.01897615,  0.06484747,  0.01295942]), array([ 0.03199508, -0.03500731, -0.05124315,  0.04269765]), array([-0.03008146, -0.00906411, -0.10169016, -0.04259956]), array([ 0.09770788,  0.02730751,  0.04183837, -0.02002354]), array([ 0.02864788,  0.14802337,  0.1060844 , -0.03751622]), array([ 0.06620522,  0.08230416, -0.01478989, -0.01325899]), array([-0.01030812, -0.05383915,  0.04851936,  0.03448469]), array([ 0.08989451, -0.04049173, -0.00259121, -0.02149451]), array([-0.03373476, -0.01464413, -0.00076687,  0.11683759]), array([-0.04851781, -0.095633  ,  0.03128263,  0.1128776 ]), array([-0.01031914, -0.01012068,  0.02388004,  0.0134151 ]), array([ 0.03987265,  0.02753001, -0.10042542,  0.01949104]), array([-0.03999294,  0.05480597, -0.01962379, -0.09190889]), array([-0.00021073,  0.03054708,  0.00348438,  0.0153568 ]), array([ 0.05743236,  0.0269918 , -0.02211518, -0.09257271]), array([ 3.30165439e-03, -5.89421076e-05, -1.46405840e-02,  7.63647253e-02]), array([-0.05858808, -0.0134622 ,  0.03628023, -0.01985394]), array([ 0.03114361,  0.08211426,  0.04345137, -0.03534657]), array([ 0.06362131, -0.13609796, -0.083712  ,  0.01718189]), array([ 0.02082281,  0.02295627,  0.08582205, -0.05689831]), array([-0.06585382, -0.05946368,  0.013453  ,  0.05490485]), array([-0.09051018, -0.00089432,  0.04200494, -0.03627086]), array([ 0.01085957, -0.06375957,  0.02221041,  0.11410205]), array([-0.09171822, -0.02913614,  0.10654146,  0.05722926]), array([-0.04865837,  0.01386289, -0.06215963,  0.01224026]), array([-0.01218656,  0.02305595, -0.00536866,  0.00434485]), array([ 0.00337002, -0.03704772,  0.01588962,  0.03173915]), array([ 0.00569183,  0.03860716, -0.00528102, -0.09735123]), array([-0.00871256,  0.11170517,  0.06102474, -0.02329181]), array([ 0.08971332,  0.01451252, -0.04134756,  0.01758899]), array([-0.04674258,  0.01569181,  0.12157129,  0.05337711]), array([-0.12333347, -0.04089955,  0.0557736 , -0.10222297]), array([0.02729454, 0.03910622, 0.05836318, 0.08594988]), array([ 0.05086699, -0.02646022, -0.03331884,  0.02850766]), array([-0.02000369, -0.01519924,  0.0266027 , -0.01979485]), array([-0.05797599,  0.02562928,  0.0213755 , -0.02032406]), array([-0.0174127 ,  0.01916229, -0.01028972, -0.0267913 ]), array([ 0.02118294,  0.06667967, -0.02702961, -0.00812614]), array([-0.02008982,  0.0155155 , -0.02944828, -0.0710945 ]), array([-0.0029401 , -0.04364563,  0.00803964, -0.09804119]), array([ 0.00095646, -0.02799867, -0.06116121,  0.08298391]), array([ 0.00304379, -0.08287513, -0.07587789,  0.03005949]), array([ 0.02601783,  0.01959896, -0.00121319,  0.01052056])]

Actions: [array([1.        , 0.76185364]), array([1.        , 0.75458124]), array([1.        , 0.74838391]), array([1.        , 0.74301137]), array([1.        , 0.73981137]), array([1.        , 0.73768476]), array([1.        , 0.73527098]), array([1.        , 0.73292242]), array([1.       , 0.7308952]), array([1.        , 0.72896311]), array([1.        , 0.72812561]), array([1.        , 0.72680613]), array([1.        , 0.72507899]), array([1.        , 0.72358696]), array([1.        , 0.72118659]), array([1.        , 0.71988139]), array([1.        , 0.71824982]), array([1.        , 0.71706397]), array([1.        , 0.71523948]), array([1.        , 0.71463618]), array([1.        , 0.71480532]), array([1.        , 0.71531846]), array([1.        , 0.71517853]), array([1.        , 0.71595642]), array([1.        , 0.71612878]), array([1.        , 0.71560151]), array([1.        , 0.71432777]), array([1.        , 0.71140365]), array([1.        , 0.70871452]), array([1.        , 0.70414435]), array([1.        , 0.70247591]), array([1.        , 0.69818538]), array([1.        , 0.69250285]), array([1.        , 0.68947791]), array([1.        , 0.68278245]), array([1.        , 0.67111815]), array([1.        , 0.65660409]), array([1.       , 0.6470812]), array([1.        , 0.63754708])]