
Good
Feature: [16, 34, 6114.512590554187]

States: [array([-1.68202645e+02, -4.96088551e-02, -1.28319103e+02, -2.26072509e-01]), array([-168.24858403,    0.34425043, -128.5057745 ,    0.88685813]), array([-167.89097635,    0.55596875, -127.56010242,    1.74121419]), array([-167.29534415,    0.68775751, -125.87437675,    2.34252423]), array([-166.73823927,    0.85427709, -123.59062577,    2.89595836]), array([-165.89086598,    0.98641436, -120.69477837,    3.36142478]), array([-164.89386961,    1.01429575, -117.34366059,    3.7071279 ]), array([-163.82647534,    1.10979905, -113.60156724,    3.88438772]), array([-162.69868534,    1.21090504, -109.84596393,    4.12640737]), array([-161.47919292,    1.25458344, -105.71305666,    4.25412147]), array([-160.21371362,    2.05371463, -101.51236495,    3.96396082]), array([-158.12720356,    2.67602015,  -97.61497873,    3.48603828]), array([-155.40600617,    3.14329095,  -94.17325506,    3.09877301]), array([-152.30173361,    3.60679489,  -91.08728492,    2.65006598]), array([-148.76681295,    3.85563132,  -88.46631834,    2.2730193 ]), array([-144.92871115,    4.11192673,  -86.12114981,    2.1824561 ]), array([-140.69445867,    4.25362762,  -83.9133242 ,    2.07088458]), array([-136.4427738 ,    4.36853616,  -81.83990868,    1.86407589]), array([-132.06691964,    4.54420718,  -79.95707676,    1.77890422]), array([-127.49182654,    4.64626236,  -78.18626964,    1.67928016]), array([-122.81667123,    4.77308785,  -76.53194819,    2.26962679]), array([-117.97724424,    4.79827513,  -74.25917932,    2.74944723]), array([-113.2100966 ,    4.72925511,  -71.49088677,    3.14284128]), array([-108.48487832,    4.56474388,  -68.36991052,    3.50424851]), array([-103.91386599,    4.31605924,  -64.83505714,    3.77697013]), array([-99.55419852,   4.19122782, -60.94679984,   3.91699004]), array([-95.36204255,   3.79134543, -57.06633393,   4.19178925]), array([-91.53701013,   3.42050684, -52.87351324,   4.32898811]), array([-88.12381296,   3.37155468, -48.5578298 ,   4.47149634]), array([-84.71887013,   3.4340388 , -44.06897549,   4.55428999]), array([-81.20266104,   3.44099688, -39.49533416,   4.79034065]), array([-77.81087521,   3.45654393, -34.61484518,   4.83335794]), array([-74.39449144,   2.92611543, -29.73259591,   4.84795652]), array([-71.40410339,   2.45164893, -24.90918891,   4.76634751]), array([-68.9127081 ,   2.99278074, -20.16453101,   4.25455306]), array([-65.86810624,   3.31262559, -15.91690629,   3.7342076 ]), array([-62.60445421,   3.71936584, -12.28347976,   3.22098337]), array([-58.81649545,   4.00028447,  -9.08708058,   2.85734989]), array([-54.8466365 ,   4.18668078,  -6.3525798 ,   2.48637104]), array([-50.72331061,   4.37327845,  -3.84810937,   2.19718474]), array([-46.39600422,   4.52674232,  -1.62182779,   1.87374719]), array([-41.79163719,   4.70697288,   0.26767136,   1.48274284]), array([-37.11839864,   4.6714405 ,   1.85760048,   1.15111459]), array([-32.49376175,   4.71512787,   3.03366545,   0.95628072]), array([-27.73965741,   4.65204416,   4.03261107,   0.63818748]), array([-23.15365113,   4.6629393 ,   4.64289051,   0.38370534]), array([-18.50423362,   4.73293172,   5.01811088,   0.10260723]), array([-13.86522904,   4.79381519,   5.10955998,  -0.19836126]), array([-9.07524125,  4.8072809 ,  4.92820592, -0.60850887]), array([-4.25378301,  4.87786512,  4.28851813, -1.088625  ]), array([0.06391888, 0.02715866, 0.01880409, 0.05230671]), array([-0.08034283, -0.01647778, -0.02988897,  0.04798484]), array([-0.03991122, -0.02278983,  0.03798154,  0.00373847]), array([-0.05813412, -0.03171122,  0.1085146 ,  0.0251946 ]), array([-0.01159312, -0.09064576, -0.03045761,  0.06471842]), array([-0.01401889, -0.00755104, -0.00884792,  0.00466445]), array([-0.03167911, -0.02346907, -0.04450725,  0.03533985]), array([ 0.01890525,  0.10686188, -0.06643448,  0.02326934]), array([0.03260682, 0.00414898, 0.0628418 , 0.03282494]), array([0.00214807, 0.04251816, 0.06805396, 0.04804965]), array([ 0.02938894,  0.03644211, -0.01408103, -0.05765193]), array([ 0.02695324,  0.10727226, -0.10840026, -0.00632354]), array([ 0.05839591,  0.01925122, -0.02591042, -0.08959603]), array([ 0.01956925,  0.01747803, -0.02021399,  0.040277  ]), array([ 0.00400717,  0.00774806,  0.05782768, -0.03874917]), array([ 0.02539288, -0.08579966, -0.08156761, -0.01861365]), array([-0.0310762 ,  0.02399897, -0.00742003, -0.04967391]), array([-0.02527838, -0.0159373 ,  0.02232495, -0.06138245]), array([-0.00772727, -0.00432832,  0.03204082, -0.02658519]), array([ 0.0519676 , -0.03629644,  0.06248411,  0.04899657]), array([-0.00400355,  0.13662971, -0.03749484, -0.02246648]), array([ 0.01426924, -0.00639225, -0.01706438,  0.05748498]), array([ 0.02558869, -0.04051447,  0.0417236 ,  0.04510865]), array([-0.01153325,  0.07100828, -0.03186238,  0.08763719]), array([-0.00433645, -0.04870091, -0.04371142, -0.008609  ]), array([-0.03756451,  0.02170706,  0.05445414,  0.04333559]), array([ 0.07133855, -0.07827098,  0.11875617, -0.01235773]), array([-0.04014729,  0.05933022, -0.0521943 ,  0.00888855]), array([0.04556223, 0.104982  , 0.06289421, 0.01799606]), array([-0.02961791, -0.0843343 , -0.0880737 ,  0.00146495]), array([0.01652036, 0.04170155, 0.06044609, 0.01251797]), array([-0.03613421,  0.0859604 ,  0.12202084, -0.00557772]), array([-0.02128957,  0.0141554 , -0.0639945 ,  0.02719196]), array([-0.07043629, -0.00048493,  0.03080223, -0.01938232]), array([ 0.0603143 , -0.00211764, -0.00674026, -0.02890296]), array([-0.03710959, -0.00039557, -0.08956811, -0.04006226]), array([-0.00993245,  0.01092931, -0.05466004,  0.07531229]), array([-0.03028182,  0.09941931,  0.01985568,  0.01630504]), array([-0.03263809,  0.02765141,  0.00822399, -0.02165692]), array([ 0.00705327, -0.01463396, -0.01465626,  0.06483274]), array([-0.04290955,  0.02319706, -0.02735751, -0.07297927]), array([ 0.08160105, -0.0418868 , -0.04131649, -0.03087536]), array([-0.0925165 ,  0.04799067, -0.10744831,  0.04032192]), array([-0.02946966,  0.05819939, -0.03572312, -0.00779815]), array([ 0.04492407,  0.02326806, -0.02856274,  0.00031864]), array([-0.08534387, -0.15481007, -0.02133719,  0.01209375]), array([-0.03912097,  0.01718495,  0.12792906, -0.01160693]), array([ 0.04247026,  0.00254564,  0.00989575, -0.03960408]), array([-0.05803125,  0.02644638,  0.03687724, -0.03353901]), array([-0.00200365,  0.06150406,  0.02114996,  0.01261087])]

Actions: [array([0.37250031, 1.        ]), array([0.37141391, 1.        ]), array([0.2509472, 1.       ]), array([0.24577544, 1.        ]), array([0.24591005, 1.        ]), array([0.24111287, 1.        ]), array([0.32459803, 1.        ]), array([0.32792149, 1.        ]), array([0.33047949, 1.        ]), array([1.        , 0.57809509]), array([1.        , 0.32938643]), array([1.        , 0.26810269]), array([1.        , 0.21348808]), array([1.        , 0.16143771]), array([1.        , 0.36716915]), array([1.        , 0.34567196]), array([1.        , 0.32673811]), array([1.        , 0.30721754]), array([1.        , 0.28966322]), array([1.        , 0.95307085]), array([0.96917092, 1.        ]), array([0.89260594, 1.        ]), array([0.82010223, 1.        ]), array([0.74424185, 1.        ]), array([0.66667508, 1.        ]), array([0.52331014, 1.        ]), array([0.46988671, 1.        ]), array([0.7339487, 1.       ]), array([0.7262585, 1.       ]), array([0.72098303, 1.        ]), array([0.71142826, 1.        ]), array([0.14786334, 1.        ]), array([0.10574532, 1.        ]), array([1.        , 0.39032987]), array([1.        , 0.32972201]), array([1.      , 0.274924]), array([1.       , 0.2260036]), array([1.        , 0.18112122]), array([1.        , 0.13325985]), array([1.        , 0.09096894]), array([1.        , 0.04723076]), array([1.        , 0.00233094]), array([ 1.        , -0.04450925]), array([ 1.       , -0.0920194]), array([ 1.        , -0.15105244]), array([ 1.        , -0.21703952]), array([ 1.        , -0.29373725]), array([ 1.       , -0.3956472]), array([ 1.        , -0.57645611])]
Bad
Feature: [19, 20, 4835.181756200356]

States: [array([-168.56407969,   -0.1778771 , -130.40238063,    0.83399761]), array([-168.80416667,    0.87840515, -129.59399802,    1.52398763]), array([-167.92429811,    1.69804877, -128.01771761,    2.00457261]), array([-166.2972215 ,    2.39537116, -125.94875191,    2.3177553 ]), array([-163.92944282,    2.93853357, -123.69345084,    2.61799871]), array([-160.91564396,    3.36489409, -121.05479899,    2.91932231]), array([-157.44149327,    3.69765585, -118.17792302,    3.0671382 ]), array([-153.78938317,    3.94636687, -115.1421388 ,    3.34050926]), array([-149.7846066 ,    4.22300783, -111.83352108,    3.48766218]), array([-145.51498469,    4.38235261, -108.36598453,    3.60192155]), array([-141.10246448,    4.51993625, -104.745595  ,    3.6385304 ]), array([-136.58145184,    4.59860466, -101.12172941,    3.60592166]), array([-132.11459621,    4.7552188 ,  -97.50790926,    3.59777959]), array([-127.34779942,    4.76842927,  -93.90342158,    3.59130593]), array([-122.5241377 ,    4.798941  ,  -90.24455823,    3.71065357]), array([-117.73136075,    4.93246371,  -86.55495764,    3.71115515]), array([-112.74253956,    4.9684337 ,  -82.80174799,    3.680516  ]), array([-107.72976473,    5.08889594,  -79.13583961,    3.66463338]), array([-102.59076284,    5.05515095,  -75.49071712,    3.73661793]), array([-97.47932012,   4.99995412, -71.80022137,   3.73589093]), array([-92.3815983 ,   4.92718201, -68.0022383 ,   3.69215717]), array([-87.45968288,   4.94497257, -64.35744019,   3.71401578]), array([-82.4749258 ,   4.9295773 , -60.65495555,   3.72360478]), array([-77.55695925,   4.93966407, -56.92140819,   3.73200741]), array([-72.54569293,   4.94712115, -53.10476023,   3.75539519]), array([-67.6172058 ,   4.91126515, -49.3429321 ,   3.75219056]), array([-62.65944573,   4.8800951 , -45.59162163,   3.72304938]), array([-57.77337859,   4.91554988, -41.90731838,   3.60677912]), array([-52.81080221,   4.83147597, -38.38395881,   3.56483531]), array([-48.05848452,   4.91105841, -34.78049141,   3.58580023]), array([-43.16521516,   4.89660926, -31.1792269 ,   3.69908414]), array([-38.27565662,   4.94766168, -27.41193527,   3.69980853]), array([-33.28765537,   4.86239013, -23.71927576,   3.65480108]), array([-28.48081548,   4.85017904, -20.05381762,   3.63719375]), array([-23.59279993,   4.83121944, -16.38995727,   3.52859396]), array([-18.72177137,   4.84889773, -12.87075188,   3.53169682]), array([-13.83485503,   4.89105201,  -9.38433457,   3.46665229]), array([-8.99728382,  4.97408597, -5.88988853,  3.44803048]), array([-4.09577967,  5.06165098, -2.4583967 ,  3.50528054]), array([-0.0164595 , -0.02323847, -0.00446661,  0.0258586 ]), array([ 0.09565306,  0.01252279, -0.01546145,  0.03265176]), array([ 0.03680286, -0.00124717,  0.05984668, -0.02916469]), array([ 0.00960174, -0.05385889, -0.00344119,  0.03210049]), array([0.0191862 , 0.03167901, 0.07534452, 0.03201476]), array([ 0.05550332,  0.0604525 , -0.01392138,  0.11262469]), array([ 0.00421432, -0.03895961,  0.07815798,  0.03887491]), array([-0.00278536,  0.0208932 , -0.00623076, -0.02757064]), array([-0.01271381,  0.05495433,  0.05475118,  0.01458004]), array([ 0.0417543 ,  0.0611951 ,  0.08944232, -0.02310361]), array([ 0.02166472, -0.02911559, -0.01262536, -0.00633492]), array([ 0.00773954,  0.03857362, -0.04857149, -0.00895955]), array([ 0.05513373,  0.04174423, -0.0421586 , -0.07191933]), array([-0.02085172, -0.0337716 , -0.00980913,  0.00264308]), array([-0.14716527,  0.01537491,  0.04520271,  0.0656558 ]), array([ 0.03931043,  0.01495664, -0.04275891, -0.05404573]), array([-0.01689035,  0.02661544, -0.11094538,  0.06437504]), array([-0.05607363,  0.02996685, -0.02875773, -0.06848905]), array([-0.0576862 , -0.09883412, -0.12292251, -0.00811509]), array([-0.03582684, -0.01808385, -0.05280181,  0.02640687]), array([-0.00062952, -0.01646986, -0.1393956 , -0.01318359]), array([-0.07855204,  0.00749331,  0.02256835, -0.03086836]), array([-0.01450944, -0.04972496, -0.00127254, -0.04459629]), array([-0.00504227, -0.02525191, -0.01439127,  0.06463299]), array([ 0.07518409, -0.0614841 , -0.00668819, -0.02690673]), array([-0.01887258, -0.02139922,  0.00015869,  0.1034652 ]), array([-0.04888354,  0.12100549,  0.02338905, -0.00695228]), array([ 0.00484114, -0.01758834, -0.04932574,  0.07082969]), array([ 0.00210045,  0.10504887, -0.00949269,  0.00082809]), array([-0.05127637,  0.07745977, -0.01159794,  0.01325861]), array([-0.07080979, -0.01908723, -0.0088393 , -0.0153751 ]), array([-0.01731677,  0.09550862, -0.01897129,  0.09840678]), array([ 0.05132541, -0.03340726,  0.02571127, -0.04948879]), array([-0.04319151, -0.00130792,  0.0438238 ,  0.02762898]), array([ 0.04921833, -0.10775315,  0.03972329, -0.00437591]), array([-0.03826456,  0.01284819,  0.05939271, -0.05546892]), array([ 0.04696416,  0.03602701, -0.01093473,  0.08306155]), array([-0.03599666,  0.00084945, -0.03874484,  0.01263969]), array([-0.06722286, -0.00782503, -0.06297482, -0.04707866]), array([-0.06924482,  0.0253324 , -0.007117  ,  0.03509794]), array([-0.02284107, -0.01719476,  0.05583583, -0.02979714]), array([ 0.00909392, -0.08099764,  0.01799866,  0.04585318]), array([ 0.05692498,  0.04974347, -0.01616609,  0.06727138]), array([ 0.01690338, -0.00784108, -0.10532049, -0.00625177]), array([-0.00432048,  0.0023743 , -0.0583993 ,  0.04690347]), array([ 0.01978244,  0.08745092,  0.06109835, -0.11154318]), array([ 0.05615339,  0.05794305, -0.00200371, -0.00412591]), array([ 0.00567978, -0.02019147, -0.02322296,  0.07929389]), array([-0.11166993, -0.03113274,  0.01181162, -0.0037097 ]), array([ 0.01118011, -0.01845628, -0.01679612,  0.05670795]), array([-0.04710526, -0.0297953 ,  0.01363457,  0.06990671]), array([ 0.03806504, -0.02602722,  0.02310592, -0.09006636]), array([-0.03028675,  0.06968473,  0.01554627, -0.04044815]), array([-0.01562482, -0.04782329,  0.0160393 , -0.05020013]), array([-0.01315524,  0.07231138,  0.08785452,  0.11285404]), array([ 0.138574  ,  0.06198411,  0.02359039, -0.00652839]), array([-0.08440629, -0.03059215, -0.01961693,  0.01642399]), array([0.0049445 , 0.0837845 , 0.02010556, 0.03691833]), array([-0.00743456,  0.01096728,  0.08753615, -0.00375086]), array([-0.02054624,  0.02138817, -0.01968897,  0.04905355]), array([-0.06499727, -0.01003971, -0.07013036, -0.05897801])]

Actions: [array([1.        , 0.79209872]), array([1.        , 0.78613984]), array([1.        , 0.78083324]), array([1.        , 0.77599588]), array([1.        , 0.77342725]), array([1.        , 0.77150036]), array([1.        , 0.77024202]), array([1.        , 0.76878177]), array([1.        , 0.76723474]), array([1.        , 0.76590588]), array([1.        , 0.76418421]), array([1.        , 0.76293577]), array([1.        , 0.76136265]), array([1.        , 0.76155908]), array([1.        , 0.76167978]), array([1.        , 0.76134469]), array([1.        , 0.76174825]), array([1.        , 0.76318078]), array([1.        , 0.76591226]), array([1.        , 0.76824392]), array([1.        , 0.76954187]), array([1.        , 0.77119816]), array([1.        , 0.77294289]), array([1.        , 0.77383065]), array([1.        , 0.77468913]), array([1.        , 0.77553594]), array([1.        , 0.75225141]), array([1.        , 0.72648553]), array([1.        , 0.72802423]), array([1.        , 0.72505972]), array([1.        , 0.72383517]), array([1.      , 0.717939]), array([1.        , 0.71462716]), array([1.        , 0.70665182]), array([1.        , 0.69791141]), array([1.        , 0.69165473]), array([1.        , 0.68418473]), array([1.        , 0.66454178])]