
Good
Feature: [12, 75, 10439.78930291904]

States: [array([-168.70963538,    0.50028365, -128.64752431,    0.99172681]), array([-168.14455716,    0.20697441, -127.64138491,    1.77593584]), array([-1.67963152e+02, -7.07851972e-02, -1.25864068e+02,  2.39968200e+00]), array([-168.08425443,   -0.1778997 , -123.52642207,    2.98626016]), array([-168.24233894,   -0.32558912, -120.60170636,    3.4231523 ]), array([-168.50666858,   -0.51257585, -117.16047856,    3.75405821]), array([-169.00344891,   -0.64355711, -113.32617591,    4.03404744]), array([-169.60429332,   -0.64596456, -109.37240954,    4.34130817]), array([-170.30359869,   -0.68470418, -104.91589316,    4.53552551]), array([-170.9605722 ,   -0.76920777, -100.38518195,    4.64202813]), array([-171.79020312,   -0.82469365,  -95.75014806,    4.65646767]), array([-172.67629476,   -0.98766028,  -91.18355473,    4.68579194]), array([-173.60253652,   -1.03122153,  -86.48321328,    4.70226704]), array([-174.61781057,   -1.14490955,  -81.74755305,    4.77593577]), array([-175.69519618,   -0.62983067,  -76.95280767,    4.8576848 ]), array([-1.76275718e+02, -1.39993149e-01, -7.20340205e+01,  4.83550120e+00]), array([-176.41907588,    0.52396608,  -67.32071134,    4.83086906]), array([-175.8012888 ,    1.04614604,  -62.50963926,    4.82614307]), array([-174.78693203,    1.6642944 ,  -57.74338213,    4.90660306]), array([-173.16278632,    2.37131761,  -52.87084733,    4.85755603]), array([-170.75120726,    2.89999274,  -48.01898886,    4.53729004]), array([-167.8260769 ,    3.38954369,  -43.50087622,    3.87089888]), array([-164.44372959,    3.70275009,  -39.67301848,    3.91637986]), array([-160.73859497,    3.98372515,  -35.79024262,    2.20246003]), array([-156.75425785,    3.99365246,  -33.61106188,    0.77774848]), array([-152.72217897,    4.26893014,  -32.74412031,    0.38580764]), array([-1.48409982e+02,  4.41839642e+00, -3.23953948e+01,  1.96854761e-02]), array([-144.06717958,    4.517064  ,  -32.39853016,   -0.38067581]), array([-139.495059  ,    4.63090293,  -32.81436181,   -0.67532031]), array([-134.84971744,    4.76166245,  -33.50408614,   -1.08188501]), array([-130.03098452,    4.79515589,  -34.5273384 ,   -1.28940659]), array([-125.2654936 ,    4.87411075,  -35.75251036,   -1.42164092]), array([-120.35834142,    4.97677969,  -37.06200092,   -1.57077902]), array([-115.38432663,    4.98447221,  -38.53200104,   -1.73250992]), array([-110.40929905,    4.97940598,  -40.27187158,   -1.97799375]), array([-105.43571542,    4.99742014,  -42.16344132,   -2.4170937 ]), array([-100.52774073,    3.29555779,  -44.52614506,   -2.92103953]), array([-97.20501874,   3.58343969, -47.44232927,  -2.14728299]), array([-93.69865481,   3.84449059, -49.57858523,  -1.26608882]), array([-89.86913804,   4.15649378, -50.75202845,  -0.15131812]), array([-85.68815178,   4.07156486, -50.92337653,   0.86667592]), array([-81.6130494 ,   3.79012538, -49.98373809,   1.59224862]), array([-77.81848236,   3.36343424, -48.40514209,   2.3139292 ]), array([-74.39843873,   2.71105853, -46.15466903,   2.81227052]), array([-71.69186852,   1.99559261, -43.42555614,   3.3092848 ]), array([-69.67522072,   1.36313578, -40.11143082,   3.58240183]), array([-68.2738419 ,   0.71075217, -36.52303455,   3.89911023]), array([-67.56113169,   0.11603264, -32.51595857,   4.16698599]), array([-67.54784798,  -0.38354283, -28.32712668,   4.28777248]), array([-67.88664243,  -0.82098482, -23.94190807,   4.41861956]), array([-68.68089105,  -1.35471415, -19.51583883,   4.57416519]), array([-69.99462683,  -1.85795628, -14.90766913,   4.61479595]), array([-71.83006195,  -2.35472934, -10.29903597,   4.69030935]), array([-74.22436609,  -2.91256639,  -5.66009919,   4.64799561]), array([-77.03847103,  -3.33206044,  -0.99625658,   4.31662992]), array([-80.40288717,  -3.65038081,   3.31917596,   3.66040412]), array([-84.02232026,  -3.92551441,   6.97797942,   2.47692414]), array([-87.98536352,  -3.35730068,   9.57855414,   3.04055662]), array([-91.2935492 ,  -2.69996954,  12.64769504,   3.39961416]), array([-94.03693658,  -1.95797902,  15.98690386,   3.75149308]), array([-95.94495631,  -0.7114646 ,  19.73325627,   4.05162404]), array([-96.70308659,   0.47418672,  23.77607944,   4.36010443]), array([-96.23945013,   1.39468363,  28.20307515,   4.44248872]), array([-94.89428521,   2.09329751,  32.65566074,   4.33263646]), array([-92.81822012,   2.7196177 ,  36.9411855 ,   4.10242539]), array([-90.12787584,   3.20603859,  41.11412186,   3.80401056]), array([-86.94901058,   3.54972033,  44.94008104,   3.59966638]), array([-83.36016633,   3.72840625,  48.5506083 ,   3.24185911]), array([-79.58693185,   4.01771782,  51.74879112,   2.31267583]), array([-75.577305  ,   4.24493124,  54.05896764,   1.47094196]), array([-71.34774812,   4.43426264,  55.55482099,   0.62651202]), array([-66.88547843,   4.58659006,  56.19488606,  -0.14315874]), array([-62.31741987,   4.70138686,  56.05229119,  -0.95287711]), array([-57.62431348,   4.58611845,  55.05276662,  -1.66685959]), array([-52.98034921,   4.57423221,  53.35962658,  -2.26346065]), array([-48.38448357,   4.48419785,  51.04459701,  -2.75293775]), array([-43.93010768,   4.27949011,  48.29447538,  -3.17357919]), array([-39.73115231,   4.22561104,  45.12922397,  -3.49594297]), array([-35.50323714,   4.04112632,  41.68147347,  -3.81154378]), array([-31.42142525,   3.94295737,  37.89280866,  -3.98320612]), array([-27.43944385,   3.8768809 ,  33.93322185,  -4.24745419]), array([-23.55850465,   3.74091207,  29.62879019,  -4.41327538]), array([-19.87897654,   3.61659418,  25.11310532,  -4.44116591]), array([-16.25945126,   3.44781085,  20.57534339,  -4.52831052]), array([-12.82691852,   3.34457047,  16.02024071,  -4.64352547]), array([-9.47232636,  3.16521201, 11.33087364, -4.6752684 ]), array([-6.35119754,  2.95369686,  6.66730255, -4.71868852]), array([ 0.04938998,  0.05800265, -0.03847176,  0.05179195]), array([ 0.01219784,  0.09652402, -0.05087488, -0.03594475]), array([-0.03947613, -0.04728937,  0.02438857, -0.02721065]), array([-0.01454108,  0.1038602 , -0.0281722 , -0.00881709]), array([0.02186238, 0.03736678, 0.05492882, 0.01029401]), array([ 0.01576526,  0.05443314, -0.05109515,  0.00234859]), array([ 0.00948344, -0.06860739,  0.03762023,  0.03116109]), array([ 0.02317001, -0.02570612,  0.01125683, -0.08799147]), array([ 0.04762284, -0.05242624, -0.02932033, -0.00381941]), array([-0.08643698,  0.06768023,  0.03595148, -0.0074528 ]), array([-0.04069448, -0.0740603 ,  0.01817724,  0.01494033]), array([-0.0812598 ,  0.0043029 , -0.01559794, -0.08131319]), array([ 0.04600716, -0.02779154,  0.00123795,  0.06084855])]

Actions: [array([-0.17840945,  1.        ]), array([-0.19060888,  1.        ]), array([-0.19938723,  1.        ]), array([-0.20544834,  1.        ]), array([-0.21364904,  1.        ]), array([-0.22296367,  1.        ]), array([-0.23062928,  1.        ]), array([-0.23790177,  1.        ]), array([-0.24732279,  1.        ]), array([-0.26104694,  1.        ]), array([-0.27409743,  1.        ]), array([-0.28897347,  1.        ]), array([-0.31070977,  1.        ]), array([0.34361747, 1.        ]), array([0.43185653, 1.        ]), array([0.53603457, 1.        ]), array([0.66167903, 1.        ]), array([0.81775432, 1.        ]), array([1.        , 0.93916127]), array([1.        , 0.62934765]), array([1.        , 0.23206414]), array([1.        , 0.84014721]), array([ 1.        , -0.91646747]), array([ 0.79965516, -1.        ]), array([ 1.        , -0.23767583]), array([ 1.       , -0.2923781]), array([ 1.        , -0.34777337]), array([ 1.        , -0.40876216]), array([ 1.        , -0.48091024]), array([ 1.        , -0.58057336]), array([ 1.        , -0.37343183]), array([ 1.        , -0.40264969]), array([ 1.        , -0.45001761]), array([ 1.       , -0.5345122]), array([ 1.        , -0.75770901]), array([-0.69513272, -1.        ]), array([1.        , 0.14645922]), array([1.        , 0.47018439]), array([1.        , 0.84332913]), array([0.72057375, 1.        ]), array([0.53102608, 1.        ]), array([0.36675324, 1.        ]), array([-0.07580641,  1.        ]), array([-0.2058259,  1.       ]), array([-0.28047393,  1.        ]), array([-0.35327545,  1.        ]), array([-0.42564688,  1.        ]), array([-0.49921187,  1.        ]), array([-0.57257607,  1.        ]), array([-0.66196543,  1.        ]), array([-0.76943075,  1.        ]), array([-0.91564491,  1.        ]), array([-1.        ,  0.87765042]), array([-1.        ,  0.61731714]), array([-1.        ,  0.19520269]), array([-1.        , -0.44425829]), array([-0.21225549,  1.        ]), array([-0.04374894,  1.        ]), array([0.14106318, 1.        ]), array([0.83388972, 1.        ]), array([0.9773017, 1.       ]), array([1.        , 0.88574814]), array([1.        , 0.76962299]), array([1.        , 0.66681894]), array([1.        , 0.57372842]), array([1.        , 0.48138631]), array([1.        , 0.39063218]), array([ 1.       , -0.2379525]), array([ 1.        , -0.37490002]), array([ 1.        , -0.52213564]), array([ 1.       , -0.6930724]), array([ 1.        , -0.90999059]), array([ 0.81461269, -1.        ]), array([ 0.90427509, -1.        ]), array([ 0.81517098, -1.        ]), array([ 0.79795546, -1.        ]), array([ 0.76056298, -1.        ]), array([ 0.72928104, -1.        ]), array([ 0.69744532, -1.        ]), array([ 0.66867733, -1.        ]), array([ 0.6397188, -1.       ]), array([ 0.61273128, -1.        ]), array([ 0.58823516, -1.        ]), array([ 0.55919156, -1.        ]), array([ 0.52775476, -1.        ]), array([ 0.49027642, -1.        ])]
Bad
Feature: [19, 21, 5008.61159423737]

States: [array([-1.71096514e+02, -1.04937992e-01, -1.28754127e+02,  2.01613412e-01]), array([-171.25502057,    0.88287353, -128.58145957,    0.87254331]), array([-170.39461887,    1.8122604 , -127.75280743,    1.41068643]), array([-168.56259614,    2.47559973, -126.35588819,    1.99041872]), array([-166.12620799,    3.00004234, -124.35745956,    2.47003516]), array([-163.07837485,    3.34174552, -121.86406433,    2.7286168 ]), array([-159.87389809,    3.7368005 , -119.24985925,    2.94855182]), array([-156.06009125,    3.97123087, -116.33714314,    3.19352298]), array([-152.09383743,    4.11045772, -113.20396543,    3.35861316]), array([-147.93313529,    4.24746625, -109.83955845,    3.41513283]), array([-143.72810204,    4.32906915, -106.47692878,    3.48310394]), array([-139.4253665 ,    4.46168743, -102.95324409,    3.43971532]), array([-134.93027204,    4.60167407,  -99.54399029,    3.48658012]), array([-130.386506  ,    4.70253543,  -96.03798887,    3.52601356]), array([-125.66192206,    4.70380668,  -92.42505668,    3.65832079]), array([-120.94989504,    4.75323827,  -88.67624357,    3.72820338]), array([-116.18918029,    4.81298275,  -84.94660612,    3.7286357 ]), array([-111.38202577,    4.88554824,  -81.15950204,    3.72617246]), array([-106.47421916,    4.94718527,  -77.44703279,    3.6989424 ]), array([-101.54784321,    4.83233513,  -73.86433649,    3.65581492]), array([-96.747313  ,   4.88138651, -70.1818779 ,   3.61025636]), array([-91.87960409,   4.83707238, -66.50567413,   3.5976097 ]), array([-87.09376546,   4.93680614, -62.93774734,   3.50865377]), array([-82.20358141,   4.9876765 , -59.46798932,   3.5300492 ]), array([-77.26288084,   5.00270976, -55.94476649,   3.47871899]), array([-72.31581814,   4.91866081, -52.41516329,   3.48491785]), array([-67.38808453,   4.92053651, -48.95517775,   3.5229395 ]), array([-62.43256214,   4.94739147, -45.45333327,   3.50643266]), array([-57.58343823,   4.89086417, -41.91964558,   3.47225865]), array([-52.66331159,   4.90187898, -38.47702381,   3.54818064]), array([-47.74594997,   4.98594361, -34.91464984,   3.54260713]), array([-42.68296609,   4.92362354, -31.37895171,   3.53398184]), array([-37.82833727,   4.9463178 , -27.86824467,   3.49361774]), array([-32.87615216,   4.95185088, -24.43875587,   3.48263489]), array([-27.80362204,   4.96047717, -20.97158043,   3.51690809]), array([-22.88940746,   5.0254889 , -17.51016725,   3.58430134]), array([-17.90666438,   5.04063842, -13.90194099,   3.56038133]), array([-12.88984366,   5.06357674, -10.33406631,   3.57079149]), array([-7.80248776,  5.13555489, -6.77345901,  3.50047187]), array([-2.62827765,  5.06913   , -3.26355981,  3.53365209]), array([-0.01630766,  0.08516793,  0.03711641, -0.03547584]), array([-0.01891957,  0.04821399,  0.01759341, -0.03306888]), array([-0.04274507, -0.01807589, -0.00088949, -0.02809133]), array([ 0.07615602,  0.08823519, -0.07365349, -0.05306629]), array([-0.03539465,  0.01655145,  0.17769796,  0.03030495]), array([-0.00740818, -0.01307635,  0.03852614, -0.02874829]), array([ 0.07289182, -0.01478381, -0.0224318 ,  0.04488835]), array([-0.04927408,  0.1275033 , -0.05891479,  0.07585386]), array([-0.03857576,  0.05288419, -0.12207333, -0.04699605]), array([ 0.05755436,  0.00076669, -0.03150104, -0.08353887]), array([ 0.04586965,  0.05552411,  0.0541898 , -0.00902674]), array([-0.00818164, -0.06707954,  0.00291266,  0.06884769]), array([-0.04143421, -0.0904535 ,  0.09014386, -0.08429497]), array([ 0.01858371, -0.02242693,  0.0581516 , -0.05460211]), array([-0.04799563, -0.04085489, -0.0352247 , -0.03053796]), array([-0.0712851 ,  0.02830974, -0.04185591, -0.04760539]), array([-0.00795438,  0.05273784, -0.03547563, -0.04249126]), array([ 0.02820451,  0.07762849, -0.00046734, -0.09223235]), array([-0.04097522, -0.00666353, -0.03672464, -0.07668767]), array([-0.0051293 ,  0.07839439, -0.00713237,  0.0209858 ]), array([0.00145354, 0.06037423, 0.01372631, 0.00036699]), array([-0.06712653, -0.03411591, -0.00853983, -0.0472618 ]), array([ 0.05084657, -0.02696297,  0.04875741,  0.01870076]), array([ 0.04918424, -0.05180468,  0.03402115, -0.10815971]), array([ 0.03837039,  0.016153  ,  0.05543473, -0.09038783]), array([-0.04181902,  0.0446172 ,  0.07140804, -0.01640546]), array([ 0.04280683,  0.05104182, -0.02195812,  0.03447983]), array([-0.00623937, -0.00333995, -0.06059681, -0.05643085]), array([-0.08357182,  0.01202861, -0.03894897,  0.04118748]), array([ 0.08426379,  0.04051484, -0.02167384,  0.01664472]), array([ 0.04594036, -0.09921253, -0.08367536, -0.05723882]), array([ 0.03976641,  0.03801128, -0.04576624, -0.02442862]), array([ 0.02959127, -0.04251493,  0.00677197,  0.06408838]), array([0.04504507, 0.09817354, 0.04959782, 0.12254546]), array([-0.05960772, -0.01320299, -0.00581783,  0.01544122]), array([ 0.01260604, -0.05591149, -0.0289952 ,  0.05200722]), array([-0.03417272, -0.13906845,  0.05468596,  0.06711952]), array([ 0.04884832, -0.01473121, -0.00586672,  0.0857157 ]), array([-0.06118869,  0.08545874, -0.06680669,  0.05409183]), array([-0.02016019,  0.00775065, -0.14412146, -0.02622267]), array([0.0234877 , 0.01083807, 0.00759849, 0.04141321]), array([-0.07438038, -0.0952029 , -0.03029698, -0.03862883]), array([ 0.01680758, -0.01380246, -0.05389754, -0.04175433]), array([ 0.06637023,  0.03643289, -0.04037199,  0.17494702]), array([ 0.09594669, -0.06233471, -0.01206419,  0.10934519]), array([-0.0039919 ,  0.07723601,  0.04718827, -0.06250497]), array([-0.06103919, -0.00973353,  0.00225363, -0.08855488]), array([-0.13319402, -0.00551115,  0.05192057, -0.0862767 ]), array([-0.04560712,  0.0481363 , -0.06036193,  0.03447678]), array([-0.00084073,  0.00952548, -0.02117008,  0.03548076]), array([ 0.00719857,  0.000686  , -0.01268047, -0.04822039]), array([-0.00064065,  0.01853797,  0.03291946, -0.11953908]), array([-0.04244299, -0.02484575, -0.04435993, -0.06977287]), array([-0.01941843, -0.04963879, -0.04120235,  0.02607501]), array([-0.01564772, -0.00730854,  0.00978345, -0.00054311]), array([-0.00367417, -0.05630681,  0.02200059, -0.022417  ]), array([-0.0650529 , -0.06809434, -0.08370782,  0.0355486 ]), array([ 0.02105392,  0.03818617, -0.07600894,  0.04643257]), array([ 0.0368238 , -0.00775834,  0.08357206,  0.01502042]), array([ 0.0656837 ,  0.00398974, -0.01419049, -0.0015562 ])]

Actions: [array([1.        , 0.74763036]), array([1.        , 0.74593413]), array([1.        , 0.74484016]), array([1.        , 0.74464867]), array([1.       , 0.7435427]), array([1.        , 0.74215294]), array([1.        , 0.74068053]), array([1.        , 0.74011871]), array([1.        , 0.73882243]), array([1.        , 0.73686481]), array([1.        , 0.73503253]), array([1.        , 0.73245055]), array([1.        , 0.73158736]), array([1.        , 0.73019704]), array([1.        , 0.72890362]), array([1.        , 0.72631448]), array([1.        , 0.72398276]), array([1.        , 0.72123815]), array([1.        , 0.71962161]), array([1.       , 0.7192531]), array([1.        , 0.71688911]), array([1.        , 0.71486711]), array([1.        , 0.71319062]), array([1.        , 0.71340701]), array([1.        , 0.71342642]), array([1.        , 0.71342314]), array([1.        , 0.71424292]), array([1.        , 0.71484134]), array([1.        , 0.71368015]), array([1.        , 0.71497617]), array([1.        , 0.71400881]), array([1.       , 0.7158497]), array([1.        , 0.71492056]), array([1.        , 0.71825386]), array([1.        , 0.72450017]), array([1.       , 0.7287477]), array([1.        , 0.73000037]), array([1.       , 0.7371023]), array([1.        , 0.76017091])]