
Good
Feature: [0, 73, 8409.27318015407]

States: [array([-170.5095067 ,    0.73353974, -129.61884017,   -1.51229943]), array([-169.84834096,    0.64999149, -131.06391321,   -0.19302951]), array([-169.20964323,    0.50380046, -131.27705839,    0.82328922]), array([-168.67524141,    0.66593309, -130.39583742,    1.6961822 ]), array([-168.01098585,    0.79574267, -128.69348133,    2.3540398 ]), array([-167.16727276,    0.66164454, -126.41376666,    2.76500169]), array([-166.45547535,    0.57704506, -123.62697259,    3.1806177 ]), array([-165.90179243,    0.57271011, -120.47041546,    3.55133803]), array([-165.29723746,    0.50235303, -116.9193299 ,    3.81220805]), array([-164.76537596,    0.45160391, -113.14769745,    4.11342012]), array([-164.34203459,    0.41652775, -109.08828497,    4.25868182]), array([-163.94111678,    0.27198424, -104.84372004,    4.36491895]), array([-163.635933  ,    0.23609756, -100.39361542,    4.45382592]), array([-163.37087001,    0.22985687,  -95.98036977,    4.5888764 ]), array([-163.21905962,    0.24106506,  -91.38161365,    4.72788889]), array([-162.96852203,    1.198706  ,  -86.70598592,    4.7298409 ]), array([-161.83905939,    1.98863058,  -81.90661177,    4.47757226]), array([-159.87897473,    2.6759184 ,  -77.39568105,    4.5034455 ]), array([-157.20050871,    3.0587535 ,  -72.81536593,    4.61367267]), array([-154.15047985,    3.37258324,  -68.24061277,    4.60234087]), array([-150.79504196,    3.75862348,  -63.64792324,    4.57528048]), array([-147.01289334,    4.11345658,  -59.03520325,    4.58951278]), array([-142.92295057,    4.34291798,  -54.45531398,    4.46394757]), array([-138.55572628,    4.5300526 ,  -49.96702045,    4.43522809]), array([-134.02516085,    4.53722282,  -45.43138265,    4.37780795]), array([-129.47301899,    4.62604523,  -41.06945533,    4.34529569]), array([-124.89998458,    4.72190905,  -36.74056173,    4.2070044 ]), array([-120.13637738,    4.78955199,  -32.52969445,    4.19361676]), array([-115.37403368,    4.80365437,  -28.4083955 ,    4.14305909]), array([-110.58277184,    4.86905639,  -24.280914  ,    4.10793265]), array([-105.7212336 ,    4.91169482,  -20.15002147,    3.99085653]), array([-100.81274215,    4.28473359,  -16.20126745,    4.23769024]), array([-96.58438456,   3.72035832, -11.99136942,   4.45925151]), array([-92.88187656,   3.28469925,  -7.60705536,   4.61516025]), array([-89.64784307,   2.80855694,  -2.97256677,   4.66496692]), array([-86.80073881,   2.36258804,   1.75289554,   4.74282981]), array([-84.47131909,   2.05624781,   6.47466557,   4.73682476]), array([-82.48962724,   1.70769833,  11.28056477,   4.78391867]), array([-80.76965144,   1.45708388,  16.01798071,   4.89863217]), array([-79.31824843,   1.10860101,  20.89310443,   4.99480576]), array([-78.16943064,   0.82892846,  25.89233106,   5.02274939]), array([-77.30474864,   0.5357222 ,  30.98436805,   5.11363452]), array([-76.72216317,   0.39845847,  36.17785488,   5.09439317]), array([-76.31946854,   0.8957846 ,  41.27351602,   5.0755169 ]), array([-75.37788316,   1.72962324,  46.41872886,   4.5456289 ]), array([-73.57679925,   2.40864778,  51.00902489,   3.85536239]), array([-71.17022903,   2.90770748,  54.90952294,   3.01334707]), array([-68.3155954 ,   3.31501115,  57.90309623,   2.18262579]), array([-65.03705207,   3.63816545,  59.97787486,   1.10260222]), array([-61.36389505,   4.02739994,  61.07221121,   0.14672292]), array([-57.29166141,   4.25867086,  61.18329101,  -0.7204525 ]), array([-53.02960673,   4.36384991,  60.44935189,  -1.48920418]), array([-48.73478595,   4.51835368,  58.99170829,  -2.13771284]), array([-44.27144437,   4.58888483,  56.8837686 ,  -1.94252717]), array([-39.61264796,   4.72481587,  55.00099297,  -1.70341448]), array([-34.9363625 ,   4.83529685,  53.3740182 ,  -1.2188488 ]), array([-30.07132804,   4.85393176,  52.15818943,  -0.69232684]), array([-25.30712874,   4.99456456,  51.41959715,  -0.08741338]), array([-20.30470398,   5.10218982,  51.34142357,   0.42971522]), array([-15.26064751,   4.12408764,  51.79670491,  -0.52951582]), array([-11.08604451,   3.29979144,  51.23576057,  -1.40656351]), array([-7.84048042,  2.60505232, 49.77884874, -2.10160262]), array([-5.25778254,  2.16547216, 47.68150888, -2.62946998]), array([-3.08591939,  1.66406537, 45.0078078 , -3.0767786 ]), array([-1.424062  ,  1.23386758, 41.96761103, -3.45794548]), array([-0.20724842,  0.87390656, 38.49961621, -3.73316849]), array([ 0.69461271,  0.44542283, 34.8089528 , -4.0670714 ]), array([ 1.1918138 ,  0.19033748, 30.66805325, -4.23691659]), array([ 1.39501081, -0.04688642, 26.41699432, -4.43574768]), array([ 1.47007817, -0.26526775, 22.0068909 , -4.53011781]), array([ 1.1784991 , -0.09829505, 17.51491012, -4.64280815]), array([ 1.01978512, -0.17403365, 12.89334253, -4.66055745]), array([ 0.78169036, -0.21402048,  8.26777083, -4.73416876]), array([-0.07900574, -0.05531148, -0.07172608, -0.01300574]), array([ 0.0209854 ,  0.0301285 , -0.0317438 ,  0.03975511]), array([ 0.00476751,  0.03409913, -0.0323141 , -0.09287945]), array([ 0.02529497,  0.0529839 , -0.03125716,  0.02737879]), array([ 0.05465829, -0.024582  ,  0.01649838,  0.00902877]), array([ 0.00600648, -0.13266921,  0.04710429,  0.03434899]), array([-0.00974965,  0.03276216,  0.04414451, -0.0182698 ]), array([-0.00278271, -0.01433932, -0.10746348, -0.04192789]), array([ 0.03592338, -0.09328866, -0.05430133, -0.00421927]), array([-0.04459435,  0.04663374,  0.10703073, -0.01317047]), array([-0.0907831 ,  0.00844725, -0.00315805,  0.0136232 ]), array([-0.00280676,  0.12223617, -0.01412295, -0.05838939]), array([-0.01756489,  0.0658892 ,  0.12580815, -0.1068163 ]), array([-0.0097743 ,  0.00894307,  0.05351573, -0.01758494]), array([ 0.02010618, -0.05017676,  0.04192597,  0.02063467]), array([ 0.00877107, -0.07604978, -0.02024257,  0.04913779]), array([-0.01737241, -0.05535553, -0.04791269,  0.09536709]), array([ 0.01459598,  0.02234277, -0.02227155, -0.05388122]), array([-0.07252905,  0.03083749, -0.02562228, -0.00865189]), array([ 0.00427169, -0.06573705, -0.04192033, -0.01467393]), array([ 0.170693  ,  0.01863245,  0.04147414, -0.01541403]), array([-0.06580198, -0.02018294, -0.03116285, -0.06354959]), array([ 0.00538836, -0.00235633, -0.08463291,  0.04804532]), array([ 0.04132941,  0.00619248,  0.00248483, -0.08445419]), array([-0.04136588,  0.00444762,  0.02119431, -0.04891532]), array([-0.05225796,  0.02292328,  0.02939105, -0.07063217]), array([ 0.04528408, -0.02844474, -0.03039864,  0.00550998])]

Actions: [array([0.05033462, 1.        ]), array([0.04196352, 1.        ]), array([0.23561538, 1.        ]), array([0.2320076, 1.       ]), array([0.04275686, 1.        ]), array([0.03561236, 1.        ]), array([0.02958701, 1.        ]), array([0.02491431, 1.        ]), array([0.01947929, 1.        ]), array([0.01445214, 1.        ]), array([0.01026645, 1.        ]), array([0.00595487, 1.        ]), array([0.00240156, 1.        ]), array([-0.0010364,  1.       ]), array([0.94585545, 1.        ]), array([1.        , 0.72150466]), array([1.        , 0.96780085]), array([1.       , 0.9420455]), array([1.        , 0.92122769]), array([1.        , 0.90279704]), array([1.        , 0.88587847]), array([1.        , 0.87163661]), array([1.        , 0.85963052]), array([1.        , 0.85047364]), array([1.        , 0.84145026]), array([1.        , 0.83397302]), array([1.        , 0.82622856]), array([1.        , 0.82177443]), array([1.        , 0.81812927]), array([1.        , 0.81415174]), array([0.31762391, 1.        ]), array([0.27191766, 1.        ]), array([0.23120527, 1.        ]), array([0.1935239, 1.       ]), array([0.15849604, 1.        ]), array([0.12465353, 1.        ]), array([0.0942594, 1.       ]), array([0.06512452, 1.        ]), array([0.03555414, 1.        ]), array([0.00573228, 1.        ]), array([-0.02385646,  1.        ]), array([-0.05395385,  1.        ]), array([0.55051801, 1.        ]), array([1.        , 0.43633665]), array([1.        , 0.36338131]), array([ 1.        , -0.02236133]), array([ 1.        , -0.27357466]), array([ 1.        , -0.70186281]), array([ 1.        , -0.77224361]), array([ 1.        , -0.83943749]), array([ 1.        , -0.90428308]), array([ 1.        , -0.96647901]), array([ 1.        , -0.20093179]), array([ 1.        , -0.17537898]), array([1.        , 0.13851107]), array([1.        , 0.33815077]), array([1.        , 0.42294289]), array([1.        , 0.51797087]), array([ 0.0802296, -1.       ]), array([ 0.0231056, -1.       ]), array([-0.02398318, -1.        ]), array([-0.06172411, -1.        ]), array([-0.09369787, -1.        ]), array([-0.12318495, -1.        ]), array([-0.14892572, -1.        ]), array([-0.17183992, -1.        ]), array([-0.19318844, -1.        ]), array([-0.21231774, -1.        ]), array([-0.22971507, -1.        ]), array([ 0.13605202, -1.        ]), array([-0.03367061, -1.        ]), array([-0.03363325, -1.        ])]
Bad
Feature: [19, 20, 5064.291624038923]

States: [array([-1.69313090e+02,  1.38380380e-01, -1.30526569e+02, -2.53499173e+00]), array([-169.19560081,    1.09491796, -133.11783089,   -1.23499915]), array([-168.09745419,    1.92381292, -134.34314979,   -0.30916153]), array([-166.23629119,    2.53180112, -134.61379942,    0.52304503]), array([-163.67005437,    2.94898923, -134.20052971,    1.30303963]), array([-160.67751127,    3.34683334, -132.89374317,    1.9766786 ]), array([-157.30874671,    3.68872135, -130.90784563,    2.42541249]), array([-153.5238953 ,    3.9849476 , -128.55065336,    2.78204467]), array([-149.53058375,    4.25395582, -125.79985427,    3.04517477]), array([-145.34330087,    4.3777777 , -122.7891523 ,    3.30536386]), array([-140.98448964,    4.55280138, -119.44357077,    3.47597278]), array([-136.47636902,    4.62235845, -116.00750674,    3.59337737]), array([-131.82226252,    4.75253984, -112.4065759 ,    3.66289238]), array([-127.00644936,    4.85922345, -108.75182759,    3.73976755]), array([-122.18398413,    4.9759826 , -104.91437474,    3.80240125]), array([-117.21024812,    4.92402243, -101.15884504,    3.92038304]), array([-112.35359019,    4.90674847,  -97.23614121,    3.97633496]), array([-107.457546  ,    4.86653651,  -93.19060013,    4.00144655]), array([-102.59032298,    4.95093121,  -89.17529939,    4.14988131]), array([-97.62105298,   5.00043971, -85.05002772,   4.15229727]), array([-92.69860249,   4.97425224, -80.88677302,   4.2000039 ]), array([-87.79257352,   4.97417695, -76.67076126,   4.26907123]), array([-82.80977048,   4.9154024 , -72.48877076,   4.31287437]), array([-77.8759389 ,   5.00227529, -68.1654894 ,   4.23229746]), array([-72.93347111,   4.99079123, -63.93495527,   4.31111927]), array([-67.92893929,   4.95852333, -59.58878922,   4.42035656]), array([-62.97585083,   4.99738887, -55.227073  ,   4.37796503]), array([-57.97631404,   5.05624779, -50.85889611,   4.40589604]), array([-52.91376775,   5.09839455, -46.5122485 ,   4.42648192]), array([-47.87331698,   5.19596685, -42.11199511,   4.3534224 ]), array([-42.64946614,   5.07811803, -37.77974081,   4.35110884]), array([-37.57875376,   5.09805738, -33.48247523,   4.29228529]), array([-32.58852166,   5.12596385, -29.21048992,   4.29081348]), array([-27.45878421,   5.12506134, -24.93730703,   4.29701118]), array([-22.32507773,   5.10436625, -20.73170315,   4.38114955]), array([-17.27188074,   5.21957618, -16.27381239,   4.3130294 ]), array([-11.99129034,   5.14309133, -11.95648542,   4.33867992]), array([-6.88989589,  5.1312537 , -7.64036437,  4.50721634]), array([-1.69586896,  5.08230861, -3.10318492,  4.51613129]), array([ 0.05065753,  0.08849325, -0.04596811, -0.00373971]), array([-0.03162572,  0.0748921 ,  0.07286662,  0.02419438]), array([ 0.04079933, -0.0452957 , -0.06930162, -0.08120248]), array([-0.0065408 ,  0.08653088,  0.00569417, -0.04883166]), array([ 0.07360276, -0.0634977 ,  0.03960951,  0.02714751]), array([0.02336544, 0.0500989 , 0.00858749, 0.10415492]), array([-0.05768531, -0.00350373, -0.00669059, -0.02387766]), array([-0.01911222,  0.02206131,  0.04830481, -0.01352705]), array([ 0.05527656, -0.03515863,  0.03651085, -0.00879107]), array([0.05744095, 0.01533845, 0.01650588, 0.00536828]), array([0.03147444, 0.08637388, 0.03231624, 0.05117194]), array([ 0.06192106, -0.05650615, -0.00956846, -0.04174779]), array([-0.04128397,  0.0714126 , -0.00305332, -0.00878126]), array([ 0.01730321,  0.11039624,  0.03197163, -0.01819068]), array([-0.0032166 , -0.03203108, -0.05192913,  0.05334919]), array([-0.02892223, -0.04687321, -0.13032824,  0.04869478]), array([-0.07913503,  0.01880702, -0.07221004,  0.01517585]), array([ 0.01321847, -0.02442232,  0.07815664, -0.02327329]), array([-0.0245108 ,  0.0030431 , -0.07183327, -0.04047458]), array([-0.02095602, -0.03948477, -0.00398404, -0.04711506]), array([0.03667022, 0.0248278 , 0.12282551, 0.01891845]), array([-0.00946681,  0.02007412,  0.02163546,  0.06260597]), array([ 0.02500273,  0.07970918,  0.0151959 , -0.09401203]), array([ 0.05855151,  0.0582935 ,  0.05280864, -0.0336422 ]), array([ 0.05180057,  0.03958124, -0.058766  , -0.01369216]), array([-0.01103818, -0.00244575,  0.00775745, -0.02984355]), array([-0.0250819 ,  0.02632254, -0.03090791, -0.0082508 ]), array([-0.07669917,  0.03221794, -0.00546557, -0.03314599]), array([-0.023958  ,  0.03674979, -0.07957384,  0.03285216]), array([ 0.00998104, -0.00209058, -0.02820849, -0.06146156]), array([-0.10118672,  0.10468428, -0.00578643,  0.08476549]), array([-0.03677547, -0.07219333,  0.03492497,  0.00137249]), array([-0.03802344,  0.01446692,  0.00387518, -0.02698179]), array([ 0.04859126, -0.0189293 , -0.0084163 , -0.09337312]), array([ 0.077448  , -0.00218891,  0.07076822,  0.03074151]), array([-0.02541913,  0.02481001, -0.00167657, -0.04958811]), array([-0.02192213, -0.02072271,  0.07518067,  0.02872756]), array([0.00072986, 0.06963932, 0.03125396, 0.02200363]), array([0.01165834, 0.03993505, 0.05463685, 0.11087767]), array([0.02175182, 0.02960807, 0.0066147 , 0.00868844]), array([ 0.02311909,  0.0204736 , -0.06118792,  0.14695794]), array([0.04127747, 0.04617219, 0.0258483 , 0.05306432]), array([-0.03683854,  0.0469123 , -0.03565801, -0.00840372]), array([-0.04356233, -0.01199915, -0.06175902,  0.00881154]), array([-0.01074539,  0.02281712,  0.08773343,  0.10286293]), array([-0.0398639 ,  0.06678997, -0.01756496,  0.03337884]), array([ 0.01225041,  0.01063257, -0.0327747 , -0.07559925]), array([ 0.02896447,  0.0469251 , -0.00813339,  0.03299077]), array([ 0.06093588, -0.10381744,  0.09998612, -0.04848477]), array([ 0.00647479,  0.05543545, -0.0022317 ,  0.03528874]), array([-0.07364792,  0.01139892,  0.0804605 ,  0.01588844]), array([-0.01475061, -0.01905835, -0.04857855,  0.04060577]), array([-0.02828823, -0.01050675,  0.00544907,  0.04103912]), array([ 0.05621097,  0.00472395, -0.05810002, -0.03295258]), array([-0.0228682 , -0.02535777,  0.13047935, -0.03725549]), array([ 0.11210245, -0.0286287 , -0.03348548,  0.02683875]), array([ 0.08685995,  0.00040443,  0.01602616, -0.01053001]), array([ 0.0780156 , -0.02573505, -0.049697  , -0.0264394 ]), array([-0.0311484 , -0.00091486,  0.06218302,  0.08343382]), array([-0.04825646, -0.05039259, -0.00156865,  0.0226052 ]), array([0.00582245, 0.01192013, 0.01890161, 0.03417683])]

Actions: [array([1.        , 0.76593022]), array([1.        , 0.78173959]), array([1.       , 0.7941062]), array([1.        , 0.80459958]), array([1.        , 0.81466535]), array([1.       , 0.8216875]), array([1.        , 0.82664702]), array([1.        , 0.83165941]), array([1.        , 0.83546293]), array([1.        , 0.83880859]), array([1.        , 0.84100557]), array([1.        , 0.84360121]), array([1.        , 0.84606125]), array([1.        , 0.84935554]), array([1.        , 0.85146452]), array([1.        , 0.85554084]), array([1.        , 0.85760161]), array([1.        , 0.85902302]), array([1.       , 0.8606324]), array([1.        , 0.86217736]), array([1.        , 0.86304491]), array([1.        , 0.86325026]), array([1.        , 0.86468532]), array([1.        , 0.86395627]), array([1.        , 0.86449545]), array([1.        , 0.86420612]), array([1.        , 0.86292451]), array([1.        , 0.86200032]), array([1.        , 0.86232421]), array([1.        , 0.86121082]), array([1.        , 0.86508009]), array([1.        , 0.86743138]), array([1.        , 0.86914995]), array([1.        , 0.87580159]), array([1.        , 0.88858321]), array([1.        , 0.89041037]), array([1.        , 0.92143743]), array([1.        , 0.97415762])]