
Good
Feature: [0, 75, 8969.862797503634]

States: [array([-169.78166866,   -1.26065453, -129.5018957 ,    0.27314294]), array([-171.1625241 ,   -0.76738947, -129.28403576,    1.25530731]), array([-171.95255646,   -0.46727036, -128.01484868,    2.0051177 ]), array([-172.38324448,   -0.22021244, -126.01228979,    2.62185867]), array([-1.72565224e+02,  6.82350566e-02, -1.23504294e+02,  3.06375322e+00]), array([-172.42761064,    0.40353229, -120.44862138,    3.44484438]), array([-171.94546684,    0.54023145, -117.03409633,    3.69701454]), array([-171.41620078,    0.6473229 , -113.37644756,    3.9463425 ]), array([-170.81106181,    0.77617249, -109.4038178 ,    4.10439159]), array([-170.09467906,    0.93384487, -105.32441564,    4.20609695]), array([-169.15068306,    1.09973473, -101.13060513,    4.40362428]), array([-168.05309807,    1.19252503,  -96.70972163,    4.56022646]), array([-166.83861992,    1.29594142,  -92.10923921,    4.54442151]), array([-165.53378096,    1.2255041 ,  -87.57605003,    4.65040415]), array([-164.39447144,    1.28432776,  -82.91481505,    4.68137262]), array([-163.03173483,    1.2334904 ,  -78.2854079 ,    4.73631457]), array([-161.79300848,    1.6657873 ,  -73.53793506,    4.77725819]), array([-160.11660225,    2.11025255,  -68.69191072,    4.7249466 ]), array([-158.02523279,    2.62972667,  -63.96589217,    4.80573307]), array([-155.3599119 ,    3.14669195,  -59.10193906,    4.22218767]), array([-152.24336698,    3.43305786,  -54.89542081,    3.53911554]), array([-148.86435548,    3.7475337 ,  -51.34408002,    2.93434542]), array([-145.13423535,    3.96595168,  -48.47443178,    2.19339613]), array([-141.16799032,    4.18955333,  -46.1966013 ,    1.57633932]), array([-136.99872984,    4.33387166,  -44.58828975,    0.8221726 ]), array([-1.32718974e+02,  4.41663694e+00, -4.37532205e+01, -1.24288825e-01]), array([-128.34996384,    4.18384947,  -44.00495944,    0.88614905]), array([-124.16386159,    4.04525987,  -43.15386947,    1.76922515]), array([-120.04989628,    3.66098204,  -41.37080149,    2.36484764]), array([-116.42316166,    3.45836038,  -38.99159109,    2.90385393]), array([-112.95458818,    3.05481422,  -36.0596452 ,    3.39281995]), array([-109.86325722,    2.73338134,  -32.67833052,    3.76424914]), array([-107.11685308,    2.53981264,  -28.98048644,    4.06092059]), array([-104.57171511,    2.35387716,  -24.90525167,    4.15772636]), array([-102.17601142,    2.33255675,  -20.71014641,    4.28049137]), array([-99.89056228,   2.16483418, -16.45854238,   4.50306324]), array([-97.75971682,   2.08194418, -12.01434867,   4.57621926]), array([-95.80619259,   1.98525649,  -7.51491072,   4.62687224]), array([-93.87271661,   1.84409369,  -2.84917324,   4.67853793]), array([-92.04019078,   1.73176342,   1.93345194,   4.7001278 ]), array([-90.31523104,   1.67668305,   6.65216527,   4.79997933]), array([-88.64757281,   1.65414538,  11.46096548,   4.88584315]), array([-86.88642559,   1.59860177,  16.38638756,   4.84401795]), array([-85.24834295,   1.58307532,  21.22307052,   4.86356155]), array([-83.76889533,   1.54234984,  26.19723188,   4.85558732]), array([-82.23805828,   1.49869603,  31.09842795,   4.88842617]), array([-80.74708222,   1.52937614,  36.02790472,   4.92023206]), array([-79.18140732,   1.41990018,  41.01076152,   4.93490474]), array([-77.70752029,   1.32849865,  45.90924919,   4.98643916]), array([-76.39174669,   1.2043127 ,  50.88527903,   4.96347624]), array([-75.18434887,   2.02998937,  55.92491371,   4.07223623]), array([-73.19732821,   2.54175795,  60.00466717,   3.23638242]), array([-70.6724899 ,   3.05016743,  63.19066957,   2.46819856]), array([-67.60766808,   3.49561946,  65.68061901,   1.77413338]), array([-64.02020931,   3.83007212,  67.3721371 ,   1.22201248]), array([-60.184333  ,   4.10308187,  68.63541396,   0.23017245]), array([-56.06728152,   4.31449009,  68.94467595,  -0.65337538]), array([-51.78423787,   4.4290712 ,  68.28212579,  -1.43832541]), array([-47.27113235,   4.5696016 ,  66.87391865,  -2.13910323]), array([-42.76495275,   4.62043055,  64.67087751,  -2.63748892]), array([-38.17323851,   4.49466363,  61.94151339,  -3.10923572]), array([-33.76986207,   4.61421876,  58.90085427,  -2.91932304]), array([-29.08609561,   4.6434885 ,  56.00003693,  -2.61526948]), array([-24.38785253,   4.31485422,  53.39635273,  -3.12269592]), array([-20.06264443,   3.8544279 ,  50.31670973,  -3.49674281]), array([-16.22483755,   3.36561482,  46.86825122,  -3.87623899]), array([-12.78973115,   2.9842147 ,  42.9244998 ,  -4.09712713]), array([-9.80946784,  2.68531607, 38.91577902, -4.2555346 ]), array([-7.1857358 ,  2.38764926, 34.66492024, -4.40409835]), array([-4.80115815,  2.07669085, 30.30361984, -4.50775958]), array([-2.69153411,  1.79910704, 25.74313678, -4.59671114]), array([-0.89565358,  1.49532081, 21.11138483, -4.70246697]), array([ 0.6051297 ,  1.24262672, 16.4575183 , -4.76871718]), array([ 1.83763877,  0.99374779, 11.67640508, -4.73600982]), array([ 2.86691884,  0.73083934,  6.85258128, -4.86847805]), array([-0.04032295, -0.05818004,  0.02400406, -0.03561884]), array([ 0.02681368, -0.07853251,  0.00899214,  0.0284556 ]), array([-0.03326014, -0.10532536,  0.01231573,  0.03041201]), array([ 0.00458082,  0.05960828,  0.04248659, -0.07719369]), array([ 0.00371979, -0.03208819, -0.00010318,  0.01125032]), array([ 0.05597541,  0.00698062, -0.00043206,  0.05212205]), array([ 0.01352508, -0.0342303 , -0.01134201, -0.02358176]), array([ 0.12302804, -0.05926942, -0.01252219,  0.12438882]), array([-0.11471683,  0.01932358, -0.00947506, -0.04925054]), array([-0.02516236,  0.04535747,  0.10073517,  0.01065838]), array([0.04470716, 0.00552845, 0.0031456 , 0.08084569]), array([0.00515191, 0.02843939, 0.00459012, 0.04070316]), array([-0.1091553 , -0.07041713, -0.01510148,  0.01116469]), array([ 0.00164179, -0.05813033,  0.01155775, -0.0243854 ]), array([ 0.05205636, -0.02212156, -0.02012492,  0.03956883]), array([-0.01872554, -0.02376941,  0.00864637, -0.00300881]), array([ 0.0004258 , -0.07908953,  0.03564294, -0.04218233]), array([ 0.0148731 , -0.07145789, -0.02887744,  0.06219614]), array([ 0.02893135,  0.0045635 ,  0.01611146, -0.03019085]), array([ 0.0623264 , -0.02619254,  0.05021514,  0.11644282]), array([-0.00553198,  0.0506041 , -0.01119753,  0.07103396]), array([-0.0237776 ,  0.04387487, -0.00479841, -0.05831207]), array([ 0.0121299 , -0.05752152, -0.02334952, -0.00916067]), array([ 0.02019594, -0.02551469,  0.09245213, -0.11973871]), array([-0.07509475, -0.03403622,  0.02850339,  0.04410675])]

Actions: [array([0.16246036, 1.        ]), array([0.18300748, 1.        ]), array([0.19811741, 1.        ]), array([0.21072007, 1.        ]), array([0.22197102, 1.        ]), array([0.23096825, 1.        ]), array([0.23637614, 1.        ]), array([0.24270054, 1.        ]), array([0.25002051, 1.        ]), array([0.25677101, 1.        ]), array([0.26002933, 1.        ]), array([0.26145906, 1.        ]), array([0.26109246, 1.        ]), array([0.25663756, 1.        ]), array([0.25916169, 1.        ]), array([0.63895701, 1.        ]), array([0.74608936, 1.        ]), array([0.90895925, 1.        ]), array([1.        , 0.32897145]), array([1.        , 0.19614285]), array([1.        , 0.06249428]), array([ 1.        , -0.07951009]), array([ 1.        , -0.19437628]), array([ 1.        , -0.44344861]), array([ 1.        , -0.74004847]), array([0.6346096, 1.       ]), array([0.59108951, 1.        ]), array([0.55093666, 1.        ]), array([0.51611867, 1.        ]), array([0.32541088, 1.        ]), array([0.38855164, 1.        ]), array([0.3701181, 1.       ]), array([0.35526036, 1.        ]), array([0.34288243, 1.        ]), array([0.33154838, 1.        ]), array([0.32062888, 1.        ]), array([0.31131172, 1.        ]), array([0.3035548, 1.       ]), array([0.2957894, 1.       ]), array([0.28902946, 1.        ]), array([0.28270501, 1.        ]), array([0.27681111, 1.        ]), array([0.26841362, 1.        ]), array([0.26042218, 1.        ]), array([0.25552066, 1.        ]), array([0.24699182, 1.        ]), array([0.23712836, 1.        ]), array([0.22023694, 1.        ]), array([0.1980933, 1.       ]), array([1.        , 0.08690714]), array([ 1.        , -0.00387485]), array([ 1.        , -0.08192329]), array([ 1.        , -0.14999002]), array([ 1.        , -0.21304208]), array([ 1.       , -0.7169857]), array([ 1.        , -0.80657122]), array([ 1.        , -0.89579396]), array([ 1.        , -0.98299375]), array([ 0.92768207, -1.        ]), array([ 0.85113899, -1.        ]), array([ 1.        , -0.38607551]), array([ 1.       , -0.3448763]), array([ 0.52698272, -1.        ]), array([ 0.43112298, -1.        ]), array([ 0.37604597, -1.        ]), array([ 0.32619784, -1.        ]), array([ 0.28051236, -1.        ]), array([ 0.23737797, -1.        ]), array([ 0.19573273, -1.        ]), array([ 0.15124291, -1.        ]), array([ 0.10367608, -1.        ]), array([ 0.05150497, -1.        ]), array([-0.009818, -1.      ]), array([-0.09088026, -1.        ])]
Bad
Feature: [1, 62, 7428.307655453699]

States: [array([-1.69818767e+02, -3.13881402e-02, -1.29731282e+02,  1.39413813e+00]), array([-169.81415082,    0.27845245, -128.37263652,    2.11259655]), array([-169.36983294,    0.55884544, -126.23054165,    2.67266316]), array([-168.71223704,    0.81889315, -123.57930531,    3.19584537]), array([-167.88223171,    1.02258041, -120.31295682,    3.59610919]), array([-166.82001742,    1.25156036, -116.67209129,    3.86311658]), array([-165.6282155 ,    1.31859171, -112.82423983,    4.12725579]), array([-164.26275024,    1.38790608, -108.66337011,    4.30577303]), array([-162.90711419,    1.52929718, -104.36467941,    4.41346447]), array([-161.28508275,    1.59336306,  -99.97220637,    4.53726901]), array([-159.72636416,    1.63601561,  -95.42122131,    4.70565509]), array([-158.1020742 ,    1.67700038,  -90.74060568,    4.80838713]), array([-156.40730494,    1.73169339,  -85.90552877,    4.807742  ]), array([-154.71210707,    1.82386509,  -81.06616192,    4.91209147]), array([-152.82252802,    1.90357602,  -76.1278122 ,    4.8631025 ]), array([-150.9432209 ,    1.91632383,  -71.21176426,    4.91166582]), array([-149.01623171,    2.21183093,  -66.30185332,    4.99056599]), array([-146.86179324,    2.49006652,  -61.24598305,    4.91674528]), array([-144.29955083,    2.77310915,  -56.36417504,    4.99459234]), array([-141.49644785,    2.97190809,  -51.29134091,    4.98077115]), array([-138.43604076,    3.11522523,  -46.22647393,    4.94662474]), array([-135.37745126,    3.1531436 ,  -41.26841356,    5.00899657]), array([-132.23953893,    3.26299144,  -36.27800702,    4.97587061]), array([-128.92036569,    3.42431688,  -31.23483671,    4.9774373 ]), array([-125.55394822,    3.51109885,  -26.26377328,    5.05059107]), array([-122.03474222,    3.51882065,  -21.23290831,    5.08620816]), array([-118.58488366,    3.59659286,  -16.17130196,    5.05476494]), array([-114.93787997,    3.67241895,  -11.13043894,    4.99892753]), array([-111.24192097,    3.72772839,   -6.09284794,    5.01648244]), array([-107.50923396,    3.63157219,   -1.16955547,    4.9969332 ]), array([-103.92466407,    3.56777139,    3.86813779,    5.05503189]), array([-100.34995928,    3.51121089,    8.95254584,    5.15717615]), array([-96.7790708 ,   3.44214908,  14.03198579,   5.10997512]), array([-93.35509472,   3.3199387 ,  19.02021289,   5.05718801]), array([-90.04697153,   3.28600721,  24.07817887,   5.03744923]), array([-86.69663659,   3.35355973,  29.10753389,   4.98527433]), array([-83.3437509 ,   3.39574219,  34.06891545,   5.02194653]), array([-79.95501777,   3.42358754,  39.06816385,   5.03193699]), array([-76.54532199,   3.36931074,  44.01911606,   5.06861535]), array([-73.20399108,   3.33535861,  49.16722126,   5.08471   ]), array([-69.90184616,   3.65319916,  54.29160298,   4.06766849]), array([-66.23996537,   3.89579324,  58.38158786,   3.27019369]), array([-62.31672473,   4.08439728,  61.6589817 ,   2.55737523]), array([-58.24759546,   4.24132626,  64.14501236,   1.859611  ]), array([-53.97053237,   4.39194327,  65.9328314 ,   1.03621614]), array([-49.57651944,   4.53241271,  66.98543132,   0.26605224]), array([-45.09854184,   4.60103576,  67.25824437,  -0.82623412]), array([-40.46253882,   4.64967937,  66.39050995,  -1.70447286]), array([-35.75174609,   4.28130601,  64.69286872,  -2.42224539]), array([-31.54139649,   4.00209555,  62.25190535,  -2.92670746]), array([-27.52214206,   3.62925548,  59.33932099,  -3.34090149]), array([-23.81441259,   3.29616806,  55.98113318,  -3.68726592]), array([-20.60701962,   2.97627798,  52.18668563,  -3.87316385]), array([-17.6328871 ,   2.74872753,  48.27832347,  -4.11211564]), array([-14.85093267,   2.43818337,  44.16419245,  -4.32330865]), array([-12.43262344,   2.26510556,  39.87488368,  -4.51658715]), array([-10.113107  ,   2.13698014,  35.42539549,  -4.69332183]), array([-7.92261873,  2.02360598, 30.69307545, -4.76427488]), array([-5.92590653,  1.8476755 , 25.92770009, -4.78954742]), array([-4.18164715,  1.68366365, 21.13149463, -4.8784561 ]), array([-2.53411838,  1.4439991 , 16.30646191, -4.91564274]), array([-1.02645109,  1.17713419, 11.34406002, -4.89938601]), array([ 0.18631712,  0.92362069,  6.50241889, -4.97323099]), array([ 0.04392224,  0.08237512, -0.0678785 ,  0.04573795]), array([-0.01244701, -0.08128007, -0.09355207, -0.02792375]), array([-0.0301584 , -0.01479044, -0.06857986, -0.02289831]), array([ 0.01665465,  0.03225774, -0.01701222,  0.01018914]), array([ 0.0322295 ,  0.06235755,  0.08304146, -0.00798653]), array([ 0.01765166, -0.00956993, -0.09181201,  0.17058676]), array([0.07373485, 0.00776752, 0.02022373, 0.00571388]), array([ 0.07974365, -0.02684658,  0.03317848,  0.0349981 ]), array([-0.055205  ,  0.08696808, -0.00102839,  0.04702616]), array([ 0.04218591,  0.0459547 , -0.05062027, -0.02736237]), array([-0.05202891, -0.05683971, -0.00444713, -0.0292342 ]), array([ 0.00212565,  0.01879156, -0.05534454,  0.09988263]), array([-0.07045382,  0.02764126, -0.02614135, -0.01361334]), array([ 0.0802157 ,  0.04538239, -0.00263244, -0.03070992]), array([ 0.02535307, -0.02688768, -0.00832034,  0.0032034 ]), array([-0.01570771,  0.03984924, -0.06439603,  0.05456229]), array([ 0.04669778,  0.02954884, -0.00530819,  0.01406452]), array([ 0.04112634,  0.09003826, -0.01941989,  0.03749713]), array([ 0.05007196, -0.01963946, -0.04301546, -0.01195689]), array([-0.04966753,  0.13009532, -0.04297001, -0.02090692]), array([ 0.04999573, -0.03324631, -0.00013835, -0.00729776]), array([ 0.064471  , -0.03278986, -0.07486766,  0.03936866]), array([ 0.03152798, -0.0225946 ,  0.04579266, -0.01585096]), array([ 0.05222131, -0.02015185, -0.01312771, -0.04944998]), array([-0.05331962, -0.02413463, -0.04827189,  0.021753  ]), array([ 0.08297848,  0.02983599,  0.02631425, -0.01469157]), array([-0.00720842, -0.07945796,  0.00428245,  0.02888145]), array([0.06074907, 0.07500551, 0.0344091 , 0.00882505]), array([ 0.12053247,  0.02792515, -0.01477234,  0.06261106]), array([ 0.03876515,  0.01193238, -0.03860724, -0.05080127]), array([-0.01736758, -0.09308074, -0.0096561 , -0.00066379]), array([ 0.05348687,  0.08255898, -0.0170706 , -0.11577429]), array([ 0.03516487, -0.01882071,  0.01669242, -0.02931065]), array([-0.05301012,  0.0118367 ,  0.08928689, -0.03393375]), array([-0.05416009, -0.02743121, -0.02551979,  0.04618117]), array([-0.0280817 , -0.02191521, -0.03524939, -0.07558169]), array([-0.019956  , -0.04627133,  0.03678488, -0.02036934])]

Actions: [array([0.32683469, 1.        ]), array([0.33096441, 1.        ]), array([0.33350252, 1.        ]), array([0.33573248, 1.        ]), array([0.33844339, 1.        ]), array([0.34023852, 1.        ]), array([0.34153045, 1.        ]), array([0.34217173, 1.        ]), array([0.34357045, 1.        ]), array([0.34212306, 1.        ]), array([0.34209962, 1.        ]), array([0.34176443, 1.        ]), array([0.3411027, 1.       ]), array([0.34035016, 1.        ]), array([0.33649496, 1.        ]), array([0.68127339, 1.        ]), array([0.69352225, 1.        ]), array([0.70573358, 1.        ]), array([0.7140774, 1.       ]), array([0.72220889, 1.        ]), array([0.7284528, 1.       ]), array([0.73454899, 1.        ]), array([0.74070448, 1.        ]), array([0.74586346, 1.        ]), array([0.75037061, 1.        ]), array([0.75398896, 1.        ]), array([0.75957338, 1.        ]), array([0.76257532, 1.        ]), array([0.68107383, 1.        ]), array([0.674185, 1.      ]), array([0.67042489, 1.        ]), array([0.66673424, 1.        ]), array([0.662116, 1.      ]), array([0.6586443, 1.       ]), array([0.6594241, 1.       ]), array([0.65806006, 1.        ]), array([0.65362903, 1.        ]), array([0.64548126, 1.        ]), array([0.62389087, 1.        ]), array([1.        , 0.10908504]), array([1.        , 0.01091729]), array([ 1.        , -0.07934564]), array([ 1.        , -0.16699052]), array([ 1.        , -0.50582304]), array([ 1.        , -0.59901755]), array([ 1.        , -0.97831496]), array([ 0.90358683, -1.        ]), array([ 0.59392144, -1.        ]), array([ 0.53556141, -1.        ]), array([ 0.48797169, -1.        ]), array([ 0.44324754, -1.        ]), array([ 0.40269985, -1.        ]), array([ 0.3697301, -1.       ]), array([ 0.3372158, -1.       ]), array([ 0.30471828, -1.        ]), array([ 0.27594724, -1.        ]), array([ 0.24400342, -1.        ]), array([ 0.20882415, -1.        ]), array([ 0.16823744, -1.        ]), array([ 0.12109017, -1.        ]), array([ 0.05047167, -1.        ]), array([-0.07407747, -1.        ])]