
Good
Feature: [0, 64, 7598.926596329955]

States: [array([-170.86930836,    2.04460211, -129.43880765,    1.51797365]), array([-168.76820486,    1.99228379, -127.9128192 ,    2.260837  ]), array([-166.75016149,    1.8586578 , -125.65734767,    2.88840089]), array([-164.87618955,    1.62318816, -122.76846447,    3.36394549]), array([-163.23844179,    1.4143967 , -119.35445575,    3.74826588]), array([-161.82081121,    1.23017161, -115.50329971,    3.98591642]), array([-160.49659082,    1.05492229, -111.53841364,    4.18748279]), array([-159.43055234,    0.90991333, -107.35084322,    4.39009651]), array([-158.55744533,    0.76249792, -102.94995023,    4.54297493]), array([-157.86241432,    0.56538081,  -98.32035507,    4.60214625]), array([-157.21297647,    0.40468016,  -93.69157378,    4.66705447]), array([-1.56823757e+02,  1.56159625e-01, -8.90595097e+01,  4.72823104e+00]), array([-1.56712280e+02, -6.99636121e-03, -8.44141422e+01,  4.77513433e+00]), array([-156.67680598,    0.23526303,  -79.66729994,    4.87438274]), array([-156.50128907,    0.75168106,  -74.80701222,    4.87378224]), array([-155.74988876,    1.22281681,  -69.99380475,    4.87398131]), array([-154.48915861,    1.63987508,  -65.06062846,    4.87806355]), array([-152.80595703,    2.07380978,  -60.24111725,    4.91655183]), array([-150.7884291 ,    2.61546914,  -55.38683986,    4.95935932]), array([-148.28245077,    3.04347744,  -50.3457803 ,    4.88173128]), array([-145.25682466,    3.40597677,  -45.46024748,    4.70855093]), array([-141.83125977,    3.54845217,  -40.70752165,    4.82786006]), array([-138.29964391,    3.55346883,  -35.88769084,    4.82207483]), array([-134.80528505,    3.54234675,  -31.02877838,    4.79513132]), array([-131.26173027,    3.58694864,  -26.24844408,    4.81787555]), array([-127.64365632,    3.59040611,  -21.36668564,    4.95153523]), array([-124.06736725,    3.48141375,  -16.42866256,    4.8826901 ]), array([-120.6903682 ,    3.37505997,  -11.48652157,    4.7992281 ]), array([-117.27980032,    3.27807588,   -6.70662668,    4.85307585]), array([-114.00815735,    3.17594378,   -1.90293178,    4.82386165]), array([-110.7422352 ,    3.06946294,    2.86631667,    4.88290931]), array([-107.69606961,    3.00145326,    7.76267861,    4.86329961]), array([-104.67350277,    2.9529247 ,   12.64045203,    4.92410322]), array([-101.62085633,    2.85495755,   17.63107329,    4.90873908]), array([-98.71191658,   2.86799245,  22.65418238,   4.87551418]), array([-96.00226411,   2.83273419,  27.5197725 ,   4.86167876]), array([-93.14203702,   2.92748857,  32.35981706,   4.81072323]), array([-90.32800866,   3.38553047,  37.18978606,   4.61592141]), array([-86.93904208,   3.70165906,  41.84832894,   4.29701753]), array([-83.2855167 ,   3.96380258,  46.16091257,   4.03116245]), array([-79.40787791,   4.22823619,  50.2013285 ,   3.7049025 ]), array([-75.10578333,   4.34897235,  53.90537793,   2.88264871]), array([-70.75239393,   4.55667246,  56.71345833,   2.269984  ]), array([-66.25434317,   4.58986997,  59.08387726,   1.69180591]), array([-61.82249718,   4.69267775,  60.73003178,   0.9561469 ]), array([-57.2151321 ,   4.71053847,  61.74727492,   0.20019892]), array([-52.46673838,   4.70329538,  61.99605791,  -0.47596689]), array([-47.81362769,   4.85458303,  61.5664744 ,  -1.01113999]), array([-42.91905835,   4.84534104,  60.62520355,  -1.54577772]), array([-38.00146885,   4.84269966,  59.10221967,  -2.10419231]), array([-33.16541804,   4.92525548,  57.05852894,  -2.62034721]), array([-28.24685209,   4.85649345,  54.60281398,  -3.09250033]), array([-23.45505583,   4.69777848,  51.49091979,  -3.43517014]), array([-18.74374302,   4.21264459,  48.14309659,  -3.69045645]), array([-14.46555811,   3.76617527,  44.53378253,  -3.90164775]), array([-10.69225022,   3.36022208,  40.61632761,  -3.92440888]), array([-7.33080389,  3.00317493, 36.60059344, -4.16831806]), array([-4.30333913,  2.57826996, 32.48177052, -4.31906283]), array([-1.71611064,  2.10414569, 28.16214219, -4.40552416]), array([ 0.37984658,  1.67653126, 23.65424207, -4.55234947]), array([ 2.04877573,  1.31224057, 19.00006695, -4.60982337]), array([ 3.31041687,  0.95395059, 14.35334513, -4.71615447]), array([ 4.36486604,  0.57184014,  9.6113688 , -4.85601877]), array([ 4.96167752,  0.14070818,  4.70108586, -4.88686779]), array([-0.02377588,  0.02852667, -0.05577258, -0.06109779]), array([ 0.00503581,  0.0370171 , -0.0358489 , -0.02478381]), array([ 0.00493362, -0.07311147, -0.0065543 , -0.01343491]), array([-0.06740779, -0.06263166,  0.04626615,  0.02374136]), array([-0.02809613, -0.04013662,  0.03992065, -0.04373891]), array([-0.08988615, -0.0639978 , -0.12271607,  0.09459678]), array([-0.1012263 , -0.06639655, -0.04924348,  0.05883541]), array([ 0.01121331, -0.03689583,  0.08687599, -0.13044627]), array([-0.11563507,  0.04945083,  0.015765  ,  0.05872568]), array([-0.01885293,  0.0332369 , -0.0664034 ,  0.02905131]), array([-0.07617151,  0.0467443 ,  0.0606704 ,  0.01990111]), array([ 0.04561911,  0.00295882, -0.01358034,  0.03973334]), array([ 0.01374621, -0.00477688, -0.11080113, -0.02575975]), array([ 0.16199068, -0.11958452,  0.00089535,  0.03022233]), array([ 0.11262811, -0.00605591, -0.04101506, -0.03413442]), array([ 0.09141942, -0.00472809, -0.04117547,  0.00604654]), array([-0.01432325, -0.02525927, -0.02602668,  0.04513022]), array([0.0744722 , 0.00597267, 0.07266994, 0.01746663]), array([-0.00959238,  0.05146473, -0.05399165,  0.02281269]), array([ 0.03432899, -0.0164026 ,  0.02284262,  0.0782475 ]), array([ 0.01806498, -0.03451116, -0.03080089,  0.06770264]), array([ 0.03813826,  0.07332437, -0.00251027, -0.07932495]), array([-0.06059381,  0.05270115, -0.05822948, -0.00527913]), array([-0.00142829,  0.01963153,  0.01673441,  0.04552965]), array([ 0.00820754, -0.10719159,  0.0188694 , -0.07772136]), array([-0.00452817,  0.00196915,  0.1310537 ,  0.00468239]), array([ 0.10794036, -0.04851904, -0.04471527,  0.01107504]), array([ 0.03938557, -0.00408388,  0.02737297,  0.00221925]), array([ 0.03727134,  0.00523473, -0.06083369, -0.02663199]), array([-0.0740418 , -0.08138893, -0.0480706 , -0.00672412]), array([-0.00330911, -0.03039782, -0.00151812,  0.00674821]), array([-0.02356534,  0.08084789,  0.02772012,  0.02210314]), array([-0.01296668,  0.03537035,  0.00316893, -0.00499022]), array([ 0.06851178, -0.02763862, -0.00099891,  0.00224245]), array([-0.02731579,  0.03260537,  0.04647915,  0.00960774]), array([-0.02628242, -0.04035793, -0.01767129,  0.05348231])]

Actions: [array([0.29245106, 1.        ]), array([0.26762723, 1.        ]), array([0.13666742, 1.        ]), array([0.11394261, 1.        ]), array([0.09369569, 1.        ]), array([0.07541988, 1.        ]), array([0.05638549, 1.        ]), array([-0.02316169,  1.        ]), array([-0.04208663,  1.        ]), array([-0.06106383,  1.        ]), array([-0.08311833,  1.        ]), array([-0.08715897,  1.        ]), array([0.22185793, 1.        ]), array([0.60882045, 1.        ]), array([0.68451878, 1.        ]), array([0.76410209, 1.        ]), array([0.85693199, 1.        ]), array([0.96712102, 1.        ]), array([1.        , 0.89173185]), array([1.        , 0.72618023]), array([0.7617411, 1.       ]), array([0.76392282, 1.        ]), array([0.76570312, 1.        ]), array([0.76854389, 1.        ]), array([0.77028597, 1.        ]), array([0.60238866, 1.        ]), array([0.59462506, 1.        ]), array([0.58858467, 1.        ]), array([0.57977363, 1.        ]), array([0.57204688, 1.        ]), array([0.56280906, 1.        ]), array([0.55736063, 1.        ]), array([0.55108597, 1.        ]), array([0.60683882, 1.        ]), array([0.61038188, 1.        ]), array([0.61793651, 1.        ]), array([1.        , 0.72905976]), array([1.        , 0.64762629]), array([1.        , 0.56745024]), array([1.        , 0.48474219]), array([1.        , 0.02773109]), array([ 1.        , -0.02682246]), array([ 1.        , -0.07449164]), array([ 1.        , -0.47205822]), array([ 1.        , -0.54410967]), array([ 1.        , -0.61865455]), array([ 1.        , -0.69358064]), array([ 1.        , -0.76744967]), array([ 1.        , -0.85280758]), array([ 1.        , -0.94798177]), array([ 0.94573669, -1.        ]), array([ 0.82828078, -1.        ]), array([ 0.45347652, -1.        ]), array([ 0.39020131, -1.        ]), array([ 0.3289525, -1.       ]), array([ 0.27108615, -1.        ]), array([ 0.21269153, -1.        ]), array([ 0.07827088, -1.        ]), array([ 0.01391421, -1.        ]), array([-0.05288067, -1.        ]), array([-0.12714815, -1.        ]), array([-0.2147804, -1.       ]), array([-0.34120122, -1.        ])]
Bad
Feature: [17, 23, 5131.022373888072]

States: [array([-169.79738771,   -1.17131131, -130.25958326,    0.88695876]), array([-1.70978704e+02,  1.00289014e-01, -1.29429102e+02,  1.41435947e+00]), array([-170.93524876,    1.01886812, -128.00867955,    1.8387902 ]), array([-169.97226836,    1.80006223, -126.12045908,    2.16267328]), array([-168.1929244 ,    2.42446112, -124.14290148,    2.46917927]), array([-165.68028022,    2.92307244, -121.61137138,    2.7282611 ]), array([-162.72759731,    3.37948592, -118.85611339,    2.96891873]), array([-159.34345229,    3.68888193, -115.95890668,    3.03236874]), array([-155.64304548,    4.01319245, -112.91036541,    3.17189607]), array([-151.68925396,    4.21445811, -109.72317375,    3.24094863]), array([-147.44808413,    4.37730369, -106.45987384,    3.27068506]), array([-143.05741582,    4.42226952, -103.24540537,    3.38701173]), array([-138.59909028,    4.58481506,  -99.81878511,    3.46098062]), array([-134.01793907,    4.64187671,  -96.28668609,    3.50721726]), array([-129.43105969,    4.66895791,  -92.87680081,    3.50810562]), array([-124.73610514,    4.69863291,  -89.40029681,    3.4455747 ]), array([-119.94405351,    4.79040951,  -85.94585554,    3.42091484]), array([-115.19096256,    4.88457746,  -82.59983415,    3.37895011]), array([-110.29101849,    4.91900145,  -79.12316043,    3.41238725]), array([-105.35803549,    4.90846169,  -75.66619321,    3.43112534]), array([-100.46502042,    4.94635641,  -72.1907547 ,    3.41506218]), array([-95.48190924,   4.96294729, -68.8800708 ,   3.35069676]), array([-90.50570761,   5.01919106, -65.48819623,   3.34138917]), array([-85.45818466,   5.03291362, -62.1751543 ,   3.40093476]), array([-80.37066387,   5.01059302, -58.7674548 ,   3.43451934]), array([-75.34117469,   5.11219127, -55.36844919,   3.42341138]), array([-70.27392688,   5.06893161, -51.94796359,   3.45041282]), array([-65.23743313,   5.1323504 , -48.47034488,   3.47055009]), array([-60.1916963 ,   5.19556343, -45.03400882,   3.43335496]), array([-55.13679278,   5.17436728, -41.66678221,   3.46292529]), array([-49.97446932,   5.15341393, -38.17683965,   3.44903292]), array([-44.77152416,   5.13782121, -34.68098807,   3.46866211]), array([-39.71207804,   5.05475425, -31.19630882,   3.47404263]), array([-34.63981129,   5.033459  , -27.71433557,   3.49438653]), array([-29.57313379,   4.98576477, -24.19076734,   3.48135474]), array([-24.57229498,   5.01043518, -20.72681357,   3.62996377]), array([-19.59278455,   5.0879517 , -17.16508265,   3.66404156]), array([-14.52029521,   4.98217857, -13.48908604,   3.69399416]), array([-9.50386103,  5.0638665 , -9.75581072,  3.61528834]), array([-4.4032762 ,  5.12899557, -6.0972178 ,  3.5130929 ]), array([-0.0049327 , -0.03338069, -0.06917658,  0.02095114]), array([ 0.07978124,  0.04579576, -0.00354173, -0.03398759]), array([-0.04825382,  0.00494829, -0.04910628,  0.03825676]), array([-0.06134352,  0.01792682,  0.05345677,  0.02101752]), array([ 0.08458597, -0.05551103, -0.02689514, -0.04323437]), array([ 0.02021161,  0.0133173 , -0.02286438, -0.08627881]), array([-0.0342316 , -0.05999723, -0.03381318,  0.01022914]), array([ 0.04411673,  0.06138252, -0.09129892,  0.01595446]), array([-0.03841557,  0.00279746,  0.06774682, -0.03091766]), array([-0.04849757,  0.04375561,  0.04098496, -0.00048154]), array([-0.02039562, -0.05820602, -0.01536312, -0.12390017]), array([-0.04279138, -0.02294026,  0.06299282,  0.01405488]), array([ 0.09656898, -0.04447611,  0.02051964,  0.03384659]), array([ 0.09044057, -0.02740488, -0.04434937,  0.05745852]), array([ 0.00437286,  0.09249091, -0.07011371,  0.01672139]), array([ 0.01748218, -0.01611167, -0.09936519, -0.08831306]), array([-0.02710809,  0.07118006,  0.00400151, -0.00077705]), array([-0.01864433,  0.0063354 , -0.028243  ,  0.09836832]), array([0.00284885, 0.02009595, 0.01450882, 0.01606776]), array([-0.07414223,  0.01918974, -0.09550236, -0.00115598]), array([ 0.07251114,  0.01484264, -0.04073216, -0.0903655 ]), array([0.0698194 , 0.04075699, 0.03498415, 0.02091249]), array([0.15183354, 0.00568355, 0.04140795, 0.02902331]), array([ 0.03495608, -0.00625491,  0.01869634,  0.10193304]), array([-0.05928439, -0.04484418,  0.1100744 ,  0.10688217]), array([-0.02883373, -0.00565801, -0.06340657, -0.02612146]), array([-0.03083945,  0.10038206,  0.00552889, -0.00768006]), array([-0.00953784, -0.00164363,  0.02426126, -0.04929561]), array([ 0.05348465, -0.04362673,  0.03885451, -0.01929431]), array([-0.01841251, -0.10944627, -0.07367042, -0.05479909]), array([-0.04768428,  0.0143622 ,  0.02982945, -0.0082169 ]), array([ 0.00459044,  0.07197458, -0.00260237,  0.01812195]), array([-0.03536138,  0.05222367, -0.01407636,  0.02650195]), array([-0.05960948, -0.0723745 ,  0.03373363,  0.00092346]), array([ 0.06709242, -0.04919737,  0.05369554,  0.02662244]), array([-0.07636888,  0.03622759, -0.00150102,  0.05110178]), array([ 0.04905845,  0.01054121,  0.01676514, -0.01953526]), array([-0.05217244, -0.02470027, -0.07708469,  0.01328422]), array([ 0.11620205, -0.10835399,  0.07332204, -0.01329854]), array([-0.11349861,  0.01913962,  0.01790146,  0.0346309 ]), array([ 0.01540766, -0.09012596, -0.0064008 ,  0.05194343]), array([-0.01256605, -0.02265407, -0.07935035,  0.03990298]), array([-0.02906446,  0.05692633, -0.01689643,  0.06702035]), array([-0.05177405, -0.01078012,  0.05982829, -0.02329773]), array([ 0.10998752, -0.10301465,  0.05144562,  0.034046  ]), array([-0.0111768 , -0.02411682,  0.07875836, -0.03713761]), array([0.01647037, 0.06396933, 0.02527689, 0.06092832]), array([-0.02827817,  0.02533946, -0.00650639,  0.08501093]), array([0.01202872, 0.01707451, 0.08253667, 0.02025508]), array([ 0.05339079, -0.06541875, -0.11480765,  0.02355711]), array([-0.07726413,  0.04980374, -0.09921356, -0.0261297 ]), array([-0.12556013, -0.00025009,  0.02898772, -0.10150099]), array([-0.01045966,  0.03213751, -0.0661733 ,  0.02940468]), array([-0.00051312, -0.02651015, -0.03061849, -0.01692029]), array([ 0.0169583 ,  0.04638577, -0.0592591 , -0.0523723 ]), array([-0.08529139, -0.03353299,  0.09769895,  0.08951759]), array([ 0.01613902,  0.04167247, -0.00138209, -0.01994406]), array([ 0.00680513,  0.02342037,  0.03939266, -0.05529487]), array([-0.02141945,  0.01892346,  0.01190375, -0.08506944]), array([-0.08960774, -0.01801608, -0.00579411, -0.05789168])]

Actions: [array([1.        , 0.74644442]), array([1.        , 0.73645347]), array([1.        , 0.72835009]), array([1.       , 0.7213841]), array([1.        , 0.71726795]), array([1.        , 0.71287684]), array([1.        , 0.70889011]), array([1.       , 0.7057713]), array([1.        , 0.70297149]), array([1.       , 0.7002903]), array([1.        , 0.69830689]), array([1.        , 0.69727222]), array([1.        , 0.69498482]), array([1.        , 0.69239394]), array([1.        , 0.69059197]), array([1.        , 0.68872041]), array([1.       , 0.6874403]), array([1.        , 0.68676072]), array([1.        , 0.68575268]), array([1.        , 0.68505147]), array([1.        , 0.68382738]), array([1.        , 0.68483801]), array([1.       , 0.6850142]), array([1.        , 0.68669811]), array([1.        , 0.68776147]), array([1.        , 0.68855471]), array([1.       , 0.6895252]), array([1.        , 0.68945163]), array([1.        , 0.69015227]), array([1.        , 0.69233856]), array([1.        , 0.69400861]), array([1.       , 0.6965551]), array([1.        , 0.69753985]), array([1.        , 0.69914174]), array([1.        , 0.69976748]), array([1.       , 0.7011877]), array([1.        , 0.69767902]), array([1.        , 0.68849706]), array([1.        , 0.66028744])]