
Good
Feature: [3, 61, 7821.759725053414]

States: [array([-170.63430026,   -0.79085704, -129.45306553,    0.87456048]), array([-171.38737212,   -0.23751933, -128.47010982,    1.6832113 ]), array([-171.65675028,    0.17400154, -126.73651818,    2.27536549]), array([-171.59176168,    0.57534611, -124.43121203,    2.78553306]), array([-171.02835352,    1.45515967, -121.65757953,    2.90388406]), array([-169.59441102,    1.60943461, -118.68647064,    3.31081806]), array([-168.10404198,    1.65910758, -115.38330178,    3.55920072]), array([-166.40985732,    1.73442172, -111.76002822,    3.80422657]), array([-164.61266946,    1.751869  , -107.96313014,    4.10405158]), array([-162.82196669,    1.72725291, -103.79572864,    4.28723237]), array([-161.15947379,    1.74049059,  -99.49761074,    4.4274445 ]), array([-159.43630639,    1.75382242,  -95.06066383,    4.58822973]), array([-157.68791866,    1.85814946,  -90.47817082,    4.72308148]), array([-155.81282955,    1.70484271,  -85.664401  ,    4.76201091]), array([-154.16181378,    1.69856842,  -80.89772224,    4.89486318]), array([-152.41774973,    1.42230891,  -76.03460302,    4.87103784]), array([-150.94948464,    1.14839739,  -71.16321247,    4.94411503]), array([-149.73521904,    1.32965665,  -66.21756788,    4.86703972]), array([-148.33848872,    1.55525281,  -61.36400681,    4.86596347]), array([-146.83327964,    1.57752852,  -56.46926678,    4.84322148]), array([-145.22827617,    1.73476223,  -51.67376137,    4.89219803]), array([-143.5302192 ,    1.83571775,  -46.80293104,    4.86831373]), array([-141.68432325,    1.87425925,  -41.92789501,    4.89008414]), array([-139.73972187,    2.22282968,  -37.03963175,    4.9365307 ]), array([-137.56015843,    2.05316031,  -32.13148137,    4.91637779]), array([-135.49447791,    2.17292514,  -27.25736118,    4.84916204]), array([-133.34844531,    2.39545876,  -22.42190566,    4.93987565]), array([-130.96437289,    2.53235297,  -17.38771159,    4.99779634]), array([-128.47006226,    2.67687324,  -12.43479648,    4.93775341]), array([-125.70743189,    2.88063665,   -7.54334907,    5.01168249]), array([-122.83889544,    3.25873781,   -2.56669337,    4.70544266]), array([-119.61529642,    3.48202506,    2.18027566,    4.41157195]), array([-116.16079357,    3.73750871,    6.64475378,    4.22991009]), array([-112.51859152,    3.97807806,   10.9450827 ,    3.96128625]), array([-108.64231992,    4.21902339,   14.93124001,    3.74487499]), array([-104.39437478,    4.34603283,   18.6862872 ,    3.54496209]), array([-99.97974809,   4.44938219,  22.14350218,   3.45133487]), array([-95.58588205,   4.46856067,  25.60426494,   3.36495484]), array([-91.0681904 ,   4.55859609,  28.92662853,   3.25393005]), array([-86.50683079,   4.66576814,  32.16253881,   3.53432587]), array([-81.85798273,   4.72270366,  35.71495521,   3.68731129]), array([-77.14662089,   4.68456135,  39.31977536,   3.95457924]), array([-72.53237949,   4.74012824,  43.29443269,   4.25831216]), array([-67.76988982,   4.65299831,  47.58527429,   4.50232217]), array([-63.15375693,   4.70910814,  52.11231635,   3.97238787]), array([-58.39633414,   4.75264226,  56.09561158,   2.66451322]), array([-53.58399766,   4.81474269,  58.72165938,   1.47748629]), array([-48.70496778,   4.88122608,  60.13227505,   0.25969639]), array([-43.76712133,   4.94720733,  60.37394971,  -0.50803669]), array([-38.82607368,   4.99746051,  59.86422128,  -1.18353967]), array([-33.78868813,   4.98451521,  58.65474119,  -1.96856939]), array([-28.7810572 ,   4.79932812,  56.72308817,  -2.55732069]), array([-23.97793671,   4.35248474,  54.28211492,  -3.06763155]), array([-19.69696566,   3.72119374,  51.21371319,  -3.42912259]), array([-15.98659811,   2.96939967,  47.87783301,  -3.7273513 ]), array([-12.97524406,   2.77882295,  44.14835663,  -4.04478404]), array([-10.14972754,   2.54250322,  40.18553368,  -4.30403505]), array([-7.56723394,  2.28343818, 35.93548373, -4.51614222]), array([-5.3319427 ,  2.03310198, 31.43403379, -4.74884871]), array([-3.31045116,  1.74093432, 26.69738352, -4.80956479]), array([-1.62038108,  1.57815181, 21.88826323, -4.89300006]), array([ 0.04114319,  1.27067205, 17.101861  , -4.85778111]), array([ 1.37652425,  0.99146936, 12.18337973, -4.82506172]), array([ 2.37079746,  0.56882037,  7.33403905, -4.86245514]), array([ 0.01953808, -0.02062421,  0.04857626,  0.04555446]), array([-0.03163601,  0.00455541, -0.01367233,  0.02833784]), array([ 0.09966512, -0.09867821, -0.02299573,  0.07286666]), array([ 0.13138403,  0.0456518 ,  0.01933806, -0.10589011]), array([-0.03583976, -0.08710928,  0.06923982, -0.02375636]), array([-0.02927602, -0.00749182,  0.18297526, -0.02995581]), array([-0.00842863,  0.15798041, -0.00993984, -0.01335458]), array([ 0.00362429, -0.03742258,  0.00689757, -0.0138743 ]), array([-0.00335606, -0.099338  ,  0.05577342, -0.05095134]), array([ 0.08005339,  0.00423181,  0.04891624, -0.04835915]), array([ 0.05381259, -0.00691168,  0.0042472 , -0.00270254]), array([ 0.00737762, -0.01969524,  0.04554024, -0.12777839]), array([ 0.05022075, -0.04087188, -0.01055756, -0.02446176]), array([ 0.04847427,  0.01197874,  0.00676257, -0.05249796]), array([-0.0931431 , -0.08164312,  0.03517281,  0.13848356]), array([-0.04599143,  0.05836898, -0.03109105, -0.0357398 ]), array([-0.03042879,  0.05340698,  0.02115029, -0.00897387]), array([ 0.00135291, -0.01572421, -0.08651401, -0.01821303]), array([-0.05269289, -0.03559802, -0.02723691,  0.06559948]), array([-0.01599516,  0.00351446, -0.01118371,  0.05528498]), array([0.09373678, 0.04445968, 0.04512455, 0.00819105]), array([-0.08345952, -0.00906924,  0.12551672,  0.01994381]), array([-0.00045323,  0.09800821, -0.03271547,  0.04049151]), array([ 0.00463868,  0.07959631, -0.04008931,  0.04821841]), array([-0.01742493,  0.02174069, -0.01250996, -0.02379185]), array([ 0.01528722,  0.00453462, -0.00754889, -0.09404507]), array([-0.02461586,  0.02989429, -0.15426447,  0.03077048]), array([-0.0133644 ,  0.01948761, -0.04143831, -0.02695077]), array([-0.0069635 , -0.05290157,  0.00328651, -0.05059925]), array([0.00038363, 0.0168908 , 0.03413998, 0.01243684]), array([ 0.06290697,  0.03866325, -0.00845117, -0.01108786]), array([ 0.15380958,  0.01813421,  0.01973943, -0.07612537]), array([0.02203479, 0.03858376, 0.02583489, 0.01231179]), array([-0.01601436,  0.04021297, -0.03289151,  0.00725161]), array([ 0.00424034,  0.0106794 , -0.01860411, -0.06181785]), array([ 0.05942277, -0.03472988,  0.06842738,  0.01637322])]

Actions: [array([0.39629196, 1.        ]), array([0.40417753, 1.        ]), array([0.41095333, 1.        ]), array([1.        , 0.69556446]), array([0.42035466, 1.        ]), array([0.41597624, 1.        ]), array([0.41298997, 1.        ]), array([0.40739131, 1.        ]), array([0.39945193, 1.        ]), array([0.38733457, 1.        ]), array([0.38736083, 1.        ]), array([0.38730752, 1.        ]), array([0.27942793, 1.        ]), array([0.27278412, 1.        ]), array([0.01868112, 1.        ]), array([-0.00176529,  1.        ]), array([0.38265068, 1.        ]), array([0.39207889, 1.        ]), array([0.39962601, 1.        ]), array([0.40687643, 1.        ]), array([0.39733988, 1.        ]), array([0.50844498, 1.        ]), array([0.79385203, 1.        ]), array([0.2562608, 1.       ]), array([0.50244272, 1.        ]), array([0.68153653, 1.        ]), array([0.69409546, 1.        ]), array([0.7069302, 1.       ]), array([0.71928034, 1.        ]), array([1.        , 0.70581607]), array([1.        , 0.67023263]), array([1.       , 0.6377956]), array([1.        , 0.60815272]), array([1.        , 0.57944503]), array([1.       , 0.5541398]), array([1.        , 0.58477188]), array([1.        , 0.56951079]), array([1.        , 0.55142251]), array([1.        , 0.87415216]), array([1.       , 0.9118086]), array([1.        , 0.95665787]), array([0.95984858, 1.        ]), array([0.84669482, 1.        ]), array([1.        , 0.39630371]), array([ 1.        , -0.48847947]), array([ 1.        , -0.66668768]), array([ 1.        , -0.85747839]), array([ 1.        , -0.65805491]), array([ 1.        , -0.80670592]), array([ 1.        , -0.99416702]), array([ 0.78406461, -1.        ]), array([ 0.55567621, -1.        ]), array([ 0.28752216, -1.        ]), array([-0.0598144, -1.       ]), array([ 0.34646283, -1.        ]), array([ 0.30553416, -1.        ]), array([ 0.2630887, -1.       ]), array([ 0.21975519, -1.        ]), array([ 0.17721424, -1.        ]), array([ 0.12907283, -1.        ]), array([ 0.07491626, -1.        ]), array([-0.03741009, -1.        ]), array([-0.14216032, -1.        ])]
Bad
Feature: [19, 21, 5258.300827752942]

States: [array([-169.71827418,   -0.84949462, -131.26380172,   -1.45481689]), array([-170.61741511,    0.2911154 , -132.64600063,   -0.42882597]), array([-170.39150259,    1.25207551, -133.01122888,    0.44069795]), array([-169.15654846,    1.85016462, -132.52800928,    1.15914936]), array([-167.33562084,    2.44995609, -131.27592886,    1.75783699]), array([-164.8581687 ,    2.93955512, -129.56768371,    2.12042508]), array([-161.95413066,    3.33801525, -127.53001411,    2.40638735]), array([-158.58249743,    3.69921457, -125.15239085,    2.68903648]), array([-154.90782686,    3.94279493, -122.4953111 ,    2.91459389]), array([-150.97983968,    4.10083753, -119.6319911 ,    3.11296208]), array([-146.83856977,    4.28624339, -116.53620762,    3.27502984]), array([-142.46219977,    4.43057127, -113.30213206,    3.43261609]), array([-137.95513337,    4.59803701, -109.91968931,    3.52305771]), array([-133.34227215,    4.69849736, -106.41365069,    3.48478835]), array([-128.58022031,    4.73875955, -102.87150552,    3.58947471]), array([-123.92490764,    4.78592179,  -99.22875909,    3.69509421]), array([-119.17273117,    4.89617429,  -95.41589632,    3.74047819]), array([-114.31500996,    4.97388198,  -91.70692439,    3.81765254]), array([-109.3834121 ,    4.98371938,  -87.94638051,    3.77398419]), array([-104.34079611,    4.90284754,  -84.17126923,    3.84867652]), array([-99.49742846,   4.93780825, -80.25535769,   3.84676053]), array([-94.51788063,   5.01604954, -76.4151925 ,   3.85651797]), array([-89.44998793,   4.98596148, -72.52667613,   3.87392634]), array([-84.47280999,   4.90291625, -68.6561688 ,   3.76626981]), array([-79.45875655,   4.93154847, -64.89849968,   3.81547768]), array([-74.54386381,   4.90006979, -61.05484858,   3.86049063]), array([-69.65382775,   4.90142891, -57.26663134,   3.88704046]), array([-64.84538408,   4.88851105, -53.45929048,   3.93075306]), array([-59.93730336,   4.94379815, -49.48131621,   3.90388167]), array([-54.9546836 ,   4.92058599, -45.61386485,   3.97630495]), array([-49.94053083,   4.94777116, -41.63146207,   4.12841346]), array([-45.01130419,   4.92684582, -37.45279164,   4.07820467]), array([-40.07431936,   5.04593098, -33.35909721,   4.1530785 ]), array([-35.08694169,   5.03313248, -29.17372492,   4.11868342]), array([-30.10225817,   5.06668177, -25.08650185,   4.059774  ]), array([-24.95315066,   5.02883146, -21.11345416,   4.09178807]), array([-19.85527064,   4.99739465, -16.94278982,   4.06107048]), array([-14.87231539,   5.01226632, -12.83929936,   4.07458179]), array([-9.88900602,  5.01963745, -8.72851267,  4.12207129]), array([-4.92106826,  4.95640716, -4.5582155 ,  4.13758393]), array([-0.10809981,  0.0080139 , -0.04090407, -0.01185274]), array([-0.08995295,  0.00888323, -0.0450677 , -0.05589513]), array([-0.02763437,  0.05222628, -0.02589417, -0.05300123]), array([-0.05639417,  0.00741605,  0.03472043,  0.05291861]), array([ 0.0044245 , -0.06258867, -0.01431456, -0.02954575]), array([ 0.03495984,  0.01815163, -0.08261796, -0.0756651 ]), array([ 0.04606593,  0.01758919, -0.03531127, -0.02199546]), array([-0.04244711,  0.0641512 , -0.04436424, -0.0981445 ]), array([-0.11553183,  0.0199912 ,  0.05166654,  0.02794831]), array([ 0.0326936 , -0.03955062, -0.08716153, -0.01885039]), array([-0.07866515, -0.00341133, -0.08790998,  0.02889679]), array([-0.04238328, -0.04249284,  0.00717094,  0.01164696]), array([-0.01421305, -0.08118679, -0.04646384, -0.04979825]), array([ 0.08918767, -0.03283524, -0.0186275 , -0.0225074 ]), array([-0.03063233, -0.08872575, -0.02562353,  0.04739176]), array([-0.05003267, -0.05294525,  0.07111782, -0.01741088]), array([0.02322526, 0.05356403, 0.0027551 , 0.00828322]), array([ 0.01167794,  0.0436325 ,  0.04552341, -0.06011697]), array([ 0.08388001, -0.00057684, -0.016204  , -0.01081351]), array([-0.0412593 ,  0.01327242,  0.01318118,  0.00590518]), array([-0.12684389,  0.05768064,  0.04963266, -0.0830466 ]), array([ 0.07009703,  0.03945851, -0.01173957,  0.05620436]), array([ 0.05485873, -0.03675156, -0.09236746, -0.04934333]), array([ 0.04870824,  0.08149895, -0.03491841,  0.06332099]), array([ 0.09184221, -0.03694227,  0.01898856, -0.07273608]), array([ 0.11500402, -0.01882455, -0.06585532, -0.01180978]), array([-0.1040161 , -0.03195509, -0.07130847,  0.04683857]), array([ 0.00372184,  0.0829026 , -0.02976407,  0.00385742]), array([ 0.03160817, -0.01003007, -0.05688491,  0.00508935]), array([-0.05098188, -0.01201502,  0.05870735,  0.03542718]), array([ 0.00355893,  0.01184548, -0.02106092, -0.01485853]), array([-0.007287  ,  0.01717474, -0.02109348, -0.10545569]), array([-0.02818038, -0.05706953,  0.03495904, -0.095108  ]), array([ 0.01389533, -0.08020637,  0.01583126, -0.03104019]), array([-0.0136423 , -0.00707708, -0.11733452,  0.0972196 ]), array([-0.03139095, -0.07643884,  0.05772988, -0.02398211]), array([ 0.01081651,  0.0329378 , -0.01656341,  0.00036011]), array([-0.03364739, -0.00367234, -0.05916412,  0.0103516 ]), array([-0.04966245, -0.06851592, -0.03224456,  0.01681783]), array([-0.01146386,  0.08229484,  0.01422648,  0.10116666]), array([-0.05471757,  0.02919055,  0.08807832,  0.05023318]), array([ 6.53525014e-02, -7.06951216e-07,  5.49244708e-02,  1.23871121e-02]), array([-0.04058801,  0.00070983,  0.02288528, -0.02999705]), array([-0.02065046,  0.02690665, -0.00565826, -0.05007945]), array([ 0.00785811, -0.03922708, -0.02732079,  0.01939892]), array([-0.02771401, -0.0034705 ,  0.05900113, -0.00668279]), array([-0.02173409,  0.01598437, -0.02373723,  0.0066129 ]), array([ 0.07807657, -0.05281968,  0.04721617, -0.01563347]), array([ 0.04072314, -0.02655848, -0.05992737,  0.07516824]), array([-0.01114248,  0.01764527, -0.00984916, -0.06502808]), array([-0.0612981 ,  0.01407348, -0.00408439,  0.01546856]), array([ 0.15348365, -0.01447944,  0.01009715, -0.01498265]), array([ 0.03868222, -0.02790079, -0.02317286,  0.0888925 ]), array([-0.00350943,  0.04001742, -0.02737056, -0.1143153 ]), array([ 0.01090169, -0.05586498,  0.02667262, -0.05405945]), array([-0.01819362,  0.01411082,  0.00245852, -0.01053246]), array([-0.00355236, -0.0288055 , -0.06947121, -0.01488109]), array([-0.00057531, -0.08912193, -0.00173013,  0.04990115]), array([-0.04427663,  0.0248628 , -0.01512355, -0.01902776]), array([-0.04613977,  0.01322513, -0.03141978,  0.03354939])]

Actions: [array([1.        , 0.77338892]), array([1.        , 0.77743062]), array([1.        , 0.78061766]), array([1.       , 0.7834716]), array([1.        , 0.78451909]), array([1.        , 0.78595273]), array([1.        , 0.78747049]), array([1.        , 0.78922757]), array([1.        , 0.79080368]), array([1.        , 0.79242016]), array([1.        , 0.79369171]), array([1.        , 0.79538038]), array([1.        , 0.79685477]), array([1.        , 0.79813433]), array([1.        , 0.80015639]), array([1.        , 0.80082365]), array([1.        , 0.80076282]), array([1.        , 0.80235493]), array([1.        , 0.80416129]), array([1.        , 0.80686222]), array([1.        , 0.80678144]), array([1.        , 0.80867036]), array([1.        , 0.81103322]), array([1.        , 0.81301621]), array([1.        , 0.81706375]), array([1.        , 0.81939428]), array([1.        , 0.82256458]), array([1.        , 0.82486999]), array([1.        , 0.82606074]), array([1.        , 0.83063968]), array([1.        , 0.83434593]), array([1.        , 0.83285717]), array([1.        , 0.83331692]), array([1.        , 0.83246503]), array([1.        , 0.83458463]), array([1.        , 0.84794884]), array([1.        , 0.85588201]), array([1.        , 0.86725391]), array([1.        , 0.89018076])]