
Good
Feature: [0, 69, 8113.082010047876]

States: [array([-169.5918717 ,   -0.32773309, -128.80613271,   -0.24585496]), array([-169.95046242,    0.26661559, -129.12199666,    0.85698164]), array([-169.6173634 ,    0.70599544, -128.28022811,    1.59839814]), array([-168.84758019,    1.17377032, -126.58216787,    2.29938404]), array([-167.73345782,    1.46487834, -124.26036643,    2.76936935]), array([-166.27370242,    1.57928145, -121.58660854,    3.20241771]), array([-164.71184131,    1.84243369, -118.36923706,    3.56024899]), array([-162.86788204,    1.59053439, -114.85635177,    3.84808715]), array([-161.29116729,    1.43302518, -111.00821943,    4.0495614 ]), array([-159.93269113,    1.31577805, -106.89604064,    4.26697429]), array([-158.62340443,    1.03468867, -102.58738254,    4.47285919]), array([-157.5920745 ,    0.81331574,  -98.06992341,    4.50421137]), array([-156.86299364,    0.63405368,  -93.53583943,    4.61912354]), array([-156.26908995,    0.43305525,  -88.88543791,    4.65969835]), array([-155.77014351,    0.35109413,  -84.28739973,    4.77108213]), array([-155.43156771,    0.79944711,  -79.52481339,    4.92829798]), array([-154.70804983,    1.22372532,  -74.59350554,    4.90405231]), array([-153.40153137,    1.54299003,  -69.73557749,    4.98357079]), array([-151.90133912,    1.88145705,  -64.7862391 ,    4.97378949]), array([-149.97352899,    2.11826263,  -59.82170742,    5.01402463]), array([-147.80292781,    2.43056258,  -54.75140691,    5.04598352]), array([-145.44282838,    2.60718655,  -49.71296532,    5.01575469]), array([-142.83176856,    2.74453872,  -44.76249643,    4.95323234]), array([-140.09343864,    2.91616459,  -39.82569159,    4.93739015]), array([-137.07171079,    3.05029445,  -34.82245734,    4.99261782]), array([-133.97996028,    3.19206853,  -29.74975606,    4.95162967]), array([-130.87745261,    3.29660922,  -24.83992715,    4.9866111 ]), array([-127.5334889 ,    3.3550324 ,  -19.77228415,    4.86836795]), array([-124.12644411,    3.42649559,  -14.91925841,    4.91046912]), array([-120.64988823,    3.42431625,  -10.02747556,    4.92304168]), array([-117.17506594,    3.52904734,   -5.1004035 ,    4.86372023]), array([-113.67896702,    3.62508506,   -0.33132176,    4.91868998]), array([-110.13008823,    3.42982414,    4.52234661,    4.92743975]), array([-106.75283914,    3.30718804,    9.40493264,    4.86970691]), array([-103.47333865,    3.19857244,   14.24315088,    4.98994062]), array([-100.26441261,    3.21024009,   19.17915821,    5.05421455]), array([-97.02200618,   3.16822364,  24.31879872,   4.99699866]), array([-93.80060027,   3.11282764,  29.31714339,   5.09830948]), array([-90.70111437,   3.04904622,  34.43297318,   4.98884317]), array([-87.73214337,   3.04692462,  39.35906197,   4.98278687]), array([-84.67121716,   3.43548741,  44.34822288,   3.99870624]), array([-81.22652049,   3.77696218,  48.29461101,   3.24025489]), array([-77.58387502,   4.0159721 ,  51.55481571,   2.53388445]), array([-73.49236023,   4.28293615,  53.99856198,   1.90512024]), array([-69.19236838,   4.38854861,  55.85182507,   1.32033719]), array([-64.82489943,   4.50580532,  57.19567128,   0.75503969]), array([-60.3066506 ,   4.52542477,  57.95845119,  -0.27345592]), array([-55.76713274,   4.63656445,  57.74744331,  -0.56006159]), array([-51.04529043,   4.68932029,  57.17488492,  -0.69986742]), array([-46.38475335,   4.75109522,  56.44134913,  -0.49320036]), array([-41.63149087,   4.75723189,  55.96563938,  -0.27837276]), array([-36.91876892,   4.85580568,  55.73324005,  -0.16243698]), array([-3.20567972e+01,  4.84693756e+00,  5.55821627e+01, -4.77691395e-02]), array([-2.71279320e+01,  4.84067310e+00,  5.55143114e+01, -4.10609550e-02]), array([-22.13813593,   4.20608354,  55.49088135,  -1.04288086]), array([-17.97587875,   3.55849937,  54.52846169,  -1.768105  ]), array([-14.40594908,   3.06376853,  52.78326982,  -2.42046158]), array([-11.32196022,   2.54284439,  50.39772038,  -2.91185207]), array([-8.81859896,  2.11852819, 47.59833615, -3.31316787]), array([-6.73820673,  1.73588438, 44.28199885, -3.60032206]), array([-5.04092677,  1.44582953, 40.63005144, -3.99315966]), array([-3.63009978,  1.17643483, 36.63844229, -4.15928706]), array([-2.51643661,  0.83368196, 32.40465291, -4.29732799]), array([-1.59770039,  0.64718134, 28.15004265, -4.37200519]), array([-0.94866173,  0.47820072, 23.78823625, -4.45278944]), array([-0.50880117,  0.18829799, 19.31124332, -4.54907574]), array([-0.29750318,  0.27232444, 14.83982164, -4.59255773]), array([ 0.04737631,  0.29172834, 10.33389241, -4.60476663]), array([ 0.31174113,  0.3326583 ,  5.79071651, -4.72783836]), array([ 0.05232002,  0.13530504, -0.0540923 , -0.06476712]), array([ 0.05031184,  0.06843168, -0.00694796,  0.06096842]), array([-0.13109516, -0.06482922,  0.03798575, -0.03277661]), array([0.00368392, 0.02314136, 0.02522949, 0.02093279]), array([-0.01704727, -0.01501992,  0.08538108, -0.04622481]), array([-0.069749  ,  0.04576816,  0.00805234, -0.02026569]), array([ 0.0035722 ,  0.07848204, -0.01168961, -0.09249833]), array([-0.05847141, -0.08030504, -0.04463478,  0.01195826]), array([-0.00355825,  0.03496271, -0.02979054,  0.04284736]), array([-0.01708597, -0.07326889,  0.05437154, -0.04664585]), array([ 0.05241586,  0.04618451, -0.03148978,  0.01589487]), array([-0.0093462 , -0.02563436,  0.06739664,  0.06064597]), array([ 0.05838714,  0.08202035, -0.00793268,  0.07685567]), array([-0.0765429 ,  0.04128049,  0.02809447, -0.0405865 ]), array([ 0.01211078, -0.0866004 ,  0.06504877,  0.04032316]), array([-0.04219944,  0.06936522, -0.04747963,  0.04878797]), array([0.13327158, 0.02166433, 0.03117241, 0.08538342]), array([-0.07416719, -0.05372529, -0.02176546,  0.02293403]), array([-0.00960762, -0.01301487,  0.08158523, -0.07319836]), array([-0.00073907, -0.01443994, -0.00440378, -0.0541564 ]), array([ 0.03661412, -0.0180904 , -0.03557105, -0.03483895]), array([ 0.08939557,  0.04378065, -0.03576888, -0.03259724]), array([-0.03121395, -0.0006893 ,  0.12410912, -0.03357818]), array([ 0.02570303, -0.0009092 , -0.00862819,  0.02563565]), array([ 0.07266525,  0.00907701, -0.09653817,  0.06608863]), array([ 0.0255913 , -0.00791101,  0.02226434,  0.01488085]), array([0.05715816, 0.02610086, 0.05099653, 0.02656518]), array([ 0.06436792, -0.03228771, -0.00517225, -0.01807769]), array([ 0.10422067, -0.01695896,  0.02630327, -0.00306482]), array([-0.10043961,  0.10261042, -0.02330522, -0.01131207]), array([-0.12325857, -0.08674877, -0.01258955, -0.04222215])]

Actions: [array([0.52425635, 1.        ]), array([0.52528558, 1.        ]), array([0.52586987, 1.        ]), array([0.52653577, 1.        ]), array([0.52712919, 1.        ]), array([0.52684949, 1.        ]), array([0.13280709, 1.        ]), array([0.12245603, 1.        ]), array([0.11390111, 1.        ]), array([-0.00209288,  1.        ]), array([-0.01360126,  1.        ]), array([-0.02353247,  1.        ]), array([-0.03145454,  1.        ]), array([-0.03879398,  1.        ]), array([0.54292338, 1.        ]), array([0.55718548, 1.        ]), array([0.66650081, 1.        ]), array([0.68041075, 1.        ]), array([0.6943576, 1.       ]), array([0.70614201, 1.        ]), array([0.71752395, 1.        ]), array([0.72808701, 1.        ]), array([0.73681025, 1.        ]), array([0.74506449, 1.        ]), array([0.75185759, 1.        ]), array([0.75916309, 1.        ]), array([0.76581421, 1.        ]), array([0.77185508, 1.        ]), array([0.775887, 1.      ]), array([0.77991703, 1.        ]), array([0.78487455, 1.        ]), array([0.60821997, 1.        ]), array([0.59957712, 1.        ]), array([0.59256782, 1.        ]), array([0.5856145, 1.       ]), array([0.57976205, 1.        ]), array([0.57442958, 1.        ]), array([0.56651602, 1.        ]), array([0.75609124, 1.        ]), array([1.       , 0.0790138]), array([1.        , 0.01939742]), array([ 1.        , -0.03152479]), array([ 1.        , -0.07804909]), array([ 1.        , -0.18363209]), array([ 1.        , -0.22482921]), array([ 1.        , -0.82402841]), array([ 1.        , -0.33085245]), array([ 1.        , -0.35180393]), array([1.        , 0.03819883]), array([1.        , 0.05621446]), array([1.        , 0.07241925]), array([1.       , 0.0237618]), array([1.        , 0.02959168]), array([ 0.3460345, -1.       ]), array([ 0.27333735, -1.        ]), array([ 0.21562641, -1.        ]), array([ 0.12712522, -1.        ]), array([ 0.08562487, -1.        ]), array([ 0.05036831, -1.        ]), array([ 0.01894475, -1.        ]), array([-0.00949995, -1.        ]), array([-0.03670873, -1.        ]), array([-0.06260209, -1.        ]), array([-0.08908016, -1.        ]), array([-0.11476599, -1.        ]), array([ 0.0839267, -1.       ]), array([ 0.08899704, -1.        ]), array([ 0.09101382, -1.        ])]
Bad
Feature: [18, 20, 4885.633554491899]

States: [array([-171.77498755,    0.32030988, -131.67820686,    1.12158026]), array([-171.45302644,    1.24663524, -130.55135463,    1.66483226]), array([-170.26039497,    2.03076404, -128.89223725,    2.06211797]), array([-168.20325045,    2.63484784, -126.83482484,    2.41223565]), array([-165.57953988,    3.10931664, -124.42636122,    2.69442361]), array([-162.47330638,    3.49792695, -121.64234626,    2.85740257]), array([-159.0310039 ,    3.86448484, -118.79400681,    3.04432538]), array([-155.11649823,    4.06883886, -115.75940323,    3.17013125]), array([-151.02584763,    4.28979621, -112.56057743,    3.22028117]), array([-146.83696436,    4.41279031, -109.33892802,    3.281721  ]), array([-142.37666689,    4.54022699, -106.01893228,    3.38390477]), array([-137.87578512,    4.59997702, -102.67272919,    3.36361555]), array([-133.35269296,    4.8185074 ,  -99.35004071,    3.48938261]), array([-128.5799291 ,    4.90550525,  -95.92962207,    3.52032544]), array([-123.72501164,    4.92910842,  -92.42621147,    3.52178984]), array([-118.778099  ,    5.07974036,  -88.89410859,    3.54088864]), array([-113.55389152,    5.04166959,  -85.33628139,    3.65803255]), array([-108.46642243,    4.97483694,  -81.69159467,    3.78439896]), array([-103.55421014,    5.05350919,  -77.90152544,    3.77761477]), array([-98.45213579,   5.08217897, -74.15676785,   3.76393801]), array([-93.35168061,   5.04447761, -70.39691367,   3.78473708]), array([-88.32551828,   5.03150128, -66.59915253,   3.81330513]), array([-83.35630939,   4.92605318, -62.78191757,   3.7751218 ]), array([-78.47192157,   4.90503116, -58.9938499 ,   3.84551535]), array([-73.59073968,   5.01702973, -55.18006132,   3.84154432]), array([-68.58825628,   5.06552107, -51.3470472 ,   3.80365402]), array([-63.47368474,   5.1094925 , -47.54877856,   3.82417316]), array([-58.34168531,   5.12674794, -43.68517559,   3.85626631]), array([-53.19255579,   5.07188982, -39.85523609,   3.84672662]), array([-48.14999063,   5.02224895, -36.02500774,   3.93508639]), array([-43.19041916,   5.03425833, -32.09385712,   3.93528316]), array([-38.23181265,   5.02776834, -28.16302152,   3.95158003]), array([-33.22140326,   5.01280886, -24.21151966,   3.8812073 ]), array([-28.19324697,   5.03416481, -20.37278528,   3.85529671]), array([-23.18051783,   5.04488781, -16.40962649,   3.88926445]), array([-18.17567106,   5.03380589, -12.52718264,   4.00941737]), array([-13.19471942,   4.93172416,  -8.49520782,   4.03335401]), array([-8.24392331,  4.99487705, -4.44557294,  3.95859666]), array([-0.01458018,  0.03183064, -0.07107471,  0.01226863]), array([-0.01181799, -0.05996758, -0.06388777,  0.00863416]), array([-0.02015481, -0.00945267, -0.07237418, -0.0225409 ]), array([-0.02306908, -0.07142859, -0.02011287,  0.03453965]), array([0.0021711 , 0.02043649, 0.07182805, 0.00421244]), array([ 0.02538427,  0.01469315,  0.02334877, -0.06489591]), array([-0.03893596, -0.00078282, -0.03019682, -0.0573363 ]), array([-0.01984412,  0.00999841, -0.01939772, -0.0511471 ]), array([0.0062364 , 0.02907048, 0.06235257, 0.00642522]), array([-0.02802339,  0.08323032, -0.02121118, -0.07006679]), array([-0.02244661, -0.06051464,  0.05126516, -0.06757789]), array([-0.08763139, -0.0643145 ,  0.03038077, -0.08563628]), array([-0.02317894,  0.021177  , -0.02595982, -0.07093589]), array([-0.0391556 ,  0.02788684,  0.00405953,  0.01696675]), array([0.02463281, 0.01973634, 0.03660022, 0.06412479]), array([-0.00092761, -0.01918593,  0.11459323, -0.01004565]), array([-0.01510358,  0.00284815,  0.0241803 , -0.04206477]), array([-0.04597788, -0.10591531,  0.00512463, -0.07861248]), array([ 0.03452607,  0.09652799, -0.04565883, -0.12645783]), array([-0.09595626, -0.05549106, -0.07558932,  0.07711775]), array([-0.052219  ,  0.00411642,  0.05449732,  0.00449182]), array([ 0.01863778, -0.0338757 ,  0.05374308,  0.03796491]), array([-0.01606288, -0.03360638, -0.02296507,  0.01024791]), array([-0.09846245,  0.05002847,  0.1081839 ,  0.04697202]), array([-0.08101959,  0.00390711, -0.00085354, -0.04829852]), array([-0.04801485,  0.02364509, -0.10435533,  0.03537783]), array([ 0.07729751, -0.06410859,  0.0591587 ,  0.05470156]), array([ 0.01640542, -0.04627901,  0.06357852,  0.0112061 ]), array([-0.08894753,  0.03240423,  0.00932371, -0.00473348]), array([ 0.00359992, -0.01549615,  0.01169824, -0.02821684]), array([ 0.0055953 , -0.02578968, -0.0908793 ,  0.01847904]), array([ 0.02856077, -0.00568717,  0.02708424, -0.08742682]), array([-0.04819951,  0.01171403, -0.01066192, -0.01624174]), array([-0.08397911,  0.05990259,  0.03469721, -0.02357979]), array([-0.06022738, -0.02835608, -0.0218594 ,  0.01941638]), array([-0.03298814, -0.05560531, -0.08742315, -0.0318216 ]), array([ 0.12804328,  0.07305405, -0.03743291,  0.01914569]), array([-0.01457279,  0.07754667, -0.09783239,  0.0945896 ]), array([-0.06356881,  0.00770867,  0.00908418,  0.06754663]), array([-0.02055863, -0.0955092 , -0.06172385, -0.02539097]), array([-0.05763854, -0.00531388,  0.03627146,  0.0052571 ]), array([ 0.00326403,  0.02800282, -0.07891879,  0.02752009]), array([ 0.06372862,  0.03775161, -0.02548651,  0.03548146]), array([ 0.0117191 ,  0.00095544, -0.03727442,  0.01254206]), array([-0.03153608,  0.06113266, -0.00208854,  0.03549615]), array([ 0.02953704,  0.02315455, -0.0834255 ,  0.06716419]), array([ 0.04208719,  0.06474738, -0.01495388,  0.03106732]), array([ 0.0638914 , -0.00428477, -0.0138534 , -0.02213115]), array([-0.00060692,  0.08356577,  0.1018903 , -0.03513127]), array([0.05225998, 0.02354423, 0.01161365, 0.03107407]), array([ 0.0477203 , -0.00501233, -0.07805111, -0.0344722 ]), array([-0.00331203, -0.0662161 , -0.02828187,  0.01581952]), array([-0.00281338, -0.01574843, -0.01941587, -0.06967605]), array([-0.00822323, -0.04764463,  0.00513087,  0.06759535]), array([-0.0096459 , -0.07199493,  0.06141571,  0.03717828]), array([0.02512349, 0.01806162, 0.06304001, 0.03936211]), array([ 0.04505661, -0.04199758, -0.00464166,  0.10082974]), array([ 0.090825  , -0.07733537, -0.01560521,  0.0159433 ]), array([ 0.0571768 , -0.01484209,  0.03837819, -0.05157406]), array([-0.08294242, -0.00442565,  0.04461804, -0.08021665]), array([-0.13010403, -0.03099322, -0.02502343, -0.07801487]), array([-0.07331869,  0.01102342,  0.05871336, -0.07215127])]

Actions: [array([1.        , 0.77968919]), array([1.        , 0.77457674]), array([1.        , 0.77025429]), array([1.        , 0.76744052]), array([1.       , 0.7650534]), array([1.        , 0.76254262]), array([1.        , 0.76113638]), array([1.        , 0.76078064]), array([1.        , 0.76020578]), array([1.        , 0.75995194]), array([1.        , 0.76044139]), array([1.        , 0.76099646]), array([1.        , 0.76189255]), array([1.        , 0.76357362]), array([1.       , 0.7652217]), array([1.        , 0.76735748]), array([1.        , 0.77133417]), array([1.        , 0.77391391]), array([1.       , 0.7740257]), array([1.       , 0.7761046]), array([1.        , 0.77823561]), array([1.        , 0.77952584]), array([1.       , 0.7802035]), array([1.        , 0.78049392]), array([1.       , 0.7804387]), array([1.        , 0.78147771]), array([1.        , 0.78461441]), array([1.        , 0.78741572]), array([1.       , 0.7916487]), array([1.        , 0.79501708]), array([1.        , 0.79529103]), array([1.        , 0.79562444]), array([1.        , 0.79667951]), array([1.       , 0.8026361]), array([1.        , 0.80525069]), array([1.        , 0.81344122]), array([1.        , 0.81495318])]