
Good
Feature: [0, 99, 11431.687058942949]

States: [array([-171.24704721,   -0.77837032, -131.91310784,   -0.21843409]), array([-172.03061943,   -1.1447086 , -132.10870581,    0.77635762]), array([-173.21011842,   -1.51521818, -131.31459986,    1.69032434]), array([-174.74308458,   -1.77357585, -129.60209444,    2.33142953]), array([-176.56992587,   -1.83637273, -127.31317205,    2.90693963]), array([-178.44024457,   -1.87544869, -124.41530262,    3.3452404 ]), array([-180.33189305,   -1.27175843, -121.0436127 ,    3.66913646]), array([-181.59196814,   -1.08924017, -117.4079088 ,    3.9588908 ]), array([-182.71675138,   -0.72827924, -113.54192795,    4.16298605]), array([-183.43593764,   -0.5083826 , -109.35573835,    4.33928626]), array([-183.94412181,   -0.33516035, -104.9557916 ,    4.48575287]), array([-1.84297878e+02,  1.11754823e-01, -1.00460038e+02,  4.55209790e+00]), array([-184.09462152,    0.50026499,  -95.84356801,    4.6024629 ]), array([-183.56397082,    0.98140565,  -91.24775441,    4.70224146]), array([-182.51505665,    1.46982248,  -86.48944132,    4.67585884]), array([-181.11342987,    1.9989949 ,  -81.83972875,    4.69550858]), array([-179.13887573,    2.43726036,  -77.09545773,    4.79655971]), array([-176.62605019,    2.92905545,  -72.27603783,    4.77746276]), array([-173.78539176,    3.35576698,  -67.40663957,    4.7838946 ]), array([-170.40702981,    3.70722213,  -62.63429946,    4.2687748 ]), array([-166.7901603 ,    4.05607808,  -58.38033163,    3.85341364]), array([-162.75516059,    4.21145887,  -54.4347275 ,    3.40235902]), array([-158.56799732,    4.35531623,  -51.09404951,    2.93850746]), array([-154.14521025,    4.46326278,  -48.17848965,    2.5778152 ]), array([-149.64698632,    4.56728732,  -45.61609131,    2.19636659]), array([-145.0020461 ,    4.5850571 ,  -43.36894656,    1.85348647]), array([-140.35002442,    4.71265068,  -41.52237052,    1.52099742]), array([-135.63283838,    4.7578579 ,  -39.94927187,    1.35909938]), array([-130.91092112,    4.7852731 ,  -38.62309354,    1.16981272]), array([-126.17353814,    4.84727607,  -37.44761345,    0.97344694]), array([-121.35435414,    4.91649328,  -36.53569255,    0.96646856]), array([-116.39844252,    4.89345837,  -35.69344063,    0.89654483]), array([-111.43990265,    4.91469941,  -34.85700251,    0.73927109]), array([-106.39416741,    4.0921896 ,  -34.19395924,    1.71964308]), array([-102.36419179,    3.26311384,  -32.49795705,    2.50871242]), array([-99.14473789,   2.69714864, -29.91029573,   2.97879946]), array([-96.43460353,   2.04888361, -26.88913764,   3.40306314]), array([-94.40293115,   1.61280832, -23.46209897,   3.82237711]), array([-92.74656559,   1.25455847, -19.65337889,   4.0299004 ]), array([-91.56702068,   0.87729064, -15.69171004,   4.17495258]), array([-90.70754983,   0.58425165, -11.4881529 ,   4.40585448]), array([-90.01329214,   0.3614835 ,  -7.05258538,   4.56386031]), array([-8.96735057e+01,  7.36546998e-02, -2.45672245e+00,  4.62200376e+00]), array([-89.55918075,  -0.1846467 ,   2.23242284,   4.63486103]), array([-89.69781702,  -0.25946522,   6.83014285,   4.67471832]), array([-89.86489756,  -0.48764847,  11.53473101,   4.80213492]), array([-90.36357688,  -0.59590156,  16.336505  ,   4.91610643]), array([-90.83952822,  -0.75448517,  21.30746947,   4.90700788]), array([-91.66426606,  -0.90641994,  26.31690412,   4.92332872]), array([-92.53310676,  -1.11976995,  31.27414305,   4.89930737]), array([-93.62150501,  -1.21625456,  36.13866288,   4.86527859]), array([-94.83790793,  -1.35139966,  40.96741012,   4.98689377]), array([-96.24938852,  -1.40336013,  45.99227809,   5.02938365]), array([-97.67744664,  -0.18319034,  51.00089518,   4.39867587]), array([-97.89809095,   0.82514164,  55.48229578,   3.78763026]), array([-97.12894169,   1.70858914,  59.32577449,   3.24128685]), array([-95.44145698,   2.3676648 ,  62.64375868,   2.78844659]), array([-93.05945073,   2.90610412,  65.36560512,   2.28999975]), array([-90.11177588,   3.26181997,  67.67474597,   1.93251527]), array([-86.83137287,   3.61314314,  69.63881289,   1.64003522]), array([-83.24869812,   3.79424465,  71.2529806 ,   1.39419418]), array([-79.37997292,   3.9635423 ,  72.71366628,   1.22068513]), array([-75.33731146,   4.23337259,  73.96176653,   0.97115358]), array([-71.14922522,   4.40532824,  75.04657825,   0.68660821]), array([-66.71389166,   4.54048429,  75.74255861,   0.44414081]), array([-62.14037541,   4.66891118,  76.21437993,   0.17844697]), array([-57.41993747,   4.74776941,  76.47916231,  -0.1372017 ]), array([-52.70634318,   4.79833482,  76.3307165 ,  -0.44302058]), array([-47.97616876,   4.45549667,  75.81572117,  -1.36039726]), array([-43.54060665,   4.07870112,  74.4216444 ,  -2.01550847]), array([-39.49844874,   3.68890342,  72.37940702,  -2.62132383]), array([-35.89872763,   3.30251484,  69.7535076 ,  -3.16103768]), array([-32.58369807,   3.00985286,  66.57764887,  -3.56715141]), array([-29.55253935,   2.696328  ,  63.04521612,  -3.83133747]), array([-26.85166805,   3.23458743,  59.23617646,  -2.76313373]), array([-23.62728053,   3.66328851,  56.42822725,  -1.6684703 ]), array([-19.94967765,   3.89939902,  54.73654303,  -0.70254014]), array([-16.01808159,   4.1347795 ,  54.01235862,   0.24336095]), array([-11.9192221 ,   4.33916352,  54.34641643,   1.23149029]), array([-7.53211208,  4.25415251, 55.59720003,  1.97706913]), array([-3.27589562,  4.07069256, 57.50385038,  2.55027893]), array([ 0.84188071,  3.54218627, 60.02859087,  0.98547038]), array([ 4.33426987,  3.0159503 , 61.08648472, -0.1898985 ]), array([ 7.31605674,  2.53789094, 60.78292101, -1.22582722]), array([ 9.81561277,  1.82872629, 59.53977424, -2.02808906]), array([11.64661645,  1.18441451, 57.46813452, -2.67891548]), array([12.8961056 ,  0.71889783, 54.7834343 , -3.09304132]), array([13.61694829,  0.3300404 , 51.75065898, -3.49469275]), array([ 1.39892490e+01, -4.23320075e-03,  4.82698401e+01, -3.72467051e+00]), array([13.94574004, -0.35103176, 44.60934121, -4.08055561]), array([13.62623917, -0.6758699 , 40.55441736, -4.28577944]), array([12.92462804, -0.84232662, 36.3255565 , -4.41832314]), array([12.02221608, -0.88903817, 31.89023493, -4.40801063]), array([11.16287832, -1.05925122, 27.43097846, -4.55930983]), array([10.10691938, -1.10774291, 22.78367106, -4.62529667]), array([ 9.08789637, -1.21291212, 18.16579606, -4.70643366]), array([ 7.94451598, -1.32909532, 13.47302938, -4.7125297 ]), array([ 6.59964547, -1.37915968,  8.81315464, -4.77823777]), array([ 5.18251687, -1.55366425,  4.09861222, -4.69625621]), array([-0.01514581,  0.07066843, -0.04071856, -0.00996553])]

Actions: [array([-0.64170979,  1.        ]), array([-0.62065638,  1.        ]), array([-0.5456388,  1.       ]), array([-0.40892852,  1.        ]), array([-0.38897012,  1.        ]), array([0.16409441, 1.        ]), array([-0.05068352,  1.        ]), array([0.11150228, 1.        ]), array([0.13691613, 1.        ]), array([0.15957518, 1.        ]), array([0.31701832, 1.        ]), array([0.37659009, 1.        ]), array([0.51192578, 1.        ]), array([0.69857616, 1.        ]), array([0.7651627, 1.       ]), array([0.83820755, 1.        ]), array([0.91902322, 1.        ]), array([1.        , 0.98516554]), array([1.        , 0.41184755]), array([1.        , 0.36362006]), array([1.       , 0.3194194]), array([1.        , 0.27687929]), array([1.        , 0.23944141]), array([1.        , 0.20496026]), array([1.        , 0.17171565]), array([1.        , 0.13928728]), array([1.        , 0.10935768]), array([1.        , 0.07943338]), array([1.       , 0.0483603]), array([1.        , 0.06916143]), array([1.        , 0.11922669]), array([1.        , 0.10659892]), array([0.22054412, 1.        ]), array([0.03504612, 1.        ]), array([-0.00698694,  1.        ]), array([-0.04222556,  1.        ]), array([-0.07416248,  1.        ]), array([-0.10092037,  1.        ]), array([-0.12592406,  1.        ]), array([-0.14753752,  1.        ]), array([-0.16768189,  1.        ]), array([-0.18851769,  1.        ]), array([-0.20724121,  1.        ]), array([-0.22542429,  1.        ]), array([-0.24170824,  1.        ]), array([-0.26094412,  1.        ]), array([-0.27747606,  1.        ]), array([-0.29969551,  1.        ]), array([-0.31867495,  1.        ]), array([-0.34183897,  1.        ]), array([-0.36408371,  1.        ]), array([-0.38988113,  1.        ]), array([1.     , 0.32779]), array([1.        , 0.25943094]), array([1.        , 0.20293632]), array([1.        , 0.15659396]), array([1.        , 0.11738368]), array([1.        , 0.08503572]), array([1.        , 0.05666292]), array([1.        , 0.03099284]), array([1.        , 0.00811003]), array([ 1.        , -0.01501067]), array([ 1.        , -0.03766306]), array([ 1.       , -0.0608498]), array([ 1.        , -0.24585081]), array([ 1.        , -0.27302839]), array([ 1.        , -0.30179193]), array([ 0.54858703, -1.        ]), array([ 0.48964536, -1.        ]), array([ 0.43897387, -1.        ]), array([ 0.39529753, -1.        ]), array([ 0.35838335, -1.        ]), array([ 0.32551053, -1.        ]), array([1.        , 0.38636352]), array([1.        , 0.52998491]), array([1.        , 0.67777344]), array([1.       , 0.8334082]), array([0.99235066, 1.        ]), array([0.8270899, 1.       ]), array([0.67148548, 1.        ]), array([ 0.26884818, -1.        ]), array([ 0.13728149, -1.        ]), array([ 0.04031726, -1.        ]), array([-0.14308337, -1.        ]), array([-0.18138877, -1.        ]), array([-0.21392496, -1.        ]), array([-0.24192308, -1.        ]), array([-0.26534269, -1.        ]), array([-0.28744703, -1.        ]), array([-0.30579804, -1.        ]), array([-0.2811095, -1.       ]), array([-0.29154509, -1.        ]), array([-0.30079263, -1.        ]), array([-0.31354727, -1.        ]), array([-0.32565293, -1.        ]), array([-0.34264983, -1.        ]), array([-0.36214593, -1.        ]), array([-0.38002172, -1.        ])]
Bad
Feature: [20, 17, 4722.8987726246705]

States: [array([-168.29470539,    1.51092259, -129.94605915,   -1.77128211]), array([-166.77883239,    2.21547554, -131.708314  ,   -0.66840555]), array([-164.59575762,    2.83228273, -132.39860868,    0.31675773]), array([-161.77556465,    3.33893031, -132.12294398,    1.02801294]), array([-158.38753785,    3.66920786, -131.04929382,    1.6670635 ]), array([-154.65001275,    3.87015006, -129.36605902,    2.30103211]), array([-150.82738765,    4.0239245 , -127.05801134,    2.69305213]), array([-146.92448456,    4.17602113, -124.29874597,    3.02924529]), array([-142.79093977,    4.27255488, -121.34978945,    3.26964106]), array([-138.50032426,    4.45990215, -118.03703094,    3.47810653]), array([-134.15032478,    4.58454471, -114.58113941,    3.62825186]), array([-129.49466538,    4.67754819, -110.89183266,    3.85774837]), array([-124.72880287,    4.70608005, -107.03689201,    4.02772904]), array([-120.09040557,    4.78984769, -103.02924774,    4.18009963]), array([-115.27259612,    4.75773398,  -98.83093298,    4.32424937]), array([-110.45065618,    4.78761917,  -94.49986322,    4.34154462]), array([-105.6994314 ,    4.7837654 ,  -90.13980663,    4.361885  ]), array([-100.95563208,    4.93657168,  -85.7241333 ,    4.37378922]), array([-95.99918472,   4.96052302, -81.28826534,   4.32689398]), array([-91.06262197,   4.94080489, -76.98120901,   4.45172558]), array([-86.15167159,   4.92489214, -72.58634552,   4.42569562]), array([-81.28261746,   4.90754963, -68.11912986,   4.34615006]), array([-76.39548112,   4.8356379 , -63.79340038,   4.41350988]), array([-71.558927  ,   4.89821074, -59.35497065,   4.42273913]), array([-66.66632546,   4.89264093, -54.91145979,   4.408725  ]), array([-61.74516267,   4.8824961 , -50.57388285,   4.39220572]), array([-56.84612814,   4.94168189, -46.22201044,   4.30695815]), array([-51.90129236,   5.00772694, -41.9411859 ,   4.4013451 ]), array([-46.98769715,   4.94215293, -37.54561244,   4.35818358]), array([-41.98574792,   4.97310136, -33.20946913,   4.31990208]), array([-37.00241024,   4.93428868, -28.78673415,   4.32378838]), array([-32.11067023,   4.87195313, -24.48056733,   4.22574039]), array([-27.28218626,   4.88640849, -20.19811269,   4.18769134]), array([-22.44020116,   4.85286234, -16.08776177,   4.29042664]), array([-17.52560813,   4.84225875, -11.7645595 ,   4.25479656]), array([-12.67275152,   4.87873818,  -7.49760538,   4.2773348 ]), array([-7.73841389,  4.88692444, -3.20042308,  4.28023798]), array([0.07650466, 0.0055398 , 0.0398855 , 0.03577054]), array([ 0.00676181, -0.08836116, -0.01858351, -0.02396368]), array([ 0.04121291, -0.04967178,  0.05415609,  0.10063559]), array([-0.02058221,  0.01438274,  0.12650458,  0.00883937]), array([ 0.02033807, -0.03409183,  0.06988771, -0.10356491]), array([-0.01489977, -0.01187754,  0.02526786, -0.007108  ]), array([-0.02563181,  0.01017743,  0.0479847 , -0.00202972]), array([-0.02105698, -0.04763583, -0.09328084, -0.09368332]), array([-0.10007383,  0.04111442, -0.0481273 , -0.07565272]), array([ 0.03031705,  0.07700422,  0.00235714, -0.04623978]), array([ 0.03739086,  0.04898438,  0.04071493, -0.05781254]), array([ 0.05228628,  0.01365047,  0.04546776, -0.02183732]), array([-0.00454168, -0.05424257, -0.06013588,  0.04536845]), array([-0.01873762, -0.09906578, -0.0951597 ,  0.00042038]), array([-0.05383702, -0.01984698, -0.00248767,  0.01025174]), array([ 0.09172401, -0.00187655, -0.03147602,  0.08737898]), array([ 0.01607442, -0.08614558, -0.01606734,  0.06033657]), array([ 0.04983309, -0.13808872, -0.01601463,  0.01651732]), array([ 0.05087367, -0.0223858 , -0.04019864,  0.04601564]), array([-0.04986464, -0.0083432 ,  0.0008602 , -0.05463218]), array([-0.02584049, -0.03635937, -0.01327285, -0.04419529]), array([-0.0035619 ,  0.01869223, -0.06134695,  0.01675839]), array([-0.04801887, -0.07090067,  0.07766465, -0.00769787]), array([ 0.10488297, -0.02145066,  0.01095483,  0.01605255]), array([ 0.08048289, -0.0367164 ,  0.00618932,  0.04262075]), array([ 0.04250524, -0.03120664,  0.05070423,  0.09497931]), array([-0.07196391, -0.00657461,  0.04266145,  0.02660276]), array([-0.03863962,  0.08922101, -0.01922136, -0.02181293]), array([0.06302703, 0.01299832, 0.03485987, 0.1032236 ]), array([-0.03205094, -0.0591708 ,  0.09738707, -0.02611071]), array([ 0.01651205, -0.03609341, -0.04115144, -0.00595137]), array([ 0.01048699, -0.03253011, -0.08760727, -0.02326572]), array([-0.0636422 ,  0.04833044, -0.0195907 , -0.02304732]), array([ 0.0540199 , -0.00431589, -0.03748115, -0.0144011 ]), array([ 0.02700551,  0.03700153, -0.04125458,  0.056176  ]), array([ 0.08486786,  0.01936414, -0.01621209,  0.08492305]), array([-0.07170154, -0.05576015,  0.02640176,  0.09648545]), array([-0.06458478,  0.02258511, -0.0304385 ,  0.00457293]), array([-0.05747534,  0.08031704,  0.03558713,  0.02035891]), array([ 0.00374119,  0.0524621 ,  0.00859565, -0.05199207]), array([-0.07631554,  0.05399477, -0.00448217,  0.00412385]), array([-0.01030336,  0.02226292,  0.0044034 , -0.00289937]), array([ 0.00744642, -0.07011323, -0.02227619, -0.06993324]), array([-0.09279945, -0.07756962, -0.00881483,  0.03061041]), array([0.04282912, 0.07257352, 0.04227644, 0.03481722]), array([ 0.02933617,  0.01108769, -0.03146652,  0.03370556]), array([0.02402794, 0.0205336 , 0.01536491, 0.01116677]), array([ 0.06127167, -0.03116945, -0.04631858, -0.01548634]), array([-0.03865748,  0.01453637, -0.05808196, -0.04455192]), array([ 0.00929455, -0.00950993, -0.04778424,  0.04923243]), array([ 0.01699881, -0.04081331,  0.04538745, -0.04801356]), array([-0.07067913, -0.06009523, -0.02936219,  0.00968712]), array([ 5.48761757e-05,  9.93908203e-02,  6.36346425e-02, -1.38647402e-02]), array([ 0.00380805, -0.00892479, -0.03565819, -0.02145993]), array([-0.01189199,  0.03693854,  0.0033235 , -0.04602074]), array([ 0.01460156, -0.08690114, -0.02153883,  0.03857014]), array([-0.14491392, -0.01097647, -0.00996253, -0.10331214]), array([-0.01760734, -0.02679901,  0.00449188,  0.00904287]), array([ 0.0569923 ,  0.02529458,  0.08364971, -0.06291783]), array([-0.06058436, -0.05832522,  0.00956477, -0.03507251]), array([ 0.07883284, -0.02987655, -0.02553743, -0.048868  ]), array([-0.01067999, -0.00675217, -0.02601732,  0.01724951]), array([ 0.02868178,  0.0315535 ,  0.04162155, -0.01693525])]

Actions: [array([1.        , 0.79064449]), array([1.        , 0.80852905]), array([1.        , 0.82355896]), array([1.        , 0.83630879]), array([1.        , 0.84750637]), array([1.        , 0.85718138]), array([1.        , 0.86365632]), array([1.        , 0.86785346]), array([1.        , 0.87236286]), array([1.        , 0.87549693]), array([1.        , 0.87814903]), array([1.        , 0.88126022]), array([1.        , 0.88405397]), array([1.        , 0.88483597]), array([1.        , 0.88540292]), array([1.        , 0.88483791]), array([1.        , 0.88334473]), array([1.       , 0.8810859]), array([1.       , 0.8803598]), array([1.        , 0.88079277]), array([1.        , 0.87997633]), array([1.        , 0.87769579]), array([1.        , 0.87721272]), array([1.        , 0.87442948]), array([1.        , 0.87190373]), array([1.        , 0.87113043]), array([1.        , 0.86961694]), array([1.       , 0.8699976]), array([1.        , 0.86735855]), array([1.        , 0.86741596]), array([1.       , 0.8646175]), array([1.        , 0.86213431]), array([1.        , 0.85754152]), array([1.        , 0.85951473]), array([1.        , 0.85343725]), array([1.        , 0.84248326])]