
Good
Feature: [2, 74, 8855.145577441279]

States: [array([-1.70666349e+02,  1.46628058e+00, -1.31167169e+02, -2.98640511e-02]), array([-169.28769654,    1.29468324, -131.21449956,    1.02571937]), array([-168.00195335,    1.08958   , -130.22405511,    1.79411328]), array([-166.80801649,    0.89867179, -128.43536223,    2.42471782]), array([-165.93680675,    0.8099955 , -125.97028345,    2.96374267]), array([-165.10674478,    0.64495146, -123.06209223,    3.39404263]), array([-164.37390642,    0.52694842, -119.63297084,    3.69170169]), array([-163.77815713,    0.42918227, -115.91003561,    4.00011297]), array([-163.30745316,    0.36009942, -111.97258122,    4.14754231]), array([-162.97783164,    0.28546533, -107.83705677,    4.40161987]), array([-162.713982  ,    0.31143341, -103.4152955 ,    4.54184705]), array([-162.37206532,    0.2398272 ,  -98.88911373,    4.66495223]), array([-162.11025164,    0.19869184,  -94.26546361,    4.68431922]), array([-161.89611139,    0.17599189,  -89.57322037,    4.76668603]), array([-1.61739315e+02,  1.05761852e-01, -8.47371805e+01,  4.89936423e+00]), array([-1.61513065e+02,  8.34383940e-02, -7.98129492e+01,  4.83052093e+00]), array([-161.44318396,    1.05346975,  -74.99048877,    4.64121753]), array([-160.34920693,    1.77197018,  -70.29473645,    4.41838405]), array([-158.62440958,    2.3011861 ,  -65.95663163,    4.1313044 ]), array([-156.34739454,    2.78386716,  -61.83865419,    3.84886622]), array([-153.59018184,    3.25590878,  -57.95589524,    3.56346655]), array([-150.28936208,    3.54330744,  -54.28458849,    2.97500884]), array([-146.64853446,    3.81755993,  -51.31003358,    2.42267228]), array([-142.85817496,    4.03798544,  -48.79849698,    1.91823123]), array([-138.78076823,    4.3499309 ,  -46.85909342,    1.54873469]), array([-134.41573697,    4.41773379,  -45.30108019,    1.18724979]), array([-129.93285108,    4.49961281,  -44.1295844 ,    0.76211504]), array([-125.47609477,    4.564357  ,  -43.34530076,    0.49945233]), array([-120.93479228,    4.68699295,  -42.78170353,    0.1599763 ]), array([-116.19956178,    4.35511805,  -42.4829371 ,    1.0646987 ]), array([-111.84246831,    3.99343782,  -41.36389994,    1.86322162]), array([-107.9060236 ,    3.6671595 ,  -39.50157225,    2.48679852]), array([-104.20817864,    3.24547002,  -37.04678461,    2.93152827]), array([-100.98210339,    2.88379767,  -34.07147012,    3.34398785]), array([-98.09023938,   2.59225288, -30.69910166,   3.70395551]), array([-95.60837649,   2.30962889, -26.98427293,   3.94651374]), array([-93.33629384,   2.10540109, -23.05451019,   4.10288549]), array([-91.23479809,   1.84662507, -18.96348579,   4.34792339]), array([-89.42976674,   1.65410002, -14.58040486,   4.53318852]), array([-87.74595918,   1.53313055, -10.00021284,   4.5805507 ]), array([-86.2512458 ,   1.36550118,  -5.4956826 ,   4.68692369]), array([-84.81505159,   1.14853737,  -0.69868252,   4.70242488]), array([-83.65468359,   1.0656223 ,   3.96055233,   4.64250396]), array([-82.58034317,   1.25916511,   8.61787313,   4.70954167]), array([-81.30525917,   1.35295444,  13.35851886,   4.69405799]), array([-79.90150769,   1.44341878,  17.93890055,   4.73803732]), array([-78.53048958,   1.56647805,  22.60423109,   4.71818099]), array([-76.95073429,   1.75632962,  27.28710694,   4.77207685]), array([-75.18175841,   1.22382939,  32.06001455,   4.74694873]), array([-73.91932621,   0.59358653,  36.77510033,   4.80647801]), array([-7.32821960e+01,  5.68130048e-02,  4.16102917e+01,  4.88660559e+00]), array([-73.23230067,   1.09764112,  46.4240779 ,   3.92943845]), array([-72.07716623,   1.82361789,  50.34581053,   2.99934658]), array([-70.23814679,   2.56617776,  53.32981418,   2.27345224]), array([-67.6243433 ,   3.02589737,  55.59568697,   1.43833496]), array([-64.62347175,   3.43506437,  57.05326309,   0.70919926]), array([-61.14299101,   3.78486776,  57.77546393,   0.18689668]), array([-57.44590677,   4.00604027,  57.95477361,  -0.34352115]), array([-53.46112056,   4.13459077,  57.62431215,  -1.03291422]), array([-49.39414288,   4.31000364,  56.53227886,  -1.46776881]), array([-45.05945521,   4.40328281,  55.11297007,  -1.92050376]), array([-40.65746934,   4.49642726,  53.19423294,  -2.45763074]), array([-36.13952042,   4.56555685,  50.69494299,  -1.98918963]), array([-31.54885839,   4.68761433,  48.72412172,  -1.55503745]), array([-26.83550126,   4.76172778,  47.11984987,  -1.47819707]), array([-21.99765144,   4.28528651,  45.62673477,  -2.19245179]), array([-17.66004352,   3.86424121,  43.47581502,  -2.83791182]), array([-13.84603688,   3.45649307,  40.61630265,  -3.16787747]), array([-10.42590202,   3.04407548,  37.436429  ,  -3.68304772]), array([-7.43110811,  2.62935087, 33.78898641, -3.98886272]), array([-4.70736492,  2.29188419, 29.74641424, -4.23613716]), array([-2.36558748,  1.97499361, 25.49170202, -4.39706748]), array([-0.30941669,  1.60623263, 21.02878756, -4.50673697]), array([ 1.24746613,  1.3584085 , 16.46075988, -4.54687051]), array([ 2.56199409,  0.94040311, 11.88292733, -4.68857765]), array([ 3.46864319,  0.44276966,  7.18381656, -4.72722694]), array([-0.01765459, -0.12051884,  0.00645246,  0.08350522]), array([ 0.01100728, -0.08157124, -0.03622074,  0.06211233]), array([ 0.05037506, -0.0051729 , -0.03779524, -0.07456071]), array([-0.16580047, -0.00790156, -0.01319634, -0.0068927 ]), array([ 0.0810376 , -0.03321249, -0.01373278,  0.12673914]), array([-0.02800913,  0.01897867,  0.02564265, -0.06904742]), array([ 0.03592516, -0.06967716, -0.00288751,  0.03411672]), array([ 0.00128837, -0.01817941, -0.06394929, -0.00449616]), array([ 0.05709017, -0.04733774,  0.02102918,  0.07526268]), array([-0.03475329, -0.02817624, -0.04600229, -0.00366915]), array([-0.09621663, -0.05253346, -0.00563243, -0.02358162]), array([-0.11971071, -0.00830828,  0.09857204, -0.02093077]), array([-0.07513557, -0.07734042,  0.11870806,  0.00359111]), array([0.1080604 , 0.04355236, 0.00066456, 0.01937676]), array([-0.1201956 ,  0.00589496,  0.08982609, -0.05156999]), array([ 0.00346473,  0.05646997,  0.02151083, -0.00834692]), array([ 0.01636788, -0.02347466, -0.00367539, -0.10339369]), array([-0.0412664 , -0.01515042, -0.03122639, -0.05174306]), array([-0.01868948,  0.03616987, -0.03635192,  0.07295812]), array([-0.00532727,  0.0910615 ,  0.04018941,  0.02505114]), array([-0.03427966, -0.01238218,  0.05372282,  0.00057015]), array([-0.0167423 , -0.06240393, -0.12291697, -0.02085084]), array([0.02331516, 0.03322166, 0.02762219, 0.01788365]), array([-0.0983573 ,  0.01672618, -0.03930336,  0.00089639])]

Actions: [array([0.09028084, 1.        ]), array([0.07420703, 1.        ]), array([0.05995295, 1.        ]), array([0.04690057, 1.        ]), array([0.03754817, 1.        ]), array([0.02829249, 1.        ]), array([0.01975277, 1.        ]), array([0.01236976, 1.        ]), array([0.00605185, 1.        ]), array([0.00119067, 1.        ]), array([-0.00324956,  1.        ]), array([-0.00988932,  1.        ]), array([-0.0161545,  1.       ]), array([-0.02268549,  1.        ]), array([-0.02942244,  1.        ]), array([1.        , 0.71959182]), array([1.        , 0.65180025]), array([1.        , 0.59433054]), array([1.       , 0.5453042]), array([1.        , 0.50125588]), array([1.        , 0.10258168]), array([1.        , 0.04734016]), array([ 1.        , -0.00209103]), array([ 1.        , -0.04971927]), array([ 1.        , -0.09359639]), array([ 1.        , -0.13783253]), array([ 1.        , -0.18259714]), array([ 1.        , -0.22759251]), array([0.52975162, 1.        ]), array([0.4794854, 1.       ]), array([0.43700453, 1.        ]), array([0.28416892, 1.        ]), array([0.25386654, 1.        ]), array([0.22813922, 1.        ]), array([0.2052338, 1.       ]), array([0.18590291, 1.        ]), array([0.16777129, 1.        ]), array([0.15028484, 1.        ]), array([0.13530901, 1.        ]), array([0.12052302, 1.        ]), array([0.1064137, 1.       ]), array([0.09164058, 1.        ]), array([0.40151306, 1.        ]), array([0.41549172, 1.        ]), array([0.42880433, 1.        ]), array([0.44057689, 1.        ]), array([0.456519, 1.      ]), array([-0.26719805,  1.        ]), array([-0.36326271,  1.        ]), array([-0.47355958,  1.        ]), array([1.        , 0.03372825]), array([ 1.        , -0.14274303]), array([ 1.        , -0.15385794]), array([ 1.        , -0.35190767]), array([ 1.        , -0.42894197]), array([ 1.        , -0.50050752]), array([ 1.       , -0.5711702]), array([ 1.        , -0.64465598]), array([ 1.       , -0.7269758]), array([ 1.        , -0.80760902]), array([ 1.        , -0.91838614]), array([ 1.        , -0.06329305]), array([1.        , 0.02118538]), array([ 1.        , -0.19409867]), array([ 0.57009163, -1.        ]), array([ 0.48025542, -1.        ]), array([ 0.40199484, -1.        ]), array([ 0.33431011, -1.        ]), array([ 0.26917323, -1.        ]), array([ 0.20730898, -1.        ]), array([ 0.14113639, -1.        ]), array([ 0.06930634, -1.        ]), array([-0.01901366, -1.        ]), array([-0.12707781, -1.        ]), array([-0.30541711, -1.        ])]
Bad
Feature: [19, 19, 4791.918025987805]

States: [array([-169.7487686 ,    1.67992168, -131.66603327,   -1.07926219]), array([-1.67966613e+02,  2.44163886e+00, -1.32813775e+02, -5.81821948e-02]), array([-165.47770241,    2.95727508, -132.98265747,    0.77039103]), array([-162.57061877,    3.32188045, -132.20868618,    1.39846901]), array([-159.31475184,    3.71711961, -130.81750433,    1.85526085]), array([-155.53491399,    3.95671148, -129.01294197,    2.22384643]), array([-151.59617186,    4.1486236 , -126.79980916,    2.67112189]), array([-147.48040906,    4.37556918, -124.14059931,    2.92657474]), array([-143.07015111,    4.52343393, -121.26802781,    3.20685892]), array([-138.58171545,    4.59092478, -118.05492825,    3.36370479]), array([-134.00552328,    4.61487666, -114.65452907,    3.52328645]), array([-129.3904243 ,    4.59811833, -111.17810539,    3.69778936]), array([-124.86042503,    4.62894378, -107.46602571,    3.88755228]), array([-120.27683048,    4.69081556, -103.51596104,    3.99676608]), array([-115.49086308,    4.7560737 ,  -99.44257862,    4.12653974]), array([-110.65178086,    4.80796965,  -95.39564627,    4.10304849]), array([-105.86146169,    4.91073009,  -91.31743629,    4.0999277 ]), array([-100.92276198,    4.98161336,  -87.19531713,    4.16226876]), array([-95.9967242 ,   4.99957776, -83.11892767,   4.07320356]), array([-90.9935022 ,   5.01562571, -79.0602096 ,   4.09874085]), array([-86.08116859,   5.0416188 , -74.89788794,   4.14191207]), array([-81.00855126,   4.99525032, -70.87085495,   4.16466981]), array([-76.01258863,   4.86226052, -66.67240387,   4.20384893]), array([-71.29947434,   4.79109459, -62.50370959,   4.25154642]), array([-66.56458768,   4.77344445, -58.248278  ,   4.16511326]), array([-61.76210652,   4.76065662, -54.06691197,   4.09140131]), array([-57.02590339,   4.81379795, -49.93332352,   4.17670423]), array([-52.1638861 ,   4.80132835, -45.74573594,   4.1901438 ]), array([-47.3479611 ,   4.78900101, -41.60493257,   4.20460467]), array([-42.51718727,   4.91732759, -37.45335936,   4.22793334]), array([-37.63617093,   4.87486354, -33.30347449,   4.20430802]), array([-32.83801713,   4.98492207, -29.08137004,   4.21340458]), array([-27.83712686,   4.9276634 , -24.91516944,   4.23423507]), array([-22.8755818 ,   4.99866195, -20.6438471 ,   4.23681261]), array([-17.8860007 ,   5.06967804, -16.38239222,   4.20806735]), array([-12.76891192,   5.01249801, -12.21593683,   4.20958797]), array([-7.79470498,  5.00027825, -8.04288829,  4.17888926]), array([-2.84832417,  4.99614648, -3.81312984,  4.2213478 ]), array([-0.02817709, -0.06854954,  0.01592044, -0.00841275]), array([-0.02065832, -0.00743188,  0.08856663, -0.01137012]), array([-0.0056369 , -0.05476835, -0.08548476,  0.0328755 ]), array([-0.05205852, -0.06077407,  0.04928948,  0.06927886]), array([ 0.03652291, -0.00497473, -0.07407641, -0.04308011]), array([-0.02350001,  0.05099382,  0.06219384, -0.03028843]), array([ 0.02632223,  0.01175411, -0.0555754 ,  0.01701733]), array([ 0.05119317, -0.04526815,  0.08773536,  0.00814111]), array([-0.09004026, -0.03933374,  0.02078043,  0.01897562]), array([0.00265774, 0.01166966, 0.04600487, 0.10343524]), array([ 0.03405622,  0.13153807, -0.02114897, -0.00396839]), array([-0.009084  ,  0.04390678, -0.02287184,  0.00801932]), array([-0.05354319,  0.12807745, -0.06451479,  0.07327176]), array([ 0.03474245, -0.01693239,  0.06010051,  0.00124599]), array([-0.10709044,  0.01718783,  0.07847931, -0.0279335 ]), array([-0.08213714,  0.00386347,  0.02483864, -0.00641043]), array([ 0.01329063,  0.10707737,  0.01143162, -0.05360873]), array([ 0.04846769,  0.04838808, -0.06417317,  0.01610104]), array([ 0.05556379, -0.02070967,  0.05179352,  0.03380676]), array([-0.10197924, -0.0120871 , -0.04046016,  0.00396491]), array([-0.05331071,  0.0389222 ,  0.00451259, -0.00017381]), array([ 0.00987975, -0.04244334, -0.0114906 , -0.01594657]), array([ 0.05371139, -0.05984003, -0.00236853,  0.01739895]), array([ 0.07973838,  0.01737638, -0.0724547 , -0.03590429]), array([-0.01168045,  0.04712615,  0.02610042, -0.08138799]), array([-5.54317615e-02, -5.07563156e-02, -3.62396004e-02,  4.96235266e-05]), array([0.03928465, 0.06465127, 0.09858065, 0.03378944]), array([ 0.0527695 , -0.03793402,  0.07620432,  0.03542844]), array([-0.03235948, -0.01612379,  0.04758352,  0.00981476]), array([-0.04409667, -0.03260691, -0.01553992,  0.03761521]), array([ 0.03329544,  0.05284752,  0.01369472, -0.03056982]), array([-0.0645503 , -0.01273884,  0.00063588, -0.03435174]), array([ 0.00809659,  0.10239448, -0.07247634, -0.01857494]), array([-0.0061256 ,  0.05852876, -0.00925558,  0.04148484]), array([-0.00579599, -0.08837856, -0.04372537,  0.0148883 ]), array([-0.0122332 ,  0.00117148,  0.07174499,  0.00743897]), array([ 0.0756964 , -0.11033004, -0.02183871, -0.07162403]), array([ 0.00750275,  0.03490078, -0.05128709, -0.02127871]), array([-0.0028856 , -0.02307987, -0.04274367, -0.04871664]), array([-0.00066949,  0.03807428, -0.07345755,  0.03094904]), array([ 0.0196118 , -0.06691918,  0.06723233,  0.03705459]), array([ 0.01310935,  0.06656611,  0.02839179, -0.08726849]), array([-0.02497207, -0.01204547, -0.0474522 ,  0.04104252]), array([ 0.05299487,  0.06363332, -0.02125076,  0.01416597]), array([ 0.01798461, -0.03947451,  0.04713797,  0.02663115]), array([-0.05542437,  0.07327374,  0.06077431,  0.05837858]), array([-0.04119377,  0.03745037, -0.00981731,  0.07414514]), array([ 0.08142869, -0.00013948,  0.08234775,  0.03769403]), array([-0.02444373,  0.01686053, -0.0478762 ,  0.09794084]), array([0.02054052, 0.0194512 , 0.01642183, 0.09999922]), array([-0.01024028, -0.02100446, -0.00822826,  0.03597098]), array([ 0.05102676,  0.08758704, -0.1317759 ,  0.04609542]), array([-0.06937546,  0.01853898,  0.10999333,  0.02464573]), array([0.02114606, 0.01661481, 0.06010529, 0.03533519]), array([-0.02065469,  0.02326349, -0.01809054, -0.02102301]), array([-0.01493696,  0.02349646,  0.02133493, -0.03763368]), array([ 0.09949246, -0.09870685,  0.06883267, -0.07313972]), array([ 0.00374713, -0.03978149,  0.09514965, -0.02125708]), array([-0.02123693,  0.04092923,  0.00042865,  0.00411626]), array([ 0.10696306,  0.11750911, -0.03604648, -0.10714115]), array([-0.09044296,  0.06550855,  0.06603189,  0.00403018]), array([-0.0538716 ,  0.02213875,  0.00706739, -0.11476858])]

Actions: [array([1.        , 0.76541837]), array([1.        , 0.78033693]), array([1.        , 0.79306336]), array([1.        , 0.80246076]), array([1.        , 0.81010876]), array([1.        , 0.81817297]), array([1.        , 0.82481404]), array([1.        , 0.82978774]), array([1.        , 0.83527313]), array([1.        , 0.83912945]), array([1.       , 0.8424002]), array([1.        , 0.84556936]), array([1.        , 0.84651416]), array([1.        , 0.84593422]), array([1.       , 0.8457205]), array([1.        , 0.84613092]), array([1.        , 0.84589591]), array([1.        , 0.84644372]), array([1.        , 0.84741077]), array([1.        , 0.84939188]), array([1.        , 0.84950952]), array([1.       , 0.8529759]), array([1.        , 0.85380013]), array([1.        , 0.85178296]), array([1.        , 0.84846292]), array([1.        , 0.84674751]), array([1.        , 0.84460191]), array([1.        , 0.84305877]), array([1.        , 0.84136885]), array([1.        , 0.83933926]), array([1.        , 0.83794449]), array([1.        , 0.83188221]), array([1.        , 0.83166801]), array([1.        , 0.82544072]), array([1.        , 0.81763003]), array([1.        , 0.81895328]), array([1.        , 0.80682761])]