
Good
Feature: [20, 23, 5347.716746958449]

States: [array([-171.65975064,   -0.22682177, -130.1573282 ,   -1.64503639]), array([-171.80991767,    0.86953317, -131.834477  ,   -0.74812285]), array([-1.70861700e+02,  1.73804075e+00, -1.32627154e+02,  5.99723695e-02]), array([-169.09380407,    2.41307616, -132.60828316,    0.51288925]), array([-166.67136881,    2.91621261, -132.14815544,    0.94772425]), array([-163.65691228,    3.38889172, -131.19482355,    1.61525124]), array([-160.2560838 ,    3.7042327 , -129.68027729,    2.04068696]), array([-156.56810639,    3.83589281, -127.6418591 ,    2.47945911]), array([-152.76739492,    3.93743501, -125.197959  ,    2.89802555]), array([-148.85038978,    4.0541416 , -122.35210063,    3.29802016]), array([-144.83408253,    4.07500877, -119.04134823,    3.6625502 ]), array([-140.73085555,    4.19738893, -115.34510387,    3.89198189]), array([-136.58039787,    4.33788311, -111.46010659,    4.00039298]), array([-132.24188641,    4.44229404, -107.34032071,    3.96467127]), array([-127.84647547,    4.55236342, -103.38415492,    4.05349387]), array([-123.3173251 ,    4.61079661,  -99.41934347,    4.12352598]), array([-118.69385685,    4.63177418,  -95.26273327,    4.11791407]), array([-114.02213139,    4.66429046,  -91.16246052,    4.20671545]), array([-109.43986808,    4.76197706,  -86.92902825,    4.23709385]), array([-104.59584402,    4.73544477,  -82.73853174,    4.19620615]), array([-99.89327033,   4.72468307, -78.49508903,   4.34117342]), array([-95.20254816,   4.81134268, -74.04771613,   4.36532214]), array([-90.39555986,   4.75659636, -69.73082405,   4.16441139]), array([-85.59322123,   4.89936767, -65.61551456,   3.91922517]), array([-80.76419575,   4.88219037, -61.66949578,   3.72028021]), array([-75.84952832,   4.92808967, -57.95199344,   3.62221485]), array([-70.85532733,   4.92057606, -54.3393629 ,   3.81441919]), array([-65.98447807,   4.97296864, -50.53059161,   4.0140415 ]), array([-61.00816689,   4.89846134, -46.65469024,   3.38536842]), array([-56.1516086 ,   4.95189374, -43.23847965,   2.8243375 ]), array([-51.21405204,   4.87952333, -40.37413188,   2.12071904]), array([-46.32901313,   4.9593086 , -38.24354535,   2.04973612]), array([-41.27371099,   4.9204722 , -36.21281905,   2.08238849]), array([-36.38382073,   4.21260699, -34.06705232,   2.68198734]), array([-32.17254586,   3.85104675, -31.38941692,   3.12471885]), array([-28.27961253,   3.31841392, -28.22808366,   3.45663995]), array([-25.02443432,   3.19147716, -24.797101  ,   3.69782883]), array([-21.77838913,   3.09412216, -20.99352694,   3.94129782]), array([-18.68447277,   2.85565664, -17.03363834,   4.22027702]), array([-15.83709987,   3.19399712, -12.81067169,   4.41215236]), array([-12.71974932,   3.53297701,  -8.35375147,   4.25670185]), array([-9.1555092 ,  3.80765489, -4.07720348,  3.89186336]), array([-5.40498216,  3.99138211, -0.13332804,  3.21709973]), array([-0.09485325,  0.02705323,  0.03617553, -0.03099229]), array([ 0.02491887,  0.05591062, -0.00982399, -0.04654086]), array([ 0.0230594 ,  0.10021647, -0.02402019,  0.02962791]), array([ 0.12553415, -0.02450746,  0.0146194 , -0.04102432]), array([-0.03164639, -0.02794201,  0.06824617, -0.06098693]), array([ 0.04501124, -0.02555408, -0.0858696 , -0.03735987]), array([ 0.03872874,  0.05511303,  0.05782436, -0.05207744]), array([ 0.04395112, -0.01916383, -0.04174107, -0.04861359]), array([ 0.07679908, -0.01108038,  0.03117742,  0.00975828]), array([ 0.00669805, -0.00165221, -0.04138625,  0.0022531 ]), array([-0.01453736,  0.01038212,  0.02570195,  0.13202656]), array([-0.0290942 ,  0.00255089, -0.07182351, -0.00527051]), array([ 0.09286714, -0.02225588,  0.02355378, -0.01470577]), array([-0.05536981, -0.04631939, -0.04932594, -0.04898696]), array([0.05672957, 0.03976809, 0.02821416, 0.03297577]), array([ 0.0778027 ,  0.06309119, -0.04890876,  0.01198541]), array([-0.06463265,  0.04810618,  0.04819864, -0.0202464 ]), array([-0.06874441,  0.00607671,  0.02861246,  0.07109621]), array([ 0.01629617, -0.08771057,  0.01198916,  0.0130459 ]), array([ 0.01017015,  0.03462639, -0.06005112, -0.08006193]), array([-0.01199299,  0.02000291,  0.05341713,  0.01800644]), array([-0.12684039, -0.02548125,  0.03902284,  0.05585774]), array([ 0.04385038,  0.05881163, -0.05816621, -0.02779129]), array([-0.06138856, -0.00515449,  0.04574378, -0.09493987]), array([ 0.04833414,  0.06754101,  0.04056784, -0.06459748]), array([-0.01076234,  0.01935898, -0.01127781, -0.03547313]), array([0.00994813, 0.00218107, 0.04985804, 0.11164366]), array([ 0.06511843,  0.00881797,  0.00029847, -0.00402836]), array([-0.08481638, -0.05809542, -0.03688105, -0.0593436 ]), array([-0.04246938,  0.01030447,  0.08816017,  0.07065809]), array([0.03225055, 0.00961366, 0.06351012, 0.02187056]), array([ 0.00672511,  0.0403408 , -0.01548168,  0.0180581 ]), array([0.02879244, 0.04168344, 0.01786394, 0.03745651]), array([ 0.03867169,  0.03528251, -0.05729126, -0.0957207 ]), array([-0.04353192,  0.074112  ,  0.01833407, -0.01034959]), array([-0.04669466, -0.03153065,  0.05392064,  0.11189381]), array([-0.04986277, -0.05241511,  0.08451504, -0.02440642]), array([ 0.00265477, -0.01606059,  0.05457888,  0.0177781 ]), array([ 0.05860071,  0.02997772, -0.09074601,  0.0011027 ]), array([-0.0738624 , -0.0115878 , -0.05143167, -0.11328993]), array([-0.06011673,  0.00258015, -0.08760182, -0.01881738]), array([ 0.01429473,  0.07067672, -0.08569634, -0.09096614]), array([-1.16468158e-01, -5.90700699e-02, -1.74787776e-02,  2.22961484e-06]), array([ 0.02070938,  0.04895879, -0.00349716,  0.00531266]), array([-0.02219952, -0.05034995, -0.00849223, -0.01261284]), array([0.07545497, 0.1106193 , 0.09631449, 0.01224495]), array([-0.05512528, -0.05195267, -0.03621485, -0.0073071 ]), array([ 0.0147413 , -0.05374081,  0.02304287, -0.06203585]), array([-0.02413291, -0.06984164,  0.09276669,  0.02784751]), array([-0.0564199 , -0.05924811,  0.05850366,  0.0241747 ]), array([ 0.05437712, -0.07484867, -0.02297527, -0.10674673]), array([-0.02588173, -0.01523577, -0.05108722, -0.06675827]), array([-0.03235085,  0.01532346, -0.04008406,  0.05524269]), array([-0.0166865 , -0.02829317,  0.00139719, -0.01228264]), array([-0.06599549,  0.01294337,  0.04922654, -0.04424948]), array([-0.04656911, -0.0450877 , -0.04047866, -0.04864494]), array([0.00109392, 0.00371982, 0.05456949, 0.05449044])]

Actions: [array([1.        , 0.57773192]), array([1.        , 0.64510923]), array([1.       , 0.5032791]), array([1.        , 0.51817892]), array([1.        , 0.84242512]), array([1.        , 0.86363395]), array([1.        , 0.88356142]), array([0.94937883, 1.        ]), array([0.92906332, 1.        ]), array([0.91088525, 1.        ]), array([1.        , 0.88487354]), array([1.        , 0.88392942]), array([1.        , 0.88060853]), array([1.        , 0.87568578]), array([1.        , 0.87378548]), array([1.        , 0.87364462]), array([1.        , 0.87116079]), array([1.        , 0.87044553]), array([1.        , 0.86939588]), array([1.       , 0.8638423]), array([1.        , 0.85747275]), array([1.        , 0.71065164]), array([1.       , 0.6933783]), array([1.       , 0.6767887]), array([1.        , 0.66084756]), array([1.        , 0.90954136]), array([1.       , 0.9380547]), array([1.        , 0.20141751]), array([1.        , 0.09101529]), array([ 1.        , -0.04946373]), array([1.        , 0.40596991]), array([1.        , 0.39549387]), array([0.22970658, 1.        ]), array([0.41525761, 1.        ]), array([0.31480398, 1.        ]), array([0.54215959, 1.        ]), array([0.48246229, 1.        ]), array([0.41034538, 1.        ]), array([0.90976762, 1.        ]), array([1.        , 0.68238995]), array([1.        , 0.42706934]), array([1.        , 0.10187901])]
Bad
Feature: [19, 21, 5163.923475006623]

States: [array([-170.10570994,   -1.20967149, -130.4906292 ,    0.21452134]), array([-1.71239946e+02,  4.13034226e-02, -1.30235577e+02,  1.05402670e+00]), array([-171.24439516,    1.06064212, -129.19928947,    1.62826777]), array([-170.25382745,    1.81782262, -127.56621345,    1.98268591]), array([-168.47134297,    2.40038201, -125.60515884,    2.36778525]), array([-166.10541474,    2.8415917 , -123.25410643,    2.57157042]), array([-163.34088697,    3.32052229, -120.56756377,    2.75312403]), array([-160.05934412,    3.64829055, -117.76533226,    2.85777411]), array([-156.45057277,    3.92971401, -114.95625933,    3.02838549]), array([-152.49612514,    4.1949738 , -111.92694972,    3.19092552]), array([-148.29520585,    4.25449649, -108.80462719,    3.34217037]), array([-144.0646562 ,    4.4615967 , -105.43748641,    3.35626022]), array([-139.60733804,    4.64359716, -102.16028323,    3.42234113]), array([-134.98888659,    4.75824208,  -98.7264679 ,    3.32874473]), array([-130.19332052,    4.88378544,  -95.39207837,    3.47217604]), array([-125.29165726,    4.94883772,  -91.99649257,    3.5037251 ]), array([-120.28721714,    4.94359158,  -88.54163146,    3.6063397 ]), array([-115.28768325,    5.00757516,  -84.94674857,    3.63514788]), array([-110.33047272,    5.04511599,  -81.28980778,    3.68826884]), array([-105.33247028,    5.07273218,  -77.6126219 ,    3.63887504]), array([-100.24579305,    5.04489196,  -73.98280306,    3.64909322]), array([-95.2370136 ,   5.0214999 , -70.31735315,   3.62605724]), array([-90.21802706,   5.0134021 , -66.71136283,   3.58566727]), array([-85.28026251,   5.00184217, -63.17972911,   3.60154789]), array([-80.18882093,   4.98149004, -59.57116959,   3.58997794]), array([-75.22287632,   5.05565086, -56.01849575,   3.65989882]), array([-70.21809908,   5.08377   , -52.40728896,   3.73031976]), array([-65.16775153,   5.06041744, -48.73995609,   3.69748084]), array([-60.10013683,   5.03953349, -44.96963683,   3.76058796]), array([-55.07988137,   4.9941331 , -41.20548648,   3.65692266]), array([-50.207869  ,   4.99970939, -37.54763225,   3.62738104]), array([-45.24083802,   4.98715907, -33.86491741,   3.57085272]), array([-40.25716968,   4.97152047, -30.32679897,   3.56457139]), array([-35.29247356,   4.93196222, -26.72293578,   3.58996121]), array([-30.31613333,   4.98789955, -23.15154349,   3.55595928]), array([-25.34962616,   5.01279754, -19.58094113,   3.5696825 ]), array([-20.30358086,   5.13042596, -16.03152554,   3.60624205]), array([-15.15862566,   5.0914671 , -12.44678389,   3.58104502]), array([-10.05566035,   5.04882435,  -8.80967413,   3.6006945 ]), array([-5.03380427,  5.00913836, -5.16723906,  3.52781076]), array([-0.00459143, -0.03829944, -0.00461819,  0.02929422]), array([-0.02888036, -0.10475711,  0.04509325, -0.0140079 ]), array([-0.04473108,  0.04042015,  0.0663759 , -0.02090568]), array([ 0.06540628, -0.03715024,  0.03023212, -0.02228861]), array([ 0.02589517, -0.03634434, -0.07099579,  0.02439994]), array([0.0077926 , 0.01406269, 0.0083654 , 0.00192233]), array([-0.00857672,  0.04298381, -0.01880242, -0.012689  ]), array([ 0.04538977, -0.05757868,  0.04557242, -0.01784791]), array([-0.00720498, -0.00213336,  0.00543383, -0.01795728]), array([ 0.02417349,  0.0696606 ,  0.03957933, -0.05313392]), array([ 0.09318623, -0.06695719, -0.01214165,  0.10617346]), array([ 0.04413901, -0.03994144, -0.02781331,  0.00424402]), array([-0.03690716,  0.03481664, -0.02143095,  0.02574314]), array([-0.01600665,  0.04940149, -0.01574132,  0.054024  ]), array([ 0.01861153, -0.0758522 , -0.04380737,  0.00227451]), array([ 0.00623396,  0.05644309, -0.04448206, -0.0590815 ]), array([ 0.03263061,  0.00789716, -0.06497172, -0.02186925]), array([0.02899017, 0.0053818 , 0.04726684, 0.01447208]), array([-0.07769097,  0.00589645, -0.00865728, -0.00836591]), array([ 0.01579847, -0.01308281,  0.02771462,  0.03249636]), array([-0.00137087, -0.08875547, -0.06899158, -0.04514986]), array([-0.10964633,  0.06922706,  0.00514844,  0.08174391]), array([0.02587188, 0.0401371 , 0.0822306 , 0.00239029]), array([0.04678016, 0.01478201, 0.06031812, 0.03723897]), array([-0.01988185,  0.03060494, -0.00054834,  0.01588697]), array([ 0.08873859,  0.00723066, -0.07320999,  0.05838087]), array([-0.03291526,  0.03933573, -0.03552928,  0.04513216]), array([-0.00799251,  0.0420032 , -0.00420889,  0.01885544]), array([ 0.083564  ,  0.01402399, -0.0177803 , -0.02772141]), array([-0.01301133, -0.01484551, -0.02263136,  0.01972763]), array([-0.0286885 ,  0.01557477, -0.0664255 , -0.01147026]), array([ 0.00469366, -0.0115076 , -0.0382807 , -0.01616973]), array([-0.03201458, -0.02665222,  0.07134369, -0.07075665]), array([-0.02903464,  0.00968476, -0.01044017,  0.03047703]), array([-0.02512924, -0.02782143,  0.04723183,  0.01200445]), array([-0.00334498, -0.0603626 ,  0.03454317, -0.0025612 ]), array([-0.08053269,  0.04602828, -0.06325334,  0.04269885]), array([ 0.01370631,  0.04803968, -0.04049133, -0.05427925]), array([-0.03754274,  0.02023802, -0.05915354,  0.03800559]), array([-0.02912223,  0.07737314, -0.00872861,  0.11054825]), array([ 0.00050357,  0.05594512, -0.04112532, -0.03059637]), array([-0.07229723, -0.03284302,  0.07445822, -0.06002719]), array([-0.05627683,  0.04160707, -0.06726649,  0.04846807]), array([ 0.01323671, -0.00242336,  0.06198865, -0.09012426]), array([ 0.03525037,  0.11114068, -0.02467597, -0.02081611]), array([ 0.05085669,  0.0459025 , -0.06156634,  0.03569451]), array([0.09458888, 0.04381408, 0.07145186, 0.03162305]), array([ 0.02522104, -0.00345595, -0.13190764,  0.00130824]), array([ 0.03828403, -0.01862552,  0.04936506,  0.02539342]), array([ 0.02407506,  0.01909388, -0.00302901,  0.00506564]), array([ 0.04484238, -0.0527949 , -0.06808981,  0.0025392 ]), array([0.00933659, 0.02769332, 0.02443752, 0.04440053]), array([ 0.025862  ,  0.00381903, -0.01720905,  0.01377072]), array([-0.015814  ,  0.0317843 , -0.03915791, -0.00313077]), array([-0.03344258, -0.00222634,  0.03022928, -0.02164346]), array([-0.02413534,  0.05777399,  0.07774273,  0.06377598]), array([ 0.05481328, -0.06722271, -0.04906133,  0.00433011]), array([-0.03267687,  0.06151528, -0.0309194 , -0.07308946]), array([-0.01096792, -0.03815592,  0.07035315, -0.02894605]), array([-0.0168715 ,  0.0386213 , -0.05637609, -0.00832261])]

Actions: [array([1.        , 0.75732342]), array([1.        , 0.75087391]), array([1.        , 0.74485532]), array([1.       , 0.7396427]), array([1.        , 0.73586157]), array([1.        , 0.73222155]), array([1.        , 0.72820357]), array([1.        , 0.72564958]), array([1.        , 0.72444427]), array([1.        , 0.72337579]), array([1.        , 0.72281847]), array([1.        , 0.72069407]), array([1.        , 0.72023453]), array([1.        , 0.71944726]), array([1.        , 0.72032638]), array([1.        , 0.72139286]), array([1.        , 0.72266817]), array([1.        , 0.72282334]), array([1.        , 0.72216378]), array([1.        , 0.72152901]), array([1.        , 0.72192578]), array([1.        , 0.72141421]), array([1.        , 0.72157535]), array([1.        , 0.72193648]), array([1.        , 0.72275843]), array([1.        , 0.72323428]), array([1.        , 0.72335169]), array([1.        , 0.72313934]), array([1.        , 0.72142276]), array([1.        , 0.71890518]), array([1.        , 0.71590054]), array([1.        , 0.71318693]), array([1.        , 0.71357421]), array([1.        , 0.71191089]), array([1.        , 0.71100919]), array([1.        , 0.70954243]), array([1.        , 0.71096326]), array([1.        , 0.71535545]), array([1.       , 0.7165093])]