
Good
Feature: [19, 23, 4914.780190723847]

States: [array([-1.69641210e+02,  1.63850543e-01, -1.29156541e+02,  1.38865773e+00]), array([-169.57872914,    1.12131544, -127.71695559,    2.1911599 ]), array([-168.41458384,    1.82112538, -125.59203872,    2.38540503]), array([-166.58989147,    2.44220377, -123.24497345,    2.83386042]), array([-164.18639855,    2.95269291, -120.51464018,    2.93913364]), array([-161.32910339,    3.45573003, -117.62502512,    3.28122137]), array([-157.86395149,    3.78883927, -114.28916879,    3.2566494 ]), array([-154.08029275,    4.03631724, -111.06296084,    3.56971476]), array([-150.06120833,    4.22872569, -107.47772976,    3.36198947]), array([-145.83380938,    4.34486782, -104.19644306,    3.74535462]), array([-141.53145104,    4.44406006, -100.46181277,    3.47047316]), array([-137.00677552,    4.53673202,  -96.95284481,    3.66940903]), array([-132.45606935,    4.66457507,  -93.35397016,    3.92437171]), array([-127.84520471,    4.6705954 ,  -89.42619595,    4.1483022 ]), array([-123.1765018 ,    4.71009844,  -85.38818698,    4.18840281]), array([-118.49774762,    4.80531055,  -81.31722012,    3.82648772]), array([-113.73520549,    4.8151599 ,  -77.49137796,    3.57100234]), array([-108.89357506,    4.9524525 ,  -73.9053613 ,    3.2300493 ]), array([-103.91078873,    4.96724852,  -70.66261768,    3.02863872]), array([-98.95520315,   5.01773448, -67.62062137,   2.87874364]), array([-94.04461041,   4.99465721, -64.84779964,   2.81432947]), array([-89.03585002,   5.0643881 , -61.96038846,   2.7551064 ]), array([-83.94740541,   5.04873859, -59.20685589,   2.457477  ]), array([-78.87377512,   4.93536295, -56.82502458,   2.87916894]), array([-73.92531304,   4.91597144, -54.00039269,   3.29992674]), array([-68.94920398,   4.95185017, -50.70570388,   3.64782725]), array([-64.03123583,   4.77034478, -47.0815936 ,   4.00190792]), array([-59.3029893 ,   4.61807033, -43.12620176,   4.13324139]), array([-54.68766547,   4.5102112 , -38.99193291,   4.30186184]), array([-50.14227579,   4.62215463, -34.72290611,   3.84973338]), array([-45.54033149,   4.63418193, -30.85830506,   3.51713533]), array([-41.01909725,   4.77770332, -27.34497839,   3.07000701]), array([-36.30043813,   4.78923859, -24.20247295,   1.66254474]), array([-31.46735217,   4.90032214, -22.57292848,   0.35224941]), array([-26.44724628,   4.8444675 , -22.19697122,  -0.65751785]), array([-21.64377818,   4.39863166, -22.83229809,   0.52672671]), array([-17.22600812,   3.91487551, -22.34498093,   1.40086611]), array([-13.35077764,   3.37884983, -20.92176643,   2.10153603]), array([ -9.9448449 ,   2.83491309, -18.81920151,   2.77656133]), array([ -7.07933344,   1.89919077, -16.00301152,   3.22237956]), array([ -5.11519954,   1.55747607, -12.78293289,   3.59385153]), array([-3.57861152,  1.25942032, -9.21224342,  3.85855921]), array([ 0.0703228 ,  0.06356483, -0.07473796, -0.10093481]), array([ 0.00648159, -0.03248961, -0.12195446,  0.14868462]), array([0.05522949, 0.07779117, 0.04029693, 0.01383092]), array([ 0.01535083,  0.13097047, -0.02514374,  0.00369444]), array([-0.0258123 , -0.08667612,  0.00309367, -0.00085185]), array([ 0.02024578, -0.04510716,  0.04634338, -0.02185583]), array([ 0.02218093, -0.05239661, -0.02070931,  0.10078682]), array([-0.00702323,  0.0093338 , -0.02946953, -0.03799699]), array([ 0.0373944 , -0.03327733,  0.06351385, -0.03494666]), array([-0.09289366,  0.00314464,  0.01094774, -0.09232565]), array([-0.00820513,  0.02762201,  0.03567343, -0.00684321]), array([ 0.03974223,  0.04226951,  0.00451181, -0.00241332]), array([ 0.00657436, -0.04774943,  0.01464424, -0.03471683]), array([-0.03417716,  0.02158755,  0.01471097,  0.02142239]), array([-0.02539465, -0.03731789, -0.07972236, -0.037786  ]), array([-0.03503963, -0.01468641,  0.04632894, -0.00270466]), array([-0.05748434, -0.00069586,  0.05698132,  0.01497739]), array([ 0.00092075, -0.07431718,  0.11439447,  0.02754913]), array([-0.04214028,  0.0119904 ,  0.02499546,  0.02695512]), array([-0.09237167, -0.03853104, -0.05811686, -0.00500816]), array([-0.05766166,  0.05721599,  0.03705692,  0.05493211]), array([-0.00117869, -0.00310261, -0.04051223,  0.02361025]), array([ 0.03630249,  0.00573596,  0.02560431, -0.04292844]), array([-0.06022118,  0.00646663,  0.00104289, -0.03130186]), array([-0.06101326, -0.00763231,  0.04137359, -0.07568936]), array([ 0.0118999 ,  0.00707517, -0.00564119, -0.02866758]), array([ 0.05932285,  0.00548346, -0.04208827, -0.03279454]), array([-0.02112567,  0.06629812,  0.03143112,  0.00094936]), array([-0.00181478,  0.01336264, -0.04097558, -0.03205025]), array([-0.03318609, -0.01080445, -0.04188797,  0.08650648]), array([-0.02612172,  0.0314576 ,  0.07857017, -0.00292106]), array([0.03543983, 0.0205462 , 0.07901029, 0.01734676]), array([ 0.01194801, -0.06397542, -0.01435961,  0.02446873]), array([-0.04913669, -0.04517663,  0.0690021 , -0.00530869]), array([-0.04337638, -0.06368441, -0.02038036,  0.10959332]), array([-0.02896211, -0.00406117, -0.05343063,  0.0145109 ]), array([ 0.02024934,  0.0845154 ,  0.00993229, -0.00403866]), array([ 0.03479955,  0.0407122 ,  0.00191652, -0.06190877]), array([-0.05942171, -0.00090865,  0.06077823, -0.04173615]), array([ 0.02515963, -0.00794749,  0.08863533, -0.04671878]), array([ 0.0062805 , -0.08656761, -0.0838708 ,  0.00208752]), array([ 0.0024974 , -0.03125137,  0.01268591,  0.03120296]), array([0.03183324, 0.04331747, 0.08293116, 0.04062387]), array([-0.02394846, -0.01006103,  0.01025929,  0.04760501]), array([ 0.00998453, -0.04515295, -0.01959786,  0.05133505]), array([ 0.12912175,  0.02363055, -0.03499837,  0.03808199]), array([-0.0425051 , -0.05252676, -0.01351364, -0.03543243]), array([ 0.03964059, -0.00417607,  0.04475477, -0.02598596]), array([ 0.0585286 , -0.0205959 ,  0.01739515,  0.00656771]), array([ 0.01956008, -0.0477965 ,  0.02442188, -0.08878035]), array([ 0.06504768, -0.1303709 , -0.04712118, -0.02202829]), array([ 0.00031399,  0.05165613, -0.00126806, -0.05959317]), array([ 0.03630599, -0.04162983, -0.04296357,  0.00574861]), array([-0.02534356, -0.03058854,  0.10381442, -0.05618819]), array([ 0.06452815,  0.05923977, -0.02237333,  0.01343344]), array([0.02078236, 0.0030584 , 0.04948721, 0.03404518]), array([ 0.06301633,  0.00536108, -0.02263467, -0.01814371]), array([ 0.03969773,  0.01981155, -0.02586425, -0.06135172])]

Actions: [array([1.        , 0.88241287]), array([1.        , 0.66416183]), array([1.        , 0.91119589]), array([1.        , 0.60985488]), array([1.        , 0.92324209]), array([1.        , 0.58752075]), array([1.        , 0.92217438]), array([1.        , 0.43578012]), array([0.88499312, 1.        ]), array([1.        , 0.50926679]), array([1.        , 0.88454721]), array([1.        , 0.98901118]), array([1.        , 0.99599942]), array([0.9986612, 1.       ]), array([1.        , 0.49080861]), array([1.       , 0.4756758]), array([1.        , 0.46180609]), array([1.        , 0.44926591]), array([1.        , 0.45270433]), array([1.        , 0.44350814]), array([1.        , 0.43624644]), array([1.        , 0.26749688]), array([0.94813308, 1.        ]), array([0.91495711, 1.        ]), array([0.88613998, 1.        ]), array([0.86002217, 1.        ]), array([0.8360443, 1.       ]), array([0.81607064, 1.        ]), array([1.        , 0.55235405]), array([1.        , 0.46164228]), array([1.        , 0.24102042]), array([ 1.        , -0.73991668]), array([ 1.        , -0.92907569]), array([ 0.88380741, -1.        ]), array([0.56546005, 1.        ]), array([0.32434806, 1.        ]), array([0.24792404, 1.        ]), array([0.1830726, 1.       ]), array([-0.32255563,  1.        ]), array([0.02088933, 1.        ]), array([0.09501369, 1.        ])]
Bad
Feature: [19, 20, 4972.951640272611]

States: [array([-169.40054363,   -0.2165785 , -130.52642068,   -0.19015744]), array([-169.63247882,    0.77602274, -130.67155765,    0.69925515]), array([-168.83660906,    1.60539508, -129.96245083,    1.23077291]), array([-167.27352418,    2.29874091, -128.67052307,    1.82355422]), array([-164.96275775,    2.89067141, -126.93450701,    2.29088845]), array([-162.11357781,    3.26880256, -124.62600609,    2.6627479 ]), array([-158.82340082,    3.61454634, -121.98942873,    2.88152378]), array([-155.15823925,    3.89055175, -119.18404694,    3.11548833]), array([-151.21232075,    4.06062706, -116.00435828,    3.26722694]), array([-147.13496355,    4.21227072, -112.6633598 ,    3.38616445]), array([-142.91869573,    4.44407283, -109.32697506,    3.45383714]), array([-138.43967415,    4.55143434, -105.81342329,    3.55333804]), array([-133.88929713,    4.67654834, -102.15974792,    3.67915013]), array([-129.25109472,    4.78911088,  -98.54088928,    3.68539229]), array([-124.38868823,    4.82030599,  -94.95415064,    3.68297035]), array([-119.54542817,    4.90512691,  -91.25233629,    3.64835646]), array([-114.62212745,    4.97358964,  -87.53494721,    3.72843584]), array([-109.5193558 ,    4.98215204,  -83.88286194,    3.72360207]), array([-104.6120982 ,    4.99295272,  -80.18880203,    3.81585535]), array([-99.64489725,   5.02964495, -76.44023059,   3.79981416]), array([-94.58564482,   5.00767225, -72.65367385,   3.77461869]), array([-89.54447767,   4.98231321, -68.93560437,   3.71769572]), array([-84.57275842,   4.96368569, -65.30082262,   3.72835125]), array([-79.62488275,   5.06836657, -61.58689132,   3.75949507]), array([-74.48157677,   5.03163197, -57.86579582,   3.74959265]), array([-69.44573139,   5.01591697, -54.00622737,   3.80663408]), array([-64.45535447,   4.91786946, -50.28354537,   3.84092979]), array([-59.55675503,   4.8876875 , -46.44220968,   3.85688312]), array([-54.65578921,   4.89310295, -42.55404898,   3.89302778]), array([-49.7898305 ,   4.90786576, -38.73647486,   3.88841118]), array([-44.86137846,   4.92932405, -34.80382222,   3.82493863]), array([-39.99362788,   4.87008725, -31.01891367,   3.82449493]), array([-35.08304509,   4.94338608, -27.19803135,   3.85050451]), array([-30.13761029,   4.94861234, -23.34132545,   3.88781665]), array([-25.20673544,   4.98955754, -19.46982165,   3.9175781 ]), array([-20.25154326,   4.98109594, -15.62308742,   3.96619296]), array([-15.27031324,   5.01620726, -11.62071575,   3.97797039]), array([-10.22897715,   5.02210211,  -7.63487106,   3.95470547]), array([-5.26180017,  4.96892682, -3.7161819 ,  4.00569515]), array([-0.06688333, -0.0220606 ,  0.02688482, -0.07870887]), array([ 0.07071484,  0.07284955,  0.06813307, -0.02002262]), array([ 0.0397807 ,  0.01582844, -0.07904721,  0.08933359]), array([-0.03494802,  0.07841616,  0.04269681,  0.1191869 ]), array([-0.01873664, -0.02308974, -0.04074484, -0.03824421]), array([-0.03066428,  0.02091576,  0.0752622 ,  0.04120051]), array([ 0.06205049, -0.02603403,  0.02823204,  0.06768197]), array([-0.08345306,  0.03307498, -0.06788547,  0.0861498 ]), array([ 0.03374804,  0.04376646,  0.01193954, -0.00017007]), array([0.06106914, 0.09588541, 0.00479225, 0.01702272]), array([ 0.04831747,  0.0344213 , -0.09616437, -0.0363551 ]), array([ 0.02616047, -0.00911739, -0.05302713, -0.06449391]), array([-0.01739984, -0.02155627,  0.03762853, -0.0035659 ]), array([0.06301735, 0.05473584, 0.05726248, 0.03966393]), array([ 0.01412468,  0.03612406, -0.02523304,  0.03591473]), array([0.07312484, 0.03947025, 0.00102837, 0.03328841]), array([ 0.01870319,  0.05401134,  0.09139601, -0.02400819]), array([ 0.01136355, -0.0111785 ,  0.03555314,  0.07218344]), array([ 0.0639762 ,  0.01566601, -0.06025139,  0.04480957]), array([ 0.04638523, -0.02971141,  0.02440106,  0.02243528]), array([ 0.05717796,  0.01425125, -0.01040678,  0.00999577]), array([-0.01456173, -0.05695618, -0.04308233, -0.02627512]), array([-0.04005652,  0.01570008,  0.07382646, -0.03673929]), array([ 0.03323135, -0.06322715,  0.0419817 , -0.08244361]), array([-0.06292064, -0.0571487 , -0.0508062 , -0.01959894]), array([-0.11641141, -0.12204438, -0.03018028, -0.02676687]), array([ 0.00278362, -0.09240721, -0.10236368, -0.01155163]), array([0.01323473, 0.05808317, 0.00139697, 0.0225782 ]), array([ 0.02527527, -0.05978684, -0.02684145,  0.06741036]), array([ 0.02626484, -0.08370955, -0.06312671,  0.00609998]), array([-0.01264783, -0.05950315,  0.01303094,  0.06586382]), array([-0.01182065,  0.0593597 ,  0.06500467,  0.02754742]), array([-0.0252624 ,  0.01540792,  0.04187743, -0.10106789]), array([-0.00932689, -0.03791418,  0.02057512, -0.03221138]), array([-0.00848758,  0.00792155,  0.04465177, -0.0213613 ]), array([-0.09568219,  0.02981662, -0.02246258, -0.0195037 ]), array([0.0274596 , 0.02262112, 0.0709164 , 0.03874868]), array([-0.03686784,  0.05138893,  0.1049246 ,  0.0614051 ]), array([-0.02569415,  0.07759176, -0.03125285, -0.05904284]), array([ 0.00838406, -0.01060721,  0.00478275,  0.0325112 ]), array([-0.05505166, -0.03502684,  0.0090279 , -0.00903049]), array([ 0.00992514, -0.06331315, -0.02444056, -0.02523381]), array([-0.09205569, -0.00320132, -0.00910451, -0.03013131]), array([ 0.05386886, -0.03949418, -0.01738128, -0.02766064]), array([-0.00586234,  0.00373231,  0.01807753, -0.04478085]), array([-0.02789892, -0.03904657,  0.01964715,  0.03812918]), array([-0.01362129, -0.01603208,  0.09039302, -0.03481441]), array([-0.05323742,  0.02179076,  0.0042728 , -0.01430243]), array([-0.05491636,  0.00487797,  0.03326629, -0.01266238]), array([ 0.02730681, -0.06557787,  0.01081566, -0.05456953]), array([ 0.01935505,  0.02697238, -0.08664131, -0.00544021]), array([-0.06646269, -0.02476511, -0.04822239,  0.02660815]), array([-0.00333419,  0.04087931,  0.04391722, -0.07153301]), array([0.02579401, 0.07143257, 0.02036651, 0.04543652]), array([ 0.00764974, -0.05362513, -0.03946463, -0.0234038 ]), array([ 0.01895986, -0.02240607,  0.09843316,  0.04824623]), array([0.01784401, 0.00824191, 0.07266495, 0.06565581]), array([-0.01650405, -0.01005192,  0.03649899,  0.02456307]), array([ 0.01375557, -0.02711907,  0.01848397, -0.00562877]), array([0.07382677, 0.05795094, 0.03973177, 0.00396965]), array([ 0.01371219,  0.0476213 , -0.02805973,  0.13822556])]

Actions: [array([1.        , 0.74261833]), array([1.        , 0.74246045]), array([1.        , 0.77281902]), array([1.     , 0.77232]), array([1.        , 0.77261314]), array([1.        , 0.77195579]), array([1.        , 0.77135051]), array([1.        , 0.77148979]), array([1.        , 0.77059959]), array([1.        , 0.76925583]), array([1.        , 0.76860942]), array([1.        , 0.76810052]), array([1.        , 0.76692482]), array([1.        , 0.76645088]), array([1.        , 0.76756833]), array([1.        , 0.76769878]), array([1.        , 0.76823718]), array([1.        , 0.77066374]), array([1.        , 0.77149536]), array([1.        , 0.77232644]), array([1.        , 0.77359132]), array([1.       , 0.7755996]), array([1.        , 0.77818708]), array([1.        , 0.77988048]), array([1.        , 0.78372605]), array([1.        , 0.78496416]), array([1.        , 0.78793934]), array([1.       , 0.7882445]), array([1.        , 0.78779486]), array([1.        , 0.78810633]), array([1.       , 0.7870474]), array([1.        , 0.78817687]), array([1.        , 0.78955141]), array([1.        , 0.79109456]), array([1.        , 0.79221424]), array([1.        , 0.79593324]), array([1.        , 0.79361203]), array([1.        , 0.79495594])]