
Good
Feature: [22, 22, 5626.804698586162]

States: [array([-167.43018548,   -0.16969433, -130.54437156,   -1.65428142]), array([-167.54876669,    0.84526183, -132.22045879,   -0.45803321]), array([-166.72938477,    1.52877961, -132.68163346,    0.66497657]), array([-165.29808889,    2.16482655, -132.03438709,    1.42241681]), array([-163.20538748,    2.63882094, -130.5640185 ,    2.00498663]), array([-160.65526133,    3.10076907, -128.47011555,    2.40176907]), array([-157.49750161,    3.53743671, -125.9859143 ,    2.7172197 ]), array([-153.90131512,    3.50055189, -123.26667686,    3.22280392]), array([-150.40775771,    3.35419706, -120.07538782,    3.55612287]), array([-147.04696059,    3.16098322, -116.48170284,    3.84679339]), array([-143.88622785,    3.53896012, -112.65216285,    3.2267861 ]), array([-140.34800644,    3.82700406, -109.50386297,    2.66724223]), array([-136.42644273,    3.64884975, -106.83532385,    3.1556283 ]), array([-132.72785925,    3.45932787, -103.67118557,    3.57891526]), array([-129.27561672,    3.23049806,  -99.97517065,    3.85571556]), array([-126.03159835,    3.00742903,  -96.06142755,    4.10784837]), array([-123.02546886,    3.44664363,  -91.9600443 ,    4.29230352]), array([-119.64721804,    3.81640718,  -87.68983558,    4.39790158]), array([-115.85446445,    4.07406564,  -83.34771801,    3.62118079]), array([-111.76990332,    4.18609259,  -79.77108053,    2.89110822]), array([-107.59410194,    4.39203692,  -76.88313015,    2.16187723]), array([-103.18328286,    4.5056009 ,  -74.65699579,    1.52947576]), array([-98.68702461,   4.69548939, -73.08513758,   0.91378248]), array([-93.99607867,   4.73617624, -72.17512262,   0.33316965]), array([-8.92929320e+01,  4.83181245e+00, -7.18093671e+01,  7.81835622e-03]), array([-84.46411028,   4.83843451, -71.78143948,   0.73932286]), array([-79.66521088,   4.85052593, -71.01954716,   1.38793989]), array([-74.87836796,   4.93976735, -69.65485998,   1.99987052]), array([-69.83861371,   5.00859759, -67.75258127,   2.62121429]), array([-64.79561333,   4.87700194, -65.11557909,   3.09208852]), array([-59.85613156,   4.98034338, -62.00088654,   3.39908386]), array([-54.93357046,   4.99370598, -58.62965489,   3.7031597 ]), array([-49.8776409 ,   4.85560042, -54.83919911,   4.05406527]), array([-45.05389293,   4.73854661, -50.82925312,   4.25265517]), array([-40.29718677,   4.56248091, -46.5550521 ,   4.30502752]), array([-35.75421048,   4.32152517, -42.18404279,   4.46482894]), array([-31.42913101,   4.13468056, -37.73475619,   4.5865265 ]), array([-27.30909915,   4.12336815, -33.21657772,   4.61046325]), array([-23.18661675,   4.145047  , -28.65278913,   4.74188385]), array([-19.08225224,   4.10000327, -23.94826152,   4.79713428]), array([-14.93519826,   3.86295524, -19.12515319,   4.72107535]), array([-11.03326735,   3.58785489, -14.41903658,   4.80321188]), array([-7.49964447,  2.65947068, -9.63770152,  4.92467284]), array([-4.81640127,  2.17630101, -4.71527648,  4.84533025]), array([ 0.05290579, -0.05238682, -0.11604166, -0.03243027]), array([ 0.01006421,  0.0552603 , -0.07050875,  0.0728619 ]), array([ 0.00526556, -0.09964709,  0.04013529,  0.1148403 ]), array([ 0.00633389,  0.02940649, -0.0998079 ,  0.01247228]), array([-0.0187644 , -0.05440278, -0.06700247,  0.04213608]), array([-0.02006539, -0.0577318 ,  0.11720173,  0.03114594]), array([ 0.01042759, -0.02438369, -0.00099419,  0.04660524]), array([-0.0008653 ,  0.00652852,  0.01906769,  0.01593867]), array([ 0.03461378, -0.02718647, -0.01830913,  0.00125689]), array([-0.04052304, -0.11310247,  0.02818512,  0.0727392 ]), array([-0.03043683, -0.01661556,  0.01493453, -0.03032649]), array([-0.02088978,  0.03764592, -0.051047  , -0.04766242]), array([ 0.04855775,  0.06246277, -0.05265079,  0.01308912]), array([-0.01870675, -0.06851983, -0.00110578, -0.02783195]), array([ 0.01709039, -0.05657788, -0.00324391, -0.06225937]), array([ 0.14727063, -0.0186489 ,  0.04949804, -0.02091459]), array([ 0.0721605 , -0.00976539, -0.03093949,  0.04493693]), array([-0.07992557,  0.07260661, -0.04996062, -0.00730696]), array([-0.08981937, -0.03159202,  0.00114053, -0.0321583 ]), array([-0.04682339,  0.0187461 , -0.0368498 ,  0.03134427]), array([0.01056533, 0.00430979, 0.01132146, 0.03365592]), array([-0.11047033,  0.06853556, -0.01975393,  0.10703534]), array([-0.0065386 , -0.0058292 , -0.00207223,  0.07049736]), array([-0.06558349, -0.01565277,  0.04444429,  0.03842232]), array([-0.00149177, -0.04124506, -0.0002663 , -0.01470995]), array([ 8.95839990e-05,  9.36179226e-02, -4.30999972e-02, -3.68600798e-02]), array([-0.00490075, -0.04462184,  0.02082096, -0.0194308 ]), array([ 0.03961875,  0.03428503, -0.00264644,  0.05045832]), array([ 0.05198604, -0.04026763,  0.03482295,  0.02146286]), array([ 0.06554731,  0.02597372,  0.00157656, -0.00350153]), array([-0.03142035,  0.06456775, -0.05357711, -0.01830723]), array([-0.05838105,  0.03658793, -0.02540469,  0.04449685]), array([0.00439693, 0.10328813, 0.08830375, 0.03699356]), array([-0.04403364, -0.02525707, -0.05173375, -0.02396642]), array([ 0.0939693 , -0.04092898, -0.04396756, -0.02969599]), array([-0.04338698,  0.05424384, -0.00089539,  0.00992241]), array([ 0.03006891, -0.0019474 , -0.02022296, -0.02462465]), array([0.04329607, 0.02894079, 0.00466447, 0.06621598]), array([-0.02581998, -0.06256214,  0.07690325, -0.05975987]), array([ 0.0473345 , -0.074331  ,  0.04211146, -0.03153477]), array([ 0.01854086,  0.0042898 ,  0.02121152, -0.03672756]), array([ 0.01587662,  0.04682918, -0.00217334, -0.04740957]), array([ 0.07769398, -0.04955547,  0.01777272, -0.01772385]), array([-0.0088109 , -0.0193905 , -0.01341086,  0.06432444]), array([-0.10867057,  0.00792604,  0.01267503, -0.03040426]), array([-0.02175563, -0.08072401,  0.03124606,  0.05718486]), array([-0.04529784,  0.03148178, -0.01754666,  0.02789633]), array([-0.09248694,  0.03893646,  0.01174798, -0.01346985]), array([-0.11521945, -0.0042139 , -0.03378445,  0.01331893]), array([0.00751239, 0.06554295, 0.0120194 , 0.02692352]), array([-0.00620079, -0.03288413, -0.02405337, -0.01276515]), array([-0.00841591,  0.03605813, -0.07650545, -0.00035197]), array([-0.10029528, -0.09495134, -0.05252353, -0.01040147]), array([ 0.00418577, -0.01955716,  0.03803762, -0.00016862]), array([ 0.03028831,  0.0158195 , -0.03905293,  0.02876885]), array([-0.08912433,  0.07154132, -0.07016402,  0.07372563])]

Actions: [array([0.98556185, 1.        ]), array([0.90919285, 1.        ]), array([1.        , 0.98347856]), array([1.        , 0.82315369]), array([1.        , 0.76292724]), array([1.        , 0.75813546]), array([0.60397792, 1.        ]), array([0.55362465, 1.        ]), array([0.50513469, 1.        ]), array([1.        , 0.19408554]), array([1.        , 0.10854199]), array([0.59559696, 1.        ]), array([0.55281539, 1.        ]), array([0.51485223, 1.        ]), array([0.48233975, 1.        ]), array([0.95590009, 1.        ]), array([0.98403863, 1.        ]), array([1.        , 0.11020106]), array([1.        , 0.01605397]), array([ 1.        , -0.07733405]), array([ 1.        , -0.17340866]), array([ 1.       , -0.2765117]), array([ 1.        , -0.39135089]), array([ 1.        , -0.28747061]), array([1.        , 0.74244875]), array([1.        , 0.82742113]), array([1.        , 0.91399526]), array([0.99278908, 1.        ]), array([0.88984164, 1.        ]), array([1.        , 0.99020217]), array([0.95946314, 1.        ]), array([0.9070429, 1.       ]), array([0.85009859, 1.        ]), array([0.79211256, 1.        ]), array([0.72399048, 1.        ]), array([0.63650295, 1.        ]), array([0.8519708, 1.       ]), array([0.83121029, 1.        ]), array([0.79238495, 1.        ]), array([0.6361215, 1.       ]), array([0.48159196, 1.        ]), array([-0.23693795,  1.        ]), array([0.12996184, 1.        ])]
Bad
Feature: [18, 22, 5198.5988949064995]

States: [array([-1.71413826e+02, -1.08304216e+00, -1.29882473e+02,  1.17390491e-01]), array([-1.72425356e+02,  1.11089827e-01, -1.29743661e+02,  8.06115237e-01]), array([-172.25236174,    1.12648769, -128.89237998,    1.35417445]), array([-171.12200913,    1.85410874, -127.517702  ,    1.8564558 ]), array([-169.28332422,    2.41491096, -125.70744014,    2.28744751]), array([-166.89291859,    2.94687   , -123.43060536,    2.67318788]), array([-163.84522205,    3.33187507, -120.72645735,    2.81212457]), array([-160.55506761,    3.62700469, -117.97265411,    3.07874451]), array([-157.03945993,    3.87647908, -114.8895691 ,    3.1696327 ]), array([-153.0958414 ,    4.07120702, -111.71145757,    3.28616393]), array([-149.03524355,    4.28526843, -108.38775779,    3.41900316]), array([-144.71591751,    4.39069786, -104.99719774,    3.51365248]), array([-140.32361762,    4.56548397, -101.50099436,    3.63729914]), array([-135.81731717,    4.66324506,  -97.8999928 ,    3.65988415]), array([-131.19740434,    4.72149048,  -94.19623446,    3.63308372]), array([-126.41908668,    4.78571582,  -90.59202918,    3.63661748]), array([-121.61146448,    4.72758052,  -86.99064964,    3.55156827]), array([-116.89530923,    4.8108359 ,  -83.33165269,    3.47658668]), array([-111.99843328,    4.84025012,  -79.82937482,    3.53828849]), array([-107.08861766,    4.82756614,  -76.35470208,    3.50392014]), array([-102.24005814,    4.80681206,  -72.83642333,    3.5550486 ]), array([-97.41687746,   4.81721704, -69.24588103,   3.67863494]), array([-92.68151339,   4.82299238, -65.49932363,   3.66685148]), array([-87.92807061,   4.83595007, -61.83420549,   3.74072647]), array([-83.06304193,   4.98743766, -58.07781554,   3.80402533]), array([-78.02625978,   4.99535356, -54.31736059,   3.74186104]), array([-72.98855084,   4.9362304 , -50.64164219,   3.7488187 ]), array([-68.00182323,   4.95709509, -46.89417103,   3.71944967]), array([-63.0260692 ,   4.9092262 , -43.29807121,   3.68763164]), array([-58.03536828,   4.85413877, -39.59312625,   3.69893942]), array([-53.20214261,   4.91730589, -35.83412443,   3.69661659]), array([-48.22445658,   4.98344178, -32.15708432,   3.68196502]), array([-43.2364823 ,   4.98628408, -28.46477251,   3.56213954]), array([-38.20646831,   4.94048319, -24.91961614,   3.5953587 ]), array([-33.2273375 ,   4.96940367, -21.22329657,   3.5910498 ]), array([-28.2180142 ,   4.95410876, -17.63523352,   3.6458773 ]), array([-23.26422939,   5.00814381, -13.9903686 ,   3.61299411]), array([-18.28062457,   4.94975806, -10.33047443,   3.50624198]), array([-13.38836729,   4.98999984,  -6.85167214,   3.50226354]), array([-8.34286688,  4.98600154, -3.30212494,  3.44266238]), array([-0.03773742, -0.08900792, -0.02258513,  0.04182007]), array([-0.05506807,  0.01695589, -0.03270442, -0.02958941]), array([ 0.00712311,  0.06615627,  0.05546096, -0.02370624]), array([-0.0657045 , -0.02377272, -0.06475398, -0.00587512]), array([-0.0393179 ,  0.02831014, -0.02838485,  0.03785624]), array([0.01761874, 0.02355164, 0.08317416, 0.04147619]), array([-0.01681105,  0.00596168, -0.03840166,  0.06320305]), array([-0.11208608,  0.03925236,  0.00520403, -0.03443246]), array([-0.00239788, -0.00954238, -0.01836746,  0.07450619]), array([ 0.02267862,  0.02013826,  0.07663209, -0.04871137]), array([ 0.00582163, -0.01707919, -0.0472417 , -0.07629775]), array([ 0.05952007, -0.06667918, -0.01727103,  0.02546929]), array([-0.00236666, -0.0157299 , -0.00260558,  0.05540268]), array([-0.02349304, -0.04626494,  0.03714313, -0.00106379]), array([-0.14564205, -0.02324552,  0.05058971, -0.11791311]), array([-0.01630813,  0.03404808,  0.01495827,  0.00163971]), array([-0.02482039,  0.10525475, -0.11687778,  0.00856252]), array([-0.03819138, -0.06970654,  0.01384571, -0.03144155]), array([-0.05337597,  0.05054279, -0.00295806,  0.0085818 ]), array([ 0.042603  , -0.09206532,  0.06311006, -0.00963363]), array([0.01673335, 0.00167786, 0.01685686, 0.05822551]), array([-0.02098068, -0.00588349,  0.07242247, -0.06275673]), array([ 0.01371934, -0.04339302,  0.02410665,  0.0322606 ]), array([-0.02111917,  0.0300795 , -0.05296004, -0.02633247]), array([-0.06852024, -0.05999602, -0.03653479, -0.04820805]), array([0.05825646, 0.0101753 , 0.00311463, 0.06617051]), array([ 0.02924849, -0.05042097, -0.12235047,  0.05926992]), array([-0.00234196, -0.03629316, -0.00297904,  0.02867778]), array([-0.02606627,  0.12996118,  0.0719077 ,  0.0593197 ]), array([ 0.05596915,  0.01231052, -0.00229978, -0.05131059]), array([-0.03301741, -0.04628227, -0.00758741,  0.03896983]), array([0.0606814 , 0.03152051, 0.03935992, 0.03488394]), array([-0.04078687,  0.05235029,  0.01599654, -0.09842119]), array([-0.14136336,  0.00199109, -0.07265   , -0.07738843]), array([-0.0172169 ,  0.09203469, -0.05969297,  0.00340762]), array([ 0.04257393, -0.06690733, -0.07545815,  0.0244486 ]), array([0.0544799 , 0.01238595, 0.04375492, 0.01323309]), array([ 0.00119107, -0.03556705, -0.02967715, -0.01324351]), array([ 0.03867285, -0.02315151, -0.05933648,  0.0126381 ]), array([-0.0190914 ,  0.01508798,  0.00493581, -0.02796786]), array([ 0.05930457, -0.00107553,  0.00233668, -0.0203818 ]), array([0.02944652, 0.03335004, 0.04571787, 0.01123407]), array([ 0.02722555,  0.09832999,  0.00052417, -0.04428991]), array([-0.05501654,  0.0750721 , -0.041222  ,  0.09543154]), array([ 0.08075208, -0.06460605, -0.04370979, -0.06506602]), array([-0.00985721,  0.0296916 , -0.00905122, -0.08200454]), array([ 0.02660546,  0.02264014, -0.05258786,  0.0952596 ]), array([ 0.03181671, -0.00307328, -0.0163643 , -0.05252359]), array([ 0.01156712,  0.00437357, -0.05929083, -0.0031111 ]), array([ 0.07345565,  0.04647666,  0.00416869, -0.07636586]), array([ 0.02295836, -0.01207285, -0.11244028, -0.09384419]), array([-0.07773864,  0.03100733, -0.06795154,  0.02833698]), array([ 0.06945553, -0.08546723,  0.06328262,  0.03022494]), array([ 0.05091879, -0.04371863, -0.05454271,  0.00419853]), array([-0.05583403, -0.03662152, -0.05147488,  0.02101555]), array([ 0.12478803,  0.08663209, -0.02736812, -0.00535069]), array([ 0.04865491,  0.02588148, -0.0592196 ,  0.04797457]), array([ 0.05201058,  0.06854539, -0.06075994, -0.06187457]), array([ 0.00645399, -0.02509978, -0.02959944,  0.0738052 ]), array([ 0.18926224,  0.01184337, -0.00271922, -0.09992105])]

Actions: [array([1.        , 0.76873197]), array([1.        , 0.76346276]), array([1.        , 0.75932331]), array([1.       , 0.7563318]), array([1.        , 0.75387474]), array([1.       , 0.7510552]), array([1.        , 0.74854421]), array([1.        , 0.74674857]), array([1.        , 0.74386075]), array([1.        , 0.74227843]), array([1.        , 0.74022162]), array([1.        , 0.73889952]), array([1.        , 0.73713148]), array([1.        , 0.73509764]), array([1.       , 0.7327789]), array([1.        , 0.73197557]), array([1.        , 0.73130688]), array([1.        , 0.72953271]), array([1.        , 0.73015085]), array([1.        , 0.73116607]), array([1.        , 0.73142465]), array([1.        , 0.73079024]), array([1.       , 0.7277533]), array([1.        , 0.72545197]), array([1.        , 0.72276679]), array([1.        , 0.72125725]), array([1.       , 0.7206902]), array([1.        , 0.71848014]), array([1.       , 0.7181528]), array([1.        , 0.71612248]), array([1.        , 0.71067728]), array([1.        , 0.70787113]), array([1.        , 0.70426115]), array([1.        , 0.70419281]), array([1.        , 0.69871886]), array([1.        , 0.69575842]), array([1.        , 0.68775123]), array([1.        , 0.67599687]), array([1.        , 0.66446137])]