
Good
Feature: [21, 20, 4959.732631977961]

States: [array([-170.24951166,    0.26824944, -129.38628877,   -1.09829015]), array([-1.69894976e+02,  1.20396009e+00, -1.30553515e+02, -2.32581924e-02]), array([-168.74137539,    2.02606214, -130.55847438,    1.02778363]), array([-166.74098079,    2.68639429, -129.61853612,    1.74652555]), array([-163.99477121,    3.20343794, -127.84429315,    2.31812587]), array([-160.83321146,    3.64869178, -125.42060386,    2.72755843]), array([-157.22552781,    3.93077372, -122.72728885,    3.15213903]), array([-153.3835522 ,    4.15997758, -119.53874843,    3.47405203]), array([-149.29937627,    4.29211604, -116.07334316,    3.73661653]), array([-145.08203045,    4.42136351, -112.33130322,    3.97889918]), array([-140.68578359,    4.57571284, -108.37739395,    4.18015616]), array([-136.09408512,    4.5562577 , -104.24340306,    4.40183394]), array([-131.45201856,    4.63460214,  -99.88828681,    4.45305038]), array([-126.76257934,    4.82097185,  -95.33167143,    4.48132643]), array([-121.9311171 ,    4.88087663,  -90.77081897,    4.10372492]), array([-117.04161634,    4.87282012,  -86.63136173,    3.85146701]), array([-112.17278293,    4.91339441,  -82.84024548,    3.60819034]), array([-107.15123276,    5.02066585,  -79.24503134,    3.33197235]), array([-102.14993689,    5.05049802,  -75.85144021,    3.15971879]), array([-97.03700734,   4.9693334 , -72.61413993,   2.99774589]), array([-92.01105609,   4.91931076, -69.5301776 ,   2.78239537]), array([-87.02159536,   4.74274409, -66.75123461,   3.20513307]), array([-82.25772112,   4.59760241, -63.5890082 ,   3.58966159]), array([-77.73516988,   4.49847919, -60.02459194,   3.87496034]), array([-73.29621004,   4.25054472, -56.15185085,   4.14643226]), array([-69.04123209,   4.15288607, -52.05905255,   4.30941409]), array([-64.88507527,   4.13228877, -47.76184478,   4.47219571]), array([-60.66560235,   4.07432616, -43.35228422,   4.63058773]), array([-56.52166966,   3.94744153, -38.63640224,   4.71632274]), array([-52.51287074,   3.84815795, -33.93232016,   4.7776885 ]), array([-48.75000447,   3.68328975, -29.14130283,   4.83086109]), array([-45.02659377,   3.67446359, -24.36417735,   4.92892373]), array([-41.37176746,   3.91059012, -19.31447228,   4.27490586]), array([-37.42806734,   4.19637953, -15.09810002,   3.67036125]), array([-33.205438  ,   4.28998011, -11.44703097,   3.07349861]), array([-28.89918759,   4.41176248,  -8.33378114,   2.47911511]), array([-24.45594261,   4.50865749,  -5.88828126,   1.95941795]), array([-20.00438289,   4.59109424,  -3.99425189,   1.5476526 ]), array([-15.42014212,   4.63854803,  -2.37817047,   1.13721899]), array([-10.79505214,   4.65997481,  -1.29825619,   0.67548544]), array([-6.12589958,  4.75116617, -0.66046061,  0.25546975]), array([ 0.02843346, -0.02953894, -0.00938969,  0.02881255]), array([0.01261074, 0.01410955, 0.00660506, 0.06559622]), array([-0.02793144,  0.04799084, -0.07428325,  0.02281285]), array([-0.00548439,  0.02954094, -0.04445097, -0.05231115]), array([ 0.03559017,  0.08696355,  0.03651647, -0.00928869]), array([-0.01973604,  0.0329205 ,  0.02647164,  0.04429017]), array([-0.0022864 , -0.07806394,  0.03604084, -0.05400791]), array([-0.04286542, -0.0398961 , -0.00408949, -0.04167595]), array([ 0.02485838,  0.03633669, -0.01462552,  0.01470689]), array([-0.01582828,  0.02340876,  0.00672404, -0.00568073]), array([ 0.01055681,  0.04094621, -0.07804235,  0.04239581]), array([ 0.00622206, -0.03704337, -0.01045505,  0.04941463]), array([ 0.00726753,  0.11283794,  0.00890429, -0.05974131]), array([ 0.04558959, -0.07360433,  0.01323811,  0.0542339 ]), array([-0.04489809, -0.07507183, -0.01333762,  0.05611659]), array([-0.07334506, -0.05099795,  0.03180484, -0.0729713 ]), array([-0.05634208,  0.09340176, -0.05187641,  0.10637423]), array([ 0.09090296, -0.02128395,  0.03362069, -0.05137381]), array([ 0.03384313, -0.04904656, -0.02571899, -0.05524737]), array([-0.08382519,  0.04803393,  0.01144584,  0.03618496]), array([ 0.07199841, -0.056032  ,  0.01509414, -0.02120092]), array([ 0.05048242,  0.03835979,  0.05790979, -0.02073255]), array([ 0.00054743, -0.00287812, -0.01067678, -0.05374431]), array([ 0.01268389,  0.09645221, -0.05476059,  0.11114474]), array([-0.060114  ,  0.06379523, -0.04251372,  0.09056424]), array([ 0.02622077,  0.01948336, -0.04115179,  0.02798057]), array([ 0.04349152,  0.05416888, -0.00674271,  0.05694904]), array([-0.03193161,  0.04066522, -0.03760191, -0.02367871]), array([ 0.107994  , -0.06480563,  0.00687514,  0.00616309]), array([-0.00984721, -0.09457086,  0.03091894,  0.08032872]), array([-0.04480855,  0.0833869 , -0.04659668,  0.00709586]), array([ 0.03031961, -0.00849646,  0.02417177,  0.0451999 ]), array([-0.1365009 , -0.0709718 ,  0.06883226,  0.04319869]), array([-0.09094763, -0.01543877, -0.01639966, -0.0135569 ]), array([-0.00878369, -0.0533669 ,  0.11821305, -0.0474756 ]), array([-0.00500063,  0.04149979,  0.04447276, -0.03061539]), array([ 0.01344825, -0.07935998,  0.03440759, -0.01593808]), array([ 0.05578459,  0.07388726,  0.02422454, -0.0027555 ]), array([ 0.02069636,  0.06428261,  0.01899453, -0.00126999]), array([ 0.01802731, -0.03612006,  0.05702056,  0.02783606]), array([ 0.03032347,  0.02309194, -0.02849645, -0.01894892]), array([-0.06481003, -0.04524701,  0.01788165, -0.08207778]), array([-0.09599797,  0.01436356, -0.01493018,  0.09463683]), array([ 0.01004897, -0.03645441, -0.00726771,  0.09808945]), array([ 0.05108524,  0.01587529, -0.02085573,  0.0418908 ]), array([ 0.02087224,  0.02322128,  0.0448669 , -0.00746533]), array([-0.00941569, -0.02490317, -0.00551585, -0.06307768]), array([-0.05926603, -0.02101835,  0.04982003, -0.0189078 ]), array([-0.06414899, -0.06167321, -0.01456127, -0.02835652]), array([-0.07640684, -0.01496691, -0.06083254,  0.00784568]), array([-0.01812397,  0.03871155,  0.06614841, -0.04755164]), array([-0.0326842 ,  0.00611418, -0.00930555,  0.02167548]), array([ 0.0554579 ,  0.08740025,  0.0293075 , -0.02648765]), array([ 0.00810941,  0.03416029, -0.04771819, -0.04967949]), array([-0.00099806, -0.01741403,  0.01268789, -0.03816554]), array([-0.04110965, -0.01548658,  0.00908159, -0.00646823]), array([-0.04247885,  0.0082442 , -0.00384026, -0.0252215 ]), array([-0.00579809,  0.11894968, -0.02246154, -0.0772002 ]), array([0.00515699, 0.0580277 , 0.00467839, 0.00990836])]

Actions: [array([1.        , 0.92446721]), array([1.        , 0.93341748]), array([1.        , 0.93993883]), array([1.       , 0.9456767]), array([1.        , 0.95078297]), array([1.       , 0.9544689]), array([1.        , 0.95932828]), array([1.        , 0.96263132]), array([1.        , 0.96581462]), array([1.        , 0.96814295]), array([1.        , 0.97033625]), array([1.        , 0.97274935]), array([1.        , 0.97399713]), array([1.        , 0.55342421]), array([1.        , 0.53826898]), array([1.        , 0.52566605]), array([1.        , 0.51493229]), array([1.      , 0.505733]), array([1.        , 0.49748067]), array([1.        , 0.49051688]), array([0.80500686, 1.        ]), array([0.77935236, 1.        ]), array([0.75726937, 1.        ]), array([0.73913768, 1.        ]), array([0.72283289, 1.        ]), array([0.70883027, 1.        ]), array([0.69625727, 1.        ]), array([0.68255704, 1.        ]), array([0.6708727, 1.       ]), array([0.65941868, 1.        ]), array([0.65075614, 1.        ]), array([1.        , 0.29628053]), array([1.        , 0.22095403]), array([1.        , 0.15229421]), array([1.        , 0.08469255]), array([1.      , 0.016303]), array([ 1.        , -0.05008328]), array([ 1.       , -0.1177298]), array([ 1.        , -0.16171613]), array([ 1.        , -0.24248889])]
Bad
Feature: [19, 21, 5087.054124374229]

States: [array([-171.19228215,   -0.78824228, -128.87373196,   -0.72842358]), array([-172.02363444,    0.41392471, -129.52881634,    0.21181677]), array([-171.56032728,    1.40430912, -129.21767038,    0.90015296]), array([-170.09445226,    2.11598617, -128.33557287,    1.54557489]), array([-168.00261684,    2.68267759, -126.70328103,    1.99163216]), array([-165.19081435,    3.20360303, -124.60372954,    2.36267558]), array([-161.96540209,    3.49758152, -122.19307335,    2.67092537]), array([-158.4664122 ,    3.74310264, -119.58224404,    2.9877119 ]), array([-154.68683916,    3.94307981, -116.65283811,    3.24403648]), array([-150.6777909 ,    4.18481902, -113.38538867,    3.5265137 ]), array([-146.50041945,    4.41437668, -109.91045865,    3.72796421]), array([-142.03220297,    4.5062133 , -106.18071833,    3.78101002]), array([-137.5583649 ,    4.63257716, -102.38236879,    3.84798666]), array([-132.88573653,    4.72730612,  -98.4480205 ,    3.83959599]), array([-128.18266336,    4.75892478,  -94.50875755,    3.86774675]), array([-123.44022321,    4.86681268,  -90.59606486,    3.84161668]), array([-118.60313065,    5.01000546,  -86.76144505,    3.83677233]), array([-113.68468878,    5.11128001,  -82.93860588,    3.77020327]), array([-108.60895984,    5.14715795,  -79.12475399,    3.65656839]), array([-103.41582368,    5.11503195,  -75.36138078,    3.58359469]), array([-98.28999797,   5.0634042 , -71.7952268 ,   3.54553339]), array([-93.24480133,   5.02979018, -68.22616674,   3.67832111]), array([-88.26189212,   5.02290244, -64.59839366,   3.73524757]), array([-83.30687289,   5.0855587 , -60.93423251,   3.74350232]), array([-78.1886101 ,   4.90795942, -57.23148148,   3.72367342]), array([-73.29498606,   4.88560013, -53.42204848,   3.74553279]), array([-68.4591452 ,   4.92961967, -49.64413444,   3.7703859 ]), array([-63.63204236,   4.93652944, -45.98425847,   3.73138463]), array([-58.65054626,   4.95921561, -42.20296142,   3.68861886]), array([-53.75549117,   5.0498295 , -38.49139609,   3.64632007]), array([-48.7000529 ,   5.06237975, -34.78797345,   3.65314226]), array([-43.64615856,   5.04937682, -31.16431378,   3.61211485]), array([-38.67270413,   4.97881386, -27.54731292,   3.63676149]), array([-33.68101034,   5.04040174, -23.84320006,   3.67811058]), array([-28.57627562,   4.96578948, -20.17170658,   3.61001595]), array([-23.59382118,   4.98499318, -16.60118982,   3.60730108]), array([-18.56984623,   4.93107812, -12.90380238,   3.6224566 ]), array([-13.72563611,   4.8884005 ,  -9.19148644,   3.57630083]), array([-8.81942777,  4.9242593 , -5.5857468 ,  3.61499027]), array([-3.82269111,  4.88658331, -1.91028216,  3.61874059]), array([-0.00261489,  0.01495991,  0.01106392, -0.01403083]), array([0.02228899, 0.13880575, 0.08646148, 0.06607494]), array([ 0.0488027 , -0.10366254,  0.01587719, -0.06434872]), array([-0.05222174, -0.0775474 , -0.01775783,  0.03163764]), array([ 0.11655616, -0.03723259,  0.03494926, -0.02490946]), array([-0.07106956,  0.07619802, -0.05014727, -0.01923266]), array([ 0.07383441, -0.00974294,  0.02794146, -0.03701114]), array([ 0.09772605,  0.044317  ,  0.04631474, -0.05052364]), array([ 0.08789041, -0.03982329, -0.01627579,  0.05549173]), array([-0.05370485, -0.00939878, -0.01278514,  0.06387113]), array([-0.00651764, -0.0093535 ,  0.04048133, -0.02779246]), array([ 0.01905094, -0.00099972,  0.10690615,  0.01459187]), array([ 0.00623688, -0.01686916,  0.00594852,  0.0296786 ]), array([ 0.05599709, -0.04181848, -0.04364016,  0.03817236]), array([ 0.00892435,  0.07265337, -0.0353038 , -0.00631016]), array([-0.07753632, -0.03892389, -0.07318721, -0.08287027]), array([-0.0393747 ,  0.0152063 , -0.04178756,  0.08657849]), array([-0.02037299, -0.02644891,  0.04959662, -0.05717038]), array([ 0.00837115, -0.06865852,  0.03166411,  0.11878497]), array([-0.03464874, -0.05518749, -0.00154835, -0.00528363]), array([ 0.07620323,  0.06623431, -0.00624525, -0.04193167]), array([ 0.03775352, -0.0971352 , -0.00606538, -0.02008523]), array([-0.01750884, -0.05507397, -0.04123545,  0.00799791]), array([-0.01311852, -0.03566555, -0.0239413 , -0.00934979]), array([ 0.01664342,  0.04048577, -0.0418941 ,  0.12659228]), array([-0.06636309,  0.04477099,  0.03283293, -0.0314559 ]), array([-0.00685048, -0.09716361, -0.06247698, -0.01485955]), array([-0.10682703, -0.0016294 ,  0.00762948,  0.06195272]), array([-0.01177011,  0.02275434, -0.05062966, -0.02493667]), array([-7.88732803e-03,  3.84594076e-05,  3.77389529e-02, -1.74760372e-02]), array([-0.06193483, -0.01775169, -0.07868204, -0.05363299]), array([-0.06404084, -0.05248802, -0.00986323, -0.02038914]), array([ 0.04464057,  0.01530609, -0.02763852,  0.01970398]), array([ 0.00809389,  0.04580233, -0.02513558, -0.01835162]), array([-0.07844661,  0.07024758,  0.03543594,  0.02689678]), array([-0.04099187, -0.00874887,  0.01471177, -0.02909637]), array([-0.0275215 ,  0.0195424 , -0.07729897, -0.02855704]), array([ 0.04923031,  0.00206752,  0.01750081, -0.00334057]), array([ 0.14413421,  0.00041589,  0.0197144 , -0.05019918]), array([ 0.09193058, -0.03376318,  0.05092807,  0.04474548]), array([-0.06713139,  0.0617476 , -0.03956195, -0.03780254]), array([-0.00948309, -0.06246773, -0.02808177, -0.12661053]), array([ 0.07795339,  0.11494107,  0.03277164, -0.07287419]), array([0.01784255, 0.00376351, 0.04906353, 0.00602258]), array([-0.06863737,  0.03783966, -0.03128235, -0.03180776]), array([-0.01118388, -0.05412513, -0.00415749, -0.05122783]), array([-0.01010928, -0.03184481, -0.00434449,  0.07070622]), array([-0.08655534,  0.04000199, -0.0063115 ,  0.04194403]), array([-0.00737157,  0.03822395, -0.0380415 ,  0.02655909]), array([-0.0765029 ,  0.04329744,  0.03464855, -0.08875431]), array([ 0.09169467,  0.02892335, -0.00960481,  0.02579517]), array([ 0.00643112, -0.0032594 ,  0.03898399, -0.00897043]), array([-0.02015161,  0.07484209, -0.01417409,  0.02296629]), array([ 0.04724905, -0.01680437, -0.03462544,  0.04288971]), array([0.00403987, 0.04104627, 0.02421452, 0.08106996]), array([-0.06681623, -0.0098261 ,  0.09038901,  0.03926917]), array([0.04078119, 0.00241105, 0.04130055, 0.03276928]), array([-7.99822517e-02, -6.88997068e-02, -3.27990955e-03, -6.50681367e-05]), array([-0.09668182, -0.0529677 , -0.01967471, -0.00979663]), array([ 0.02603658, -0.06906067, -0.0053042 ,  0.09919524])]

Actions: [array([1.        , 0.81297358]), array([1.        , 0.81285343]), array([1.        , 0.81323286]), array([1.        , 0.81504528]), array([1.        , 0.81547528]), array([1.        , 0.81663939]), array([1.        , 0.81801032]), array([1.        , 0.81958723]), array([1.        , 0.82066851]), array([1.        , 0.82081789]), array([1.        , 0.82050545]), array([1.        , 0.82006102]), array([1.        , 0.81912583]), array([1.        , 0.81832724]), array([1.        , 0.73845424]), array([1.        , 0.73516752]), array([1.        , 0.73284813]), array([1.        , 0.73095219]), array([1.        , 0.73000999]), array([1.        , 0.73027373]), array([1.        , 0.73204862]), array([1.        , 0.73336035]), array([1.        , 0.73365555]), array([1.        , 0.73331493]), array([1.        , 0.73394931]), array([1.        , 0.73103756]), array([1.        , 0.72756752]), array([1.       , 0.7252975]), array([1.        , 0.72250031]), array([1.        , 0.71933479]), array([1.        , 0.71800251]), array([1.        , 0.71811437]), array([1.        , 0.71698173]), array([1.        , 0.71342333]), array([1.        , 0.71243702]), array([1.        , 0.71160659]), array([1.        , 0.70551074]), array([1.        , 0.68614669]), array([1.        , 0.66293337])]