
Good
Feature: [20, 21, 5013.498423650851]

States: [array([-169.87446187,    0.74095654, -129.6814183 ,    2.00503026]), array([-169.18375463,    1.24816928, -127.6639174 ,    2.71008877]), array([-168.01111112,    1.86776557, -124.87126379,    3.12555258]), array([-166.11442435,    2.49454854, -121.730766  ,    3.39685684]), array([-163.61090773,    2.95742992, -118.34997581,    3.680422  ]), array([-160.63925129,    3.40598387, -114.69999565,    3.7738103 ]), array([-157.21141422,    3.78242564, -111.00580888,    3.85324913]), array([-153.43241486,    4.04681018, -107.23467463,    3.34681314]), array([-149.35684796,    4.22885332, -103.92075249,    3.09561164]), array([-145.11228205,    4.34063801, -100.88913092,    2.71661483]), array([-140.69277402,    4.51222704,  -98.14566371,    2.39070746]), array([-136.20992755,    4.58886866,  -95.65305781,    2.31255436]), array([-131.6085764 ,    4.67986797,  -93.31558054,    2.19281069]), array([-126.96085542,    4.69444569,  -91.19683812,    2.3063412 ]), array([-122.28256424,    4.78563915,  -88.89960135,    2.3380454 ]), array([-117.53065174,    4.80537269,  -86.5429395 ,    2.41412507]), array([-112.70167746,    4.7936209 ,  -84.1157313 ,    2.52493468]), array([-107.84319073,    4.79299292,  -81.69163778,    2.49104407]), array([-103.04039007,    4.89419688,  -79.24072146,    2.51775591]), array([-98.1974786 ,   4.90879467, -76.6403014 ,   2.44045433]), array([-93.23079622,   4.9551943 , -74.1503273 ,   2.45869043]), array([-88.26882637,   5.04909085, -71.75565297,   2.25255159]), array([-83.22022601,   5.05642856, -69.5568329 ,   2.12194294]), array([-78.16675783,   5.02649381, -67.40619184,   1.98617458]), array([-73.13935519,   5.00597789, -65.37519307,   2.08674974]), array([-68.08733745,   4.72096694, -63.31196666,   2.57923527]), array([-63.3844248 ,   4.42700543, -60.70948638,   3.08088997]), array([-58.91363192,   4.29385578, -57.68500339,   3.41858569]), array([-54.5119317 ,   4.03875224, -54.24782475,   3.68234527]), array([-50.50768867,   4.21917082, -50.60896437,   3.84391045]), array([-46.29139753,   4.43364251, -46.66938664,   4.04179489]), array([-41.8067159 ,   4.62841454, -42.58295787,   4.12664438]), array([-37.20567962,   4.75073957, -38.48769808,   4.3003599 ]), array([-32.45898024,   4.84642839, -34.19821959,   4.37749329]), array([-27.5604018 ,   4.29951633, -29.83091571,   4.50825461]), array([-23.20876329,   3.71794096, -25.34392093,   4.56466562]), array([-19.61000438,   2.94899509, -20.76617573,   4.64226287]), array([-16.74853257,   2.7398673 , -16.09785895,   4.64057878]), array([-14.00499116,   3.07797046, -11.39119909,   4.71036119]), array([-10.91612374,   3.51672624,  -6.64023389,   4.1956116 ]), array([-7.33973463,  3.79807234, -2.41830907,  3.62370612]), array([ 0.02656135,  0.0162145 ,  0.08562126, -0.05343292]), array([-0.00790655,  0.06688307,  0.0742679 , -0.00023127]), array([ 0.03220674,  0.09068365, -0.00914407, -0.00649348]), array([-0.04575155,  0.08519868,  0.03977966, -0.03311501]), array([ 0.01815094, -0.01748629,  0.00209568,  0.03654238]), array([-0.00524528,  0.02276028, -0.01291224,  0.02429178]), array([-0.00551394, -0.06071425,  0.06008883,  0.05105583]), array([-0.0010251 ,  0.00822979,  0.04948183, -0.03202615]), array([ 0.03757973,  0.06155004, -0.03870459,  0.03723872]), array([-0.01031544, -0.0162324 , -0.01263126,  0.0278739 ]), array([ 0.07188527, -0.01139382,  0.0524203 ,  0.02575199]), array([ 0.026989  , -0.04211414, -0.01895728,  0.03445036]), array([-0.08935976, -0.04092125, -0.03932114,  0.0750096 ]), array([-0.09867233,  0.03113171,  0.07614621,  0.0889043 ]), array([ 0.09669285, -0.06875884, -0.03830644,  0.10569572]), array([ 0.00090685,  0.00767267, -0.00946729, -0.06406558]), array([ 0.04382784, -0.04328802, -0.03787742,  0.01623723]), array([ 0.05077449,  0.04623961, -0.00995061,  0.07019055]), array([ 0.01368508, -0.01246246, -0.01088549,  0.01632105]), array([-0.07862503, -0.03830765,  0.05147351, -0.02923735]), array([-0.02312685, -0.03163241, -0.05631998, -0.013131  ]), array([-0.00854667, -0.00760109,  0.00183516, -0.01719781]), array([ 0.00798161,  0.05781172, -0.13050822,  0.04257078]), array([-0.03898593, -0.10551826,  0.03778661,  0.03363842]), array([-0.03679926,  0.0673379 , -0.00280262,  0.03206306]), array([-0.006956  , -0.02597197, -0.04528579,  0.03916502]), array([-0.07147682, -0.00034155,  0.00334553,  0.00490014]), array([-0.02942066,  0.01374788,  0.02174271, -0.08351127]), array([0.04910719, 0.08019949, 0.04523139, 0.02372642]), array([-0.00413199,  0.05859775,  0.00450715, -0.02916379]), array([-0.00654719,  0.01380875, -0.15905855,  0.06434769]), array([-0.07137617,  0.02992117,  0.08070672,  0.05590018]), array([ 0.02518168,  0.00700431, -0.03424721, -0.04109468]), array([-0.01965764, -0.04076366,  0.03887954, -0.04300838]), array([ 0.09671788, -0.06554297,  0.03456765, -0.00850889]), array([-0.01404129, -0.0046021 , -0.03485422,  0.01692825]), array([-0.00357412, -0.024488  , -0.02327964,  0.06605729]), array([ 0.05841443,  0.01109466, -0.07713355,  0.04758575]), array([-0.08061246,  0.0023083 , -0.07862183,  0.04409412]), array([-0.01261215, -0.07225713,  0.00898893,  0.0558934 ]), array([-0.0723107 , -0.02652219,  0.01910634, -0.04925355]), array([-0.02558785, -0.00474212,  0.01010777, -0.07958151]), array([ 0.04937071, -0.02862897, -0.01010466,  0.01463575]), array([-0.02506286, -0.06782198, -0.01216753,  0.02614485]), array([ 0.03070287, -0.02056294, -0.07959783, -0.01977223]), array([ 0.09412764,  0.01658393, -0.08943063,  0.00092624]), array([-0.1035512 ,  0.02270241, -0.10249935, -0.07716746]), array([ 0.03822303,  0.04909892, -0.02331901,  0.02191746]), array([-0.04246248, -0.00350126, -0.0630178 ,  0.00747107]), array([ 0.03058132, -0.00432434, -0.01681235,  0.03097434]), array([-0.02512098,  0.06702759,  0.00108659, -0.12186436]), array([ 0.04896431,  0.00114093,  0.00220333, -0.02542813]), array([ 0.02544372, -0.07357372,  0.05818217, -0.02153626]), array([ 0.12576747,  0.0627646 , -0.05613084, -0.02188554]), array([ 0.00562825, -0.03055169,  0.00953844,  0.08216089]), array([ 0.02678516,  0.07415504, -0.05059745,  0.09045774]), array([-0.03258611,  0.00828024,  0.03148212, -0.0215076 ]), array([-0.02127979,  0.0833436 , -0.00585095,  0.10832589]), array([-0.052776  , -0.0233727 , -0.08056255,  0.04912305])]

Actions: [array([0.69109055, 1.        ]), array([0.87775637, 1.        ]), array([1.        , 0.89910278]), array([1.        , 0.86651303]), array([1.        , 0.83734532]), array([1.        , 0.80722088]), array([1.        , 0.35192997]), array([1.        , 0.31785323]), array([1.        , 0.28797734]), array([1.        , 0.25940276]), array([1.        , 0.30211426]), array([1.        , 0.28826289]), array([1.        , 0.51590326]), array([1.        , 0.51939094]), array([1.       , 0.5211516]), array([1.        , 0.52284915]), array([1.        , 0.52433391]), array([1.       , 0.5263602]), array([1.        , 0.45959473]), array([1.        , 0.46471661]), array([1.        , 0.33932263]), array([1.        , 0.32393788]), array([1.       , 0.3102514]), array([1.        , 0.46719287]), array([0.75959592, 1.        ]), array([0.66277049, 1.        ]), array([0.67139823, 1.        ]), array([0.5910335, 1.       ]), array([1.        , 0.91126705]), array([1.        , 0.91163334]), array([1.        , 0.90751668]), array([1.        , 0.90663886]), array([1.        , 0.93888776]), array([0.44677829, 1.        ]), array([0.27128996, 1.        ]), array([0.0166337, 1.       ]), array([0.38021989, 1.        ]), array([0.95102225, 1.        ]), array([1.        , 0.54684489]), array([1.        , 0.31998809])]
Bad
Feature: [19, 20, 4854.263382206119]

States: [array([-1.69254907e+02,  1.48936485e-01, -1.28006714e+02, -5.55350860e-02]), array([-169.08161108,    1.08032099, -128.05068268,    0.74668669]), array([-168.03415132,    1.84049392, -127.33408909,    1.30084937]), array([-166.25217841,    2.42659147, -126.04041918,    1.79776053]), array([-163.7841004 ,    2.95482195, -124.31953836,    2.25496079]), array([-160.7695133 ,    3.3972233 , -122.09024967,    2.60296901]), array([-157.41817997,    3.72724605, -119.46633745,    2.99667035]), array([-153.71630301,    3.94266177, -116.50768106,    3.17142895]), array([-149.74485526,    4.17526173, -113.36159648,    3.38600792]), array([-145.51204131,    4.36806685, -109.95701586,    3.55548592]), array([-141.08445996,    4.41154483, -106.41800896,    3.59261123]), array([-136.65470642,    4.55734639, -102.8377955 ,    3.74166507]), array([-132.10203667,    4.6052003 ,  -99.11355622,    3.85500617]), array([-127.49803031,    4.69055351,  -95.19528993,    3.8598209 ]), array([-122.69598293,    4.76785605,  -91.31077745,    3.84102769]), array([-117.96376627,    4.80390259,  -87.46330243,    3.90905826]), array([-113.2482631 ,    4.88621283,  -83.49138273,    3.87743571]), array([-108.34750173,    4.84178999,  -79.55427242,    3.96038384]), array([-103.45857963,    4.94338598,  -75.56368233,    3.97335678]), array([-98.47648468,   4.9993428 , -71.61206249,   3.86884291]), array([-93.58502343,   4.9201827 , -67.69257441,   3.92137799]), array([-88.66136453,   4.9351884 , -63.79297128,   3.88449569]), array([-83.78539894,   5.00130149, -59.91421034,   3.82962485]), array([-78.74363734,   4.89096009, -56.10219751,   3.80752488]), array([-73.8178901 ,   4.97247484, -52.28959862,   3.68118069]), array([-68.8840449 ,   4.96580571, -48.61806484,   3.69454737]), array([-63.94893571,   4.92884537, -45.01395301,   3.65151946]), array([-59.06989225,   4.95644295, -41.29910246,   3.55804556]), array([-54.10011593,   4.96240571, -37.73774037,   3.49543737]), array([-49.11973961,   5.01587667, -34.26263571,   3.48103176]), array([-44.01721697,   4.99324215, -30.6925738 ,   3.45535915]), array([-39.01319194,   5.06296259, -27.26790288,   3.52031755]), array([-33.96302172,   5.11544787, -23.69864006,   3.51300914]), array([-28.90575546,   5.08641939, -20.15215227,   3.52002968]), array([-23.87017047,   5.04400544, -16.63947984,   3.52835261]), array([-18.87239221,   5.02751981, -13.21568132,   3.45773175]), array([-13.95919682,   5.02075658,  -9.75551689,   3.47242745]), array([-8.90590002,  4.93067675, -6.2787894 ,  3.44597732]), array([-4.09551394,  4.91754895, -2.81537468,  3.45235868]), array([-0.02081594,  0.01128407, -0.04651673, -0.02826805]), array([-0.03884836,  0.00765481,  0.08894064, -0.03501239]), array([0.00718137, 0.0076495 , 0.01046056, 0.02466245]), array([-0.0225747 ,  0.07173735,  0.00524766, -0.01256086]), array([-0.03983821, -0.05056829, -0.00268798,  0.04467646]), array([-0.04884002,  0.04344449,  0.00470318,  0.00387082]), array([ 0.05601129, -0.01297772,  0.02053121, -0.01268974]), array([-0.01720065, -0.00128113, -0.09104803, -0.04194117]), array([-0.0293852 , -0.06861098,  0.03029618,  0.11371448]), array([-0.06584348, -0.009252  , -0.00796733,  0.06123502]), array([-0.01290763, -0.05958898, -0.02426629, -0.05196341]), array([-0.01166947,  0.04458856,  0.04833977,  0.02439851]), array([-0.05805842, -0.02286395,  0.09368088,  0.05994243]), array([-0.04128334, -0.02143714, -0.02502578,  0.00980912]), array([0.01141988, 0.00944182, 0.16382405, 0.01891361]), array([ 0.00014734, -0.02153337, -0.0658097 ,  0.02004966]), array([ 0.02045892, -0.06207408,  0.09645179, -0.02900694]), array([-0.01962874,  0.00329231,  0.00189684,  0.02495521]), array([ 0.00190161, -0.01089717, -0.05741456,  0.04849231]), array([-0.00357491, -0.11720845, -0.04132234, -0.08187872]), array([ 0.09488123, -0.10524268,  0.05178373,  0.04062128]), array([-0.05415297, -0.00953261,  0.00219798, -0.01981542]), array([-0.05221018, -0.08530629, -0.01093767, -0.03980254]), array([ 0.08193207,  0.09952256,  0.07602381, -0.03961795]), array([ 0.06802951,  0.0249877 , -0.07167829, -0.05941318]), array([-0.06869801,  0.04182515, -0.0952507 ,  0.0223482 ]), array([ 0.0159127 ,  0.00847354,  0.05790123, -0.00406769]), array([ 0.02022705,  0.01504449, -0.01878585, -0.1129979 ]), array([-0.04867904,  0.0155256 , -0.05350482, -0.02008547]), array([-0.13551095, -0.10057968, -0.06118435,  0.01017071]), array([-0.03136003, -0.00803587, -0.03474412,  0.07748166]), array([ 0.07953638, -0.03761637, -0.00996504,  0.07850565]), array([-0.0288536 , -0.03598788, -0.00752728,  0.03612554]), array([-0.02307969,  0.04984065, -0.02740537, -0.03441207]), array([ 0.03649498,  0.01958223,  0.0503541 , -0.00778114]), array([-0.02438102, -0.03272234,  0.02295744,  0.0305331 ]), array([-0.02264093,  0.02983391,  0.03960111,  0.04105635]), array([-0.06516967,  0.06503406, -0.05192666,  0.01601658]), array([ 0.01869963, -0.06648032, -0.00060763,  0.03285726]), array([-0.05344117,  0.10793619,  0.01325924, -0.04452401]), array([-0.03627093, -0.00168117, -0.00085884, -0.0394636 ]), array([0.05544137, 0.02189935, 0.02393291, 0.00749119]), array([ 0.02120474, -0.00155127, -0.03076972, -0.01071233]), array([0.01745277, 0.00149392, 0.03323622, 0.02825846]), array([-0.02686326, -0.01272102, -0.0259374 , -0.02277115]), array([ 0.02786726, -0.01440476, -0.02280182, -0.02973457]), array([-0.04304337, -0.02039557,  0.00180816, -0.00878851]), array([ 0.01082206, -0.01431029,  0.09087332,  0.00367129]), array([-0.00259343, -0.02425606,  0.0459573 , -0.05052296]), array([ 0.03241483, -0.02546312,  0.05746372,  0.02927701]), array([-0.02232942,  0.03545185, -0.03841814,  0.04091077]), array([ 0.03993977, -0.00684546,  0.04039052, -0.03641633]), array([-0.03191802,  0.04529718, -0.00402191,  0.01816726]), array([-0.01275462, -0.09504721, -0.05614857, -0.00697764]), array([-0.05070601, -0.0368    , -0.03061267,  0.05291388]), array([-0.0404902 , -0.00558121,  0.07967279,  0.00272404]), array([ 0.03501481,  0.02198299,  0.02766959, -0.11155973]), array([-0.03099054,  0.03791961, -0.06954737,  0.02364728]), array([0.03473469, 0.01689637, 0.01872343, 0.03556813]), array([-0.03169766, -0.01712794, -0.06508395, -0.04762254]), array([0.08493212, 0.0219496 , 0.00709843, 0.05699102])]

Actions: [array([1.        , 0.79897569]), array([1.       , 0.8000384]), array([1.        , 0.80075003]), array([1.        , 0.80153924]), array([1.        , 0.80308633]), array([1.        , 0.80425979]), array([1.        , 0.80470623]), array([1.       , 0.8048359]), array([1.        , 0.80516598]), array([1.        , 0.80518986]), array([1.       , 0.8053711]), array([1.        , 0.80528047]), array([1.        , 0.80484936]), array([1.        , 0.80321393]), array([1.        , 0.80299489]), array([1.       , 0.8026006]), array([1.        , 0.80098395]), array([1.        , 0.80087867]), array([1.        , 0.72906671]), array([1.        , 0.72592364]), array([1.        , 0.72211162]), array([1.        , 0.71836191]), array([1.        , 0.71403501]), array([1.        , 0.71144527]), array([1.        , 0.70743971]), array([1.        , 0.70492425]), array([1.        , 0.70305715]), array([1.        , 0.69848115]), array([1.        , 0.69690724]), array([1.      , 0.696826]), array([1.       , 0.6965186]), array([1.        , 0.69795971]), array([1.        , 0.69676127]), array([1.        , 0.69605006]), array([1.        , 0.69576656]), array([1.        , 0.69819815]), array([1.        , 0.69645498]), array([1.        , 0.70000137])]