
Good
Feature: [16, 26, 5222.813849787057]

States: [array([-170.15413478,    1.17347891, -130.26916843,    1.72763241]), array([-169.02050637,    1.73233813, -128.63156834,    2.37795398]), array([-167.33171926,    2.17016862, -126.28879239,    2.94875778]), array([-165.18902152,    2.56847088, -123.3828941 ,    3.35908532]), array([-162.54563697,    2.80545692, -120.0081207 ,    3.71726097]), array([-159.68582395,    2.45965016, -116.23244767,    3.94949812]), array([-157.15862917,    1.82888591, -112.28710679,    4.22091569]), array([-155.426421  ,    2.21759484, -108.12343164,    4.30193588]), array([-153.1795778 ,    2.51636245, -103.76076818,    4.49458703]), array([-150.58168884,    2.80746964,  -99.23771497,    4.50798501]), array([-147.8141245 ,    3.08085971,  -94.62270987,    4.5871533 ]), array([-144.72457482,    3.34119363,  -90.10541331,    4.67265075]), array([-141.39569921,    3.6514792 ,  -85.43749405,    4.05465824]), array([-137.68286444,    3.84157725,  -81.34938309,    3.48078219]), array([-133.95938982,    4.01280845,  -77.88649454,    2.94631308]), array([-130.05117656,    4.21628366,  -74.97885235,    2.49777009]), array([-125.77584003,    4.36150665,  -72.4551085 ,    2.06748848]), array([-121.476614  ,    4.51525708,  -70.37365896,    1.74704479]), array([-117.0146497 ,    4.62838713,  -68.65079266,    1.42786846]), array([-112.38343953,    4.61127291,  -67.17153406,    1.67074563]), array([-107.78294776,    4.57195294,  -65.49984995,    1.92170874]), array([-103.18633878,    4.63503928,  -63.54201069,    2.06871592]), array([-98.50049626,   4.69981606, -61.45117933,   2.18832241]), array([-93.77929714,   4.71702471, -59.14898423,   2.35066902]), array([-89.05545181,   4.7946455 , -56.78797773,   2.51017682]), array([-84.210851  ,   4.80206023, -54.31410962,   2.70479129]), array([-79.44056219,   4.87971208, -51.61662822,   2.79982675]), array([-74.64167559,   4.9028809 , -48.83135557,   2.90091997]), array([-69.71508842,   4.9325716 , -45.99257905,   2.97284892]), array([-64.78611528,   4.93482155, -43.06813937,   3.0523994 ]), array([-59.80164257,   4.95049334, -40.01128063,   3.13586912]), array([-54.85696593,   4.91024687, -36.90347879,   3.22766622]), array([-49.98100469,   4.9694655 , -33.61587814,   3.23828118]), array([-45.03651228,   4.93921747, -30.38094674,   3.21253631]), array([-40.00717343,   4.89577198, -27.14644159,   3.26676283]), array([-35.16327619,   4.94645024, -23.8259401 ,   3.54191788]), array([-30.22577461,   4.9685798 , -20.34085366,   3.72201007]), array([-25.26079105,   4.88118349, -16.6179384 ,   3.25826268]), array([-20.32486291,   4.91851876, -13.42862053,   3.4061628 ]), array([-15.30765695,   4.92196021,  -9.98464762,   3.52731786]), array([-10.34583626,   5.04424957,  -6.41642616,   3.66068509]), array([-5.29360164,  5.08117178, -2.82813619,  3.8044407 ]), array([ 0.00965018, -0.06245536, -0.01591662, -0.10673961]), array([ 0.03723005, -0.05789468, -0.09867243, -0.0143169 ]), array([-0.05295286, -0.03349231,  0.00138271, -0.02042599]), array([-0.05016137,  0.13599762,  0.04406326,  0.01253423]), array([-0.00097142,  0.04476336, -0.06117888,  0.02657285]), array([0.01228872, 0.06941953, 0.04948427, 0.0122857 ]), array([ 0.00456277,  0.00659734, -0.03036148, -0.02263251]), array([-0.02410658,  0.0209758 ,  0.01651282, -0.00243116]), array([-0.08286595,  0.03439723,  0.05065332, -0.04845022]), array([0.0360122 , 0.01968266, 0.0160151 , 0.01084811]), array([-0.03837209, -0.04252853, -0.00921389, -0.03363967]), array([0.10140398, 0.01410288, 0.00082225, 0.09856532]), array([ 0.015642  ,  0.04347497,  0.05499856, -0.07822254]), array([ 0.05129898, -0.02380995, -0.05217008, -0.04625517]), array([ 0.08340744,  0.06264515, -0.05608166, -0.03696338]), array([ 0.03337817, -0.02096211, -0.01393085, -0.10517396]), array([-0.00167655, -0.04195157, -0.00953647, -0.02638105]), array([-0.11237732, -0.00097574, -0.08959901, -0.01517479]), array([ 0.143544  , -0.00329478, -0.0833602 ,  0.08267972]), array([-0.06969819,  0.03838707, -0.00309   , -0.06097534]), array([ 0.03867886, -0.04921677,  0.063571  , -0.02811694]), array([-0.01745929, -0.01343353, -0.02595833, -0.00249692]), array([ 0.08844342, -0.00776432, -0.04871545, -0.05461164]), array([-0.02568403, -0.00321798, -0.01523476, -0.02901092]), array([ 0.08496504,  0.0859956 , -0.04515626,  0.00200755]), array([-0.02059187,  0.03469869,  0.08005133,  0.09023468]), array([ 0.03787566, -0.05132704, -0.00467673,  0.02495825]), array([-0.0261818 , -0.06279766, -0.10834525,  0.04857758]), array([-0.08441214, -0.00689477, -0.02981029, -0.00353921]), array([ 0.00634439, -0.02310095, -0.02719601,  0.04011901]), array([-0.05692716, -0.00343127,  0.02469038, -0.03398704]), array([ 0.04842792, -0.02610318,  0.02045202,  0.03478809]), array([ 0.00016469, -0.09259984,  0.04615358,  0.00435631]), array([-0.02857688,  0.08598322,  0.09786955,  0.0592131 ]), array([-0.02113838,  0.03111805,  0.07333286,  0.05186325]), array([ 0.03893117,  0.02591215,  0.05411462, -0.0842656 ]), array([-0.0499742 , -0.02047909,  0.02065104, -0.00911137]), array([-0.04188718,  0.05584658, -0.0398225 , -0.01053714]), array([-0.01546142, -0.00094665,  0.04295763,  0.01480371]), array([-0.14584306,  0.03785568,  0.00846477,  0.00661092]), array([ 0.03645902, -0.09408752, -0.03843681, -0.02356717]), array([-0.02362872, -0.02503303,  0.03902802,  0.00230887]), array([0.05050114, 0.00182099, 0.04279538, 0.04685664]), array([-0.01482075,  0.02934723, -0.02999964, -0.00268244]), array([0.00665713, 0.05572472, 0.03567461, 0.00549174]), array([0.0134077 , 0.02063923, 0.0181779 , 0.02359055]), array([-0.00271176,  0.04561525, -0.02323383, -0.05962849]), array([-0.03878702, -0.02068466,  0.02004544, -0.04753574]), array([-0.07205255,  0.04565247, -0.03564066, -0.02914028]), array([-0.05198689, -0.03575075, -0.09146287, -0.06595341]), array([0.03472123, 0.03725658, 0.00196797, 0.02889984]), array([-0.00424481, -0.0220082 ,  0.01040886,  0.05518209]), array([-0.00074482,  0.10255638,  0.01849559,  0.01561601]), array([ 0.03909816, -0.06564123, -0.04459573, -0.00020053]), array([ 0.03202537, -0.00890361, -0.10509671, -0.07377259]), array([ 0.02867332,  0.00131466,  0.04952527, -0.03633794]), array([ 0.04825694, -0.02633665,  0.01593263,  0.09198479]), array([-0.00353372, -0.07335025,  0.0446296 ,  0.00398557])]

Actions: [array([0.71954115, 1.        ]), array([0.72198677, 1.        ]), array([0.72215412, 1.        ]), array([0.71876151, 1.        ]), array([0.24005022, 1.        ]), array([-0.04599383,  1.        ]), array([0.73545499, 1.        ]), array([0.77741724, 1.        ]), array([0.81930068, 1.        ]), array([0.86787119, 1.        ]), array([0.9358967, 1.       ]), array([1.        , 0.34367377]), array([1.        , 0.28949777]), array([1.        , 0.24036761]), array([1.       , 0.1957929]), array([1.        , 0.15589668]), array([1.        , 0.11831991]), array([1.        , 0.08346701]), array([1.        , 0.58608985]), array([1.        , 0.59949313]), array([1.        , 0.60968785]), array([1.        , 0.61797233]), array([1.        , 0.62624708]), array([1.        , 0.63331835]), array([1.        , 0.64049952]), array([1.        , 0.64808073]), array([1.        , 0.65311906]), array([1.        , 0.65787267]), array([1.        , 0.66374679]), array([1.        , 0.66920889]), array([1.        , 0.67396877]), array([1.        , 0.67815985]), array([1.        , 0.67855123]), array([1.       , 0.6812942]), array([1.        , 0.89347145]), array([1.        , 0.92315847]), array([1.       , 0.3371318]), array([1.        , 0.75269988]), array([1.        , 0.77622079]), array([1.       , 0.8021945]), array([1.        , 0.83547826])]
Bad
Feature: [18, 22, 5136.029169747679]

States: [array([-1.70264317e+02, -9.83846786e-01, -1.30024978e+02, -1.05205823e-01]), array([-1.71164026e+02,  1.64943133e-01, -1.30102796e+02,  6.53650650e-01]), array([-171.02951739,    1.11033932, -129.48723653,    1.22829061]), array([-169.91326723,    1.9303274 , -128.29911325,    1.93261538]), array([-167.99395268,    2.54753237, -126.36927468,    2.30470586]), array([-165.51745764,    3.03809678, -124.05651656,    2.59825464]), array([-162.50382021,    3.49218757, -121.49253144,    2.85499429]), array([-158.97479113,    3.78843461, -118.67902425,    3.12042822]), array([-155.26304723,    4.07399762, -115.53562731,    3.28431712]), array([-151.19819137,    4.33149321, -112.32191297,    3.34277063]), array([-146.862004  ,    4.40997854, -109.09332474,    3.48019942]), array([-142.46128191,    4.45653648, -105.67784868,    3.62596667]), array([-138.04474429,    4.56213151, -102.10190827,    3.64541012]), array([-133.49921367,    4.60519454,  -98.5285272 ,    3.6533683 ]), array([-128.89279897,    4.63237835,  -94.88251066,    3.67758024]), array([-124.168196  ,    4.70578751,  -91.19146481,    3.66962055]), array([-119.4900114 ,    4.75375631,  -87.4691938 ,    3.62832311]), array([-114.77303641,    4.80106657,  -83.8364516 ,    3.67431425]), array([-109.92928553,    4.85152217,  -80.13110701,    3.75220426]), array([-105.05761463,    4.78441003,  -76.35632679,    3.77482081]), array([-100.27630572,    4.83099507,  -72.58185439,    3.78626561]), array([-95.43698024,   4.84234519, -68.83154209,   3.80124842]), array([-90.46558443,   4.85637124, -65.09282648,   3.79095545]), array([-85.62799502,   4.83380713, -61.28888354,   3.7790284 ]), array([-80.78939   ,   4.86396583, -57.53546242,   3.68868628]), array([-75.85146391,   4.98267731, -53.8127795 ,   3.73092762]), array([-70.91618987,   4.93977776, -50.09432851,   3.63961111]), array([-66.04290633,   4.94403222, -46.48448977,   3.64156018]), array([-61.08689012,   4.97765006, -42.91128277,   3.62502603]), array([-55.96935974,   5.02328035, -39.27759181,   3.61460775]), array([-50.92369844,   5.1294167 , -35.62264193,   3.60797486]), array([-45.80080687,   5.10221613, -32.0243591 ,   3.61396035]), array([-40.64891748,   5.02791532, -28.38027225,   3.64200926]), array([-35.62608527,   4.96357625, -24.76867871,   3.75294737]), array([-30.7245441 ,   4.96650572, -21.08204155,   3.75083876]), array([-25.7692544 ,   4.86585487, -17.33745895,   3.85679721]), array([-20.92568012,   4.85813424, -13.46978462,   3.72021075]), array([-16.11336258,   4.9853919 ,  -9.74894692,   3.67659246]), array([-11.15059293,   4.96742675,  -6.01295779,   3.55669174]), array([-6.20006904,  4.94413322, -2.45009326,  3.58886443]), array([-0.08419575, -0.12340015,  0.06484818, -0.04224993]), array([-0.03119705, -0.02483207, -0.07408791,  0.06071511]), array([-0.11532324, -0.00473804, -0.01266138,  0.04397456]), array([-0.00660377, -0.02391641, -0.03606156,  0.01283228]), array([ 0.01130606, -0.00661845, -0.13427258,  0.01899412]), array([-0.01083766, -0.05355487, -0.1262501 , -0.02342846]), array([ 0.04602343, -0.03405535, -0.06048709,  0.02774284]), array([ 0.01355069, -0.01318217,  0.02796133, -0.00637637]), array([0.0355256 , 0.01006941, 0.02117082, 0.0338791 ]), array([-0.0328242 ,  0.10906164, -0.00723286, -0.02100967]), array([-0.02486603, -0.04021214, -0.01004055, -0.05399211]), array([ 0.01512669, -0.0042725 , -0.09072277,  0.01559805]), array([ 0.03727968,  0.05496133,  0.09186582, -0.02039428]), array([-0.02053245, -0.06636602,  0.00104605, -0.0354548 ]), array([ 0.03103839,  0.00298027,  0.0241661 , -0.00292424]), array([ 0.06273392, -0.06078207, -0.11893573,  0.01498641]), array([-0.0529463 , -0.12512708, -0.06615241, -0.10488434]), array([-0.07021538,  0.08663428, -0.01219638,  0.04130613]), array([ 0.05147821,  0.02992966, -0.02046275,  0.01954287]), array([-0.04157399, -0.03264387,  0.15801325, -0.01065535]), array([ 0.01835197, -0.02793846, -0.01726308,  0.02866601]), array([ 0.07331589, -0.04712086,  0.02364505, -0.02925366]), array([-0.07768008,  0.04930518, -0.00609463, -0.02486068]), array([-0.07721742,  0.07098874, -0.03931479,  0.06556562]), array([-0.00425966, -0.06747491, -0.06604793,  0.0025529 ]), array([-0.11280251, -0.02942985, -0.01114565,  0.00414938]), array([-0.00733559,  0.15001284, -0.08142403, -0.02752179]), array([0.01056319, 0.06646456, 0.05508482, 0.13745003]), array([ 0.03124216,  0.07665052, -0.00316237,  0.09152776]), array([-0.00708809, -0.01347775, -0.06562404, -0.07956793]), array([ 0.03126155, -0.07350931,  0.01472494, -0.00463261]), array([ 0.03879317, -0.00629537, -0.0017316 ,  0.04438713]), array([-0.00917303, -0.07119638,  0.09841189,  0.02506147]), array([-0.02693876,  0.05930729,  0.07217877,  0.05814571]), array([ 0.01435779,  0.06895367,  0.05522008, -0.00629792]), array([-0.01863791,  0.05124733,  0.05215671,  0.00685912]), array([-0.00279651,  0.04761754, -0.0907557 , -0.03808632]), array([0.0464009 , 0.05556757, 0.00701873, 0.01716025]), array([ 0.04012713, -0.10156328,  0.02107264,  0.01433482]), array([ 0.00470089,  0.03455387,  0.04187912, -0.02215094]), array([-0.10961181, -0.01664497,  0.02199955, -0.09388933]), array([ 0.03722251,  0.04087555, -0.03901939,  0.04279559]), array([-0.0235739 ,  0.08454142, -0.01271662,  0.04656213]), array([ 0.03198247, -0.00550237,  0.04199619,  0.01150069]), array([-0.03321081,  0.10997943,  0.07991612, -0.06756766]), array([ 0.00298729, -0.06550131,  0.00497387,  0.00499542]), array([ 0.00327487, -0.04560229, -0.01664514, -0.07236325]), array([-0.01787109,  0.12216422,  0.063275  , -0.02537453]), array([-0.00015503,  0.05572821,  0.00272696,  0.04354052]), array([ 0.04665187,  0.02071265, -0.0323985 ,  0.02533908]), array([ 0.01877731,  0.00511621,  0.04512106, -0.04217373]), array([-0.00929592, -0.03076899, -0.04007816, -0.0407728 ]), array([-0.06144627, -0.02649847,  0.03084988,  0.05377089]), array([-0.03480488, -0.03039466, -0.0013116 ,  0.05443853]), array([-0.11466726,  0.01296501, -0.04458356, -0.09434241]), array([0.0052277 , 0.07860688, 0.06746257, 0.03669116]), array([ 0.01617134,  0.0479326 , -0.03730265, -0.04166939]), array([0.01917287, 0.03879913, 0.07774543, 0.00783903]), array([0.04760788, 0.0070255 , 0.03604173, 0.01445095]), array([-0.05990646,  0.03104954, -0.03978835,  0.03305534])]

Actions: [array([1.        , 0.78189868]), array([1.        , 0.77821688]), array([1.        , 0.76782353]), array([1.        , 0.76587985]), array([1.        , 0.76314896]), array([1.        , 0.76060061]), array([1.        , 0.75893211]), array([1.        , 0.75808373]), array([1.        , 0.75596648]), array([1.       , 0.7550376]), array([1.        , 0.75534586]), array([1.        , 0.75470603]), array([1.        , 0.75295265]), array([1.        , 0.75182637]), array([1.        , 0.75041261]), array([1.        , 0.74924345]), array([1.        , 0.74743207]), array([1.        , 0.74650199]), array([1.        , 0.74569103]), array([1.        , 0.74434438]), array([1.        , 0.74220361]), array([1.        , 0.74054932]), array([1.        , 0.73992037]), array([1.        , 0.73731071]), array([1.        , 0.73502152]), array([1.        , 0.73379928]), array([1.       , 0.7324399]), array([1.        , 0.73183111]), array([1.       , 0.7327054]), array([1.        , 0.73476227]), array([1.       , 0.7357834]), array([1.        , 0.73948559]), array([1.        , 0.74352097]), array([1.        , 0.74693451]), array([1.        , 0.74611509]), array([1.        , 0.74430531]), array([1.       , 0.7319945]), array([1.        , 0.71999155]), array([1.        , 0.70589777])]