
Good
Feature: [15, 28, 5230.767037301374]

States: [array([-168.17907486,   -1.73673573, -129.67889109,    0.31763899]), array([-169.9303883 ,   -0.75034413, -129.34251071,    1.27460867]), array([-1.70645364e+02, -2.89230871e-02, -1.28083550e+02,  2.04390687e+00]), array([-170.65303618,    0.57032547, -126.10841861,    2.69819189]), array([-170.08538445,    1.36897251, -123.41820823,    3.10290704]), array([-168.69343839,    1.95998291, -120.38931669,    3.46241402]), array([-166.67554777,    2.54868597, -116.97439699,    3.59350477]), array([-164.13705716,    3.04053855, -113.39741617,    3.90583874]), array([-161.09608484,    3.45303294, -109.47496488,    4.10496861]), array([-157.58705265,    3.78490756, -105.37660614,    4.19633112]), array([-153.76522562,    4.01142992, -101.1978034 ,    4.26689455]), array([-149.70933209,    4.1931107 ,  -96.93587008,    4.2670803 ]), array([-145.4949112 ,    4.38386101,  -92.68684011,    4.21966936]), array([-141.02405695,    4.50939288,  -88.53185685,    4.27541834]), array([-136.51772893,    4.61195023,  -84.2918231 ,    4.15262093]), array([-131.93100646,    4.69343226,  -80.05137254,    4.34541367]), array([-127.32541601,    4.72331948,  -75.68967606,    4.15102529]), array([-122.76892721,    4.76286682,  -71.48254092,    4.13576029]), array([-117.92061107,    4.79441801,  -67.39790551,    4.09714155]), array([-113.12571784,    4.86560282,  -63.33734729,    3.89643877]), array([-108.22091386,    4.86911356,  -59.44175023,    3.86152803]), array([-103.36152788,    4.88558987,  -55.52467854,    3.70216181]), array([-98.45310062,   4.9564322 , -51.83201612,   3.60065723]), array([-93.42522608,   4.99689505, -48.1535498 ,   3.4212909 ]), array([-88.45463344,   4.97955404, -44.69192317,   3.20942853]), array([-83.50316922,   5.05295932, -41.45306203,   3.01689049]), array([-78.41993458,   5.01178356, -38.43734023,   2.82742292]), array([-73.40520943,   5.04306899, -35.55443957,   2.70193663]), array([-68.36486562,   5.05436618, -32.86748636,   2.55175191]), array([-63.23513308,   5.01427419, -30.2544923 ,   2.52974029]), array([-58.18714965,   5.0109461 , -27.70630085,   2.43142546]), array([-53.13444133,   5.03156341, -25.12859602,   2.44121014]), array([-48.06629718,   5.04446074, -22.62673341,   2.47870125]), array([-43.05669308,   4.98380817, -20.15933394,   2.45691268]), array([-38.02432231,   4.95831559, -17.71098493,   2.1223014 ]), array([-33.13103795,   4.39058571, -15.61132778,   2.7741963 ]), array([-28.78899682,   3.81391242, -12.90431493,   3.17236158]), array([-24.89474317,   3.26679974,  -9.73376   ,   3.51809546]), array([-21.59900237,   3.65932141,  -6.20403405,   3.77560772]), array([-17.9369959 ,   3.91764493,  -2.47255282,   3.45697834]), array([-13.93325261,   4.17315434,   0.9931241 ,   3.10849853]), array([-9.71152535,  4.38069552,  4.08789871,  2.22528257]), array([-5.38587733,  4.31819116,  6.27199568,  0.76824322]), array([-0.04426107, -0.04392298,  0.05407747, -0.04255448]), array([ 0.03675906, -0.0363113 , -0.07691636,  0.00826773]), array([ 0.00781026,  0.01475588, -0.01206944,  0.00587364]), array([ 0.00614868, -0.02523029, -0.02431514, -0.07549746]), array([-0.01481509, -0.03132293, -0.02559226,  0.06175977]), array([0.02528544, 0.045567  , 0.05274726, 0.02437798]), array([ 0.03532072, -0.02936601, -0.07187558,  0.03094417]), array([-0.04425786, -0.02458888,  0.11524159,  0.0145062 ]), array([ 0.03514949, -0.00947498, -0.04678933, -0.02870172]), array([-0.01203373,  0.08353549, -0.04325797,  0.01901525]), array([0.07305131, 0.14192195, 0.05129972, 0.09083622]), array([-0.08023489, -0.00411717, -0.0352669 ,  0.01020018]), array([-0.00868046,  0.04023592,  0.06103607,  0.04409628]), array([-0.0273329 , -0.00323676,  0.03346434, -0.03301235]), array([-0.07255662,  0.00742736, -0.05518919, -0.0195426 ]), array([ 0.04699353,  0.02034293,  0.05319289, -0.00334536]), array([ 0.02946931,  0.11011867, -0.02117261,  0.02312269]), array([ 0.05277588, -0.01758981,  0.08292148, -0.03855324]), array([-0.08368159,  0.07812984,  0.03432198, -0.03020272]), array([ 0.00192955,  0.0638569 , -0.01733239,  0.00739633]), array([ 0.03362634,  0.10178723,  0.02872919, -0.04296432]), array([-0.07253496, -0.00774718, -0.09050691,  0.0320667 ]), array([-0.03850822, -0.06809746, -0.00445852, -0.10969942]), array([-0.01255744,  0.12538214, -0.01938237,  0.00212217]), array([ 0.04430599, -0.05108258, -0.04861437,  0.00763706]), array([-0.0526705 ,  0.04393877, -0.04621814, -0.02135945]), array([0.00157714, 0.03435144, 0.01616032, 0.02607339]), array([-0.07744768, -0.0535669 ,  0.05645497, -0.05341605]), array([-0.02411591,  0.03499254, -0.09222028, -0.02260496]), array([-0.04747655,  0.0815324 , -0.00706004,  0.03993117]), array([-0.01733648, -0.04773481,  0.03779627, -0.04927777]), array([-0.03633736, -0.06940797,  0.00744285, -0.00737003]), array([-0.0264297 ,  0.00555119, -0.0021379 ,  0.05302143]), array([-0.00790118, -0.02729899, -0.01556201,  0.12610071]), array([0.01309596, 0.02388836, 0.06166826, 0.04569793]), array([-0.03401795,  0.0365279 , -0.0253236 , -0.04496259]), array([-0.09294074, -0.04771752, -0.07125643, -0.05245523]), array([-0.03099102, -0.04433705,  0.01420177, -0.0513419 ]), array([ 0.08058001, -0.03527696,  0.12304987,  0.06746975]), array([0.05612229, 0.09789962, 0.04435772, 0.06228958]), array([-0.07276078,  0.00496404, -0.0111814 , -0.02334154]), array([-0.04258375,  0.02905148,  0.0053617 , -0.03467773]), array([ 0.00776316,  0.02978422,  0.02070192, -0.06730483]), array([ 0.00908332, -0.0123981 ,  0.11913215,  0.05169787]), array([-0.07711918, -0.10183328, -0.02990341, -0.02349782]), array([ 0.02315141, -0.02374415, -0.03176466, -0.03636188]), array([ 0.01091063,  0.08334573, -0.06862877,  0.03124561]), array([-0.03800734,  0.00109001,  0.05792939,  0.03820809]), array([ 0.0051574 ,  0.00625458,  0.00586194, -0.00878804]), array([-0.02330484, -0.05840744, -0.0382119 ,  0.01854286]), array([ 0.04977281, -0.05446049,  0.09606212,  0.0088685 ]), array([-0.01806003,  0.02165176,  0.08692467, -0.08533404]), array([ 0.08663167,  0.02942516, -0.01727897,  0.04766665]), array([-0.05105442,  0.00154232,  0.0035907 , -0.02971768]), array([ 0.06890311,  0.02776813, -0.02148498,  0.01024103]), array([-0.122268  ,  0.01620419,  0.0446685 , -0.03330148]), array([-0.06086535, -0.00394538, -0.04052234, -0.02401917])]

Actions: [array([0.49713068, 1.        ]), array([0.55479452, 1.        ]), array([0.59894781, 1.        ]), array([0.98974668, 1.        ]), array([1.        , 0.93990942]), array([1.        , 0.80353255]), array([0.93995646, 1.        ]), array([0.95450673, 1.        ]), array([1.        , 0.89629855]), array([1.        , 0.88658286]), array([1.        , 0.87819977]), array([1.        , 0.87044158]), array([1.        , 0.86369166]), array([1.        , 0.86009202]), array([0.98043505, 1.        ]), array([1.       , 0.7442525]), array([1.        , 0.73598952]), array([1.        , 0.77792979]), array([1.       , 0.6901414]), array([1.        , 0.68289759]), array([1.        , 0.67737152]), array([1.        , 0.67071529]), array([1.        , 0.52792938]), array([1.        , 0.51701474]), array([1.        , 0.50697897]), array([1.        , 0.49829581]), array([1.        , 0.49217112]), array([1.       , 0.4865512]), array([1.       , 0.4831402]), array([1.       , 0.4810249]), array([1.        , 0.47897702]), array([1.       , 0.4760338]), array([1.        , 0.47419233]), array([1.        , 0.16812406]), array([0.40776761, 1.        ]), array([0.30703024, 1.        ]), array([0.21307686, 1.        ]), array([1.      , 0.924416]), array([1.        , 0.43291985]), array([1.        , 0.29551016]), array([ 1.        , -0.21487924]), array([ 0.78652309, -1.        ])]
Bad
Feature: [19, 22, 5090.8146723318705]

States: [array([-169.5084382 ,    0.22944029, -128.06487392,    0.60297328]), array([-169.25249734,    1.21931695, -127.46760086,    1.37959515]), array([-167.96090267,    1.92384134, -126.12291911,    1.94704105]), array([-166.0060745 ,    2.56602092, -124.16532203,    2.48251439]), array([-163.48236142,    3.0435939 , -121.64834844,    2.71197631]), array([-160.4813573 ,    3.37339105, -118.96476694,    2.87937193]), array([-157.10456411,    3.68670364, -116.04924843,    2.98286921]), array([-153.49477903,    3.93302139, -113.00951861,    2.84085184]), array([-149.50680274,    4.14513331, -110.18852083,    2.75836456]), array([-145.38400801,    4.17760751, -107.3400409 ,    3.22553549]), array([-141.1372646 ,    4.30214059, -104.07756507,    3.53685194]), array([-136.82041391,    4.41439893, -100.60139591,    3.39332551]), array([-132.28112304,    4.5000995 ,  -97.15272059,    3.20191864]), array([-127.80290385,    4.51089988,  -94.02189892,    3.61123152]), array([-123.27049649,    4.35666593,  -90.41355138,    3.83624688]), array([-118.88504067,    4.43210182,  -86.57371362,    3.99473374]), array([-114.44338135,    4.55096092,  -82.59514913,    3.16586152]), array([-109.92282402,    4.65062254,  -79.42047352,    2.28889706]), array([-105.24247317,    4.73482337,  -77.15208299,    1.95364602]), array([-100.51542255,    4.83618907,  -75.19478051,    1.86631755]), array([-95.74065683,   4.94275738, -73.30466248,   1.7469306 ]), array([-90.85551477,   4.99928402, -71.53383529,   1.89312203]), array([-85.79836348,   5.04630374, -69.54071921,   1.96297086]), array([-80.69557896,   5.08942791, -67.45803082,   2.03006605]), array([-75.73467474,   4.95726595, -65.43874488,   2.61718048]), array([-70.81335855,   5.00158361, -62.78550067,   2.56547296]), array([-65.7869524 ,   5.05007291, -60.22351562,   2.54661738]), array([-60.7420674 ,   5.05684492, -57.740556  ,   2.48443602]), array([-55.63340067,   5.04869011, -55.20302608,   2.7673591 ]), array([-50.49770608,   5.02123571, -52.48128807,   2.97984305]), array([-45.4243018 ,   4.98235724, -49.41696103,   3.22180646]), array([-40.40215679,   4.86345512, -46.24451514,   3.54492521]), array([-35.47311552,   4.8146027 , -42.70141011,   3.81926844]), array([-30.6731333 ,   4.39860185, -38.75351669,   4.15297391]), array([-26.25110731,   3.98846954, -34.73596057,   4.26687144]), array([-22.3203576 ,   3.66536544, -30.51218444,   4.36847172]), array([-18.66627333,   3.30938094, -26.05941359,   4.50014047]), array([-15.32979888,   3.07323857, -21.53482507,   4.65048763]), array([-12.26333251,   3.23369381, -16.88508784,   4.74674966]), array([ -9.04634194,   3.20728029, -12.16456384,   4.7458474 ]), array([-5.91927578,  3.35627239, -7.45310611,  4.78344063]), array([-0.03835817,  0.04205227, -0.08233241, -0.07207607]), array([-0.09256153,  0.0615559 ,  0.00719429, -0.09664022]), array([-0.10437879, -0.08441101, -0.01016026,  0.05836611]), array([-0.01594108, -0.01593112,  0.12599533, -0.0131007 ]), array([ 0.02228811, -0.01856501,  0.01834421,  0.05863431]), array([-0.0096652 ,  0.0407284 ,  0.04025743, -0.01281877]), array([-0.02750578, -0.05252225, -0.01202677, -0.00398345]), array([ 0.05484544, -0.06148255,  0.14482395,  0.07142458]), array([0.02109251, 0.03218415, 0.00140201, 0.01960554]), array([ 0.04833488, -0.03436151,  0.01331238,  0.00717191]), array([-0.03525048,  0.00840978,  0.08788276, -0.01779497]), array([-0.00942213,  0.04836721, -0.05794947,  0.05893502]), array([-0.013388  , -0.02378537,  0.00933293, -0.00231915]), array([-0.02350002,  0.10200026,  0.00194413, -0.05491431]), array([ 0.05019381, -0.02334993, -0.0338657 , -0.02821907]), array([ 0.1158882 ,  0.06846672,  0.06739602, -0.04594527]), array([ 0.02884104,  0.02683431,  0.04879525, -0.05157685]), array([ 0.05275485, -0.02911977,  0.00550824, -0.04310009]), array([ 0.03915187,  0.04162807,  0.10778357, -0.01410292]), array([ 0.02231406,  0.002898  , -0.01026524,  0.10432697]), array([-0.06624198, -0.01393871,  0.05521814,  0.07550283]), array([ 0.02490478,  0.00910104, -0.03539969, -0.02457434]), array([0.04283531, 0.07587397, 0.03474289, 0.00753021]), array([ 0.06303599, -0.01463291,  0.00588848, -0.12405847]), array([-0.00329185,  0.02993042, -0.05363531,  0.04901396]), array([-0.07076043, -0.04930794,  0.05156084,  0.01273204]), array([-0.01475706,  0.05748479, -0.05326222,  0.04482588]), array([ 0.05064623,  0.03422996,  0.0402165 , -0.03541532]), array([ 0.04630891,  0.07115713, -0.02103294,  0.02724678]), array([-0.03333789, -0.02565424,  0.05919021,  0.01415323]), array([ 0.03341701, -0.03787577,  0.09331335,  0.03011534]), array([-0.00113857,  0.00014179, -0.02790308, -0.05305214]), array([ 0.01652967, -0.07840378,  0.01595791,  0.05514359]), array([-0.04783412, -0.01923662, -0.09927679,  0.03448384]), array([-0.0328793 ,  0.0534018 , -0.08430114,  0.04247151]), array([0.08220374, 0.02083622, 0.04584083, 0.08384326]), array([-0.00489405, -0.03743102, -0.04150781, -0.0424627 ]), array([-0.05178213,  0.00559129,  0.05280164,  0.06108855]), array([ 0.03485246, -0.0322891 ,  0.01095957, -0.11335854]), array([-0.01914127,  0.04947142, -0.08770679, -0.03890993]), array([-0.00482201, -0.11128424,  0.07309504,  0.00591714]), array([-0.00102713, -0.04210187,  0.01190194, -0.00543972]), array([-0.01935705, -0.02858485, -0.08100425,  0.02031757]), array([ 0.07030539,  0.15114378, -0.06970934, -0.00272508]), array([ 0.03607924,  0.00522346, -0.06843295, -0.00728661]), array([-0.00928797, -0.07463372,  0.04660238,  0.05208479]), array([ 0.04014175,  0.01862129, -0.0007375 ,  0.03884749]), array([ 0.08554756,  0.039525  , -0.03866782,  0.00963505]), array([ 0.05424018,  0.02851499, -0.02030118, -0.01393911]), array([ 0.02833459,  0.05155096, -0.04089997,  0.00098444]), array([0.02413252, 0.03993236, 0.04743127, 0.03724572]), array([-3.73026564e-02,  3.20518645e-02,  7.35311895e-05, -1.46633532e-02]), array([ 0.05815762, -0.02717739,  0.06490195,  0.01435417]), array([ 0.02050621,  0.0817661 , -0.04240635,  0.01300949]), array([-0.05563154,  0.02707225, -0.00819632, -0.02772569]), array([ 0.06353864,  0.02083094,  0.01321252, -0.00533759]), array([-0.01584545,  0.04153136,  0.03148553, -0.06320552]), array([ 0.08063865, -0.00857367,  0.02490959, -0.05252946]), array([ 0.03492934,  0.04267081, -0.00967279,  0.04759455])]

Actions: [array([1.        , 0.92031339]), array([1.        , 0.91724639]), array([1.        , 0.93438295]), array([1.        , 0.69875262]), array([1.        , 0.69216297]), array([1.        , 0.68671701]), array([1.        , 0.42246049]), array([1.        , 0.40831509]), array([0.90514378, 1.        ]), array([0.89018236, 1.        ]), array([1.        , 0.54574374]), array([1.        , 0.50838348]), array([0.85814877, 1.        ]), array([0.7906005, 1.       ]), array([1.        , 0.91642036]), array([ 1.        , -0.03357867]), array([ 1.        , -0.18170438]), array([1.        , 0.09253041]), array([1.        , 0.30711735]), array([1.        , 0.29004289]), array([1.        , 0.41181453]), array([1.        , 0.41730305]), array([1.       , 0.4203216]), array([0.84637387, 1.        ]), array([1.        , 0.47090261]), array([1.        , 0.46501821]), array([1.        , 0.46070176]), array([1.        , 0.75574545]), array([1.        , 0.78135063]), array([1.        , 0.81869505]), array([0.96831661, 1.        ]), array([0.92299468, 1.        ]), array([0.52256822, 1.        ]), array([0.47735888, 1.        ]), array([0.43305358, 1.        ]), array([0.39286787, 1.        ]), array([0.35305747, 1.        ]), array([0.74613588, 1.        ]), array([0.76549189, 1.        ]), array([0.79013173, 1.        ])]