
Good
Feature: [20, 26, 5820.569106491221]

States: [array([-1.70893922e+02,  1.13899551e-01, -1.31542738e+02, -1.55144680e+00]), array([-1.70785887e+02,  1.88564932e-01, -1.33116956e+02, -1.64441553e-01]), array([-170.48112691,    0.6397676 , -133.33201906,    0.92316207]), array([-169.81548429,    0.83981194, -132.48435691,    1.84687402]), array([-168.90012184,    0.99614733, -130.62749091,    2.41966164]), array([-167.89892786,    1.73557399, -128.22974656,    2.94225142]), array([-166.20985163,    2.24571708, -125.36681222,    3.31824386]), array([-163.97938113,    2.72852874, -121.97798752,    3.56556976]), array([-161.27418879,    3.15773144, -118.33114394,    3.90719119]), array([-158.05291932,    3.48505766, -114.44039244,    4.1287935 ]), array([-154.59277609,    3.72208483, -110.31019378,    4.33356707]), array([-150.84539722,    4.04119943, -105.91487153,    4.01190122]), array([-146.73752645,    4.26021971, -101.81668751,    3.69072416]), array([-142.41751357,    4.3839445 ,  -98.08740202,    3.39025716]), array([-137.99002022,    4.56147011,  -94.71613979,    3.01073386]), array([-133.46725948,    4.70749036,  -91.70881675,    2.48770231]), array([-128.73905155,    4.71289321,  -89.17660188,    2.11785186]), array([-123.96463501,    4.8541769 ,  -87.11763718,    1.72551786]), array([-119.0562643 ,    4.85126343,  -85.34220722,    2.22624139]), array([-114.19435418,    4.95085008,  -83.16620149,    2.64575666]), array([-109.23459594,    4.91121137,  -80.4977894 ,    3.11887647]), array([-104.38075065,    4.81693443,  -77.34983998,    3.5541234 ]), array([-99.63399062,   4.64774939, -73.73941658,   3.92053116]), array([-95.10255863,   4.75169849, -69.87505898,   3.87517656]), array([-90.38453008,   4.7777047 , -66.00713529,   3.94386589]), array([-85.65501541,   4.82298709, -62.09733704,   3.03090504]), array([-80.75286193,   4.76745671, -59.03680889,   2.04204598]), array([-75.95676779,   4.8928617 , -56.98056864,   1.07290314]), array([-7.10603789e+01,  4.97107717e+00, -5.58608102e+01,  1.50069731e-02]), array([-66.05772583,   5.0116345 , -55.9029877 ,   0.21030534]), array([-61.08085927,   5.03749482, -55.70898615,   0.41265929]), array([-56.01327941,   5.01086938, -55.30987908,   0.60215722]), array([-50.92361782,   4.92923951, -54.68228593,   1.40711308]), array([-45.90162802,   4.7273809 , -53.24999934,   2.1001207 ]), array([-41.2421269 ,   4.32735506, -51.23690073,   2.591269  ]), array([-36.96173001,   3.90576862, -48.65127817,   3.07548464]), array([-33.05136907,   3.45637103, -45.56763086,   3.48275283]), array([-29.58040093,   3.04424581, -42.03398568,   3.7601944 ]), array([-26.5500519 ,   2.64956789, -38.20352636,   4.00435475]), array([-23.79506266,   2.19159942, -34.20081231,   4.19450509]), array([-21.62256158,   2.63104893, -30.00019476,   4.39803991]), array([-18.91927395,   2.89837525, -25.67094544,   4.57422836]), array([-15.95872291,   3.13416897, -21.13982376,   4.74978292]), array([-12.8234538 ,   3.35548091, -16.43111682,   4.88599864]), array([ -9.45194374,   3.748572  , -11.50268608,   4.85135133]), array([-5.66616848,  3.9356768 , -6.60920279,  4.64958737]), array([ 0.02458069,  0.02063979,  0.06300415, -0.05585065]), array([-0.01311043,  0.06939077,  0.01480925,  0.00839574]), array([-0.02699613,  0.07816139,  0.01629073, -0.04789936]), array([ 0.08929414, -0.08516303,  0.01050407, -0.068     ]), array([-0.04297339, -0.0308708 ,  0.03122079,  0.01915906]), array([-0.04648086, -0.08505484, -0.01797396,  0.02780136]), array([-0.13314862,  0.00505381, -0.1315829 , -0.00369275]), array([ 0.0251644 ,  0.00938192,  0.06671108, -0.0278579 ]), array([ 0.07008615,  0.08994483,  0.02293796, -0.02385312]), array([-0.00249223,  0.05974948, -0.01719047, -0.02576705]), array([-0.01416841,  0.0286547 , -0.03557912,  0.03781597]), array([ 0.02646902, -0.00628126, -0.01250936, -0.06386041]), array([-0.03052335, -0.05227024,  0.01259283, -0.0836007 ]), array([-0.03274068,  0.02279313, -0.10506689,  0.05284647]), array([ 0.0511731 , -0.02882263,  0.04938756,  0.0182705 ]), array([-0.13826768, -0.03044575,  0.0620114 ,  0.03239535]), array([-0.00878402,  0.07015984, -0.02804852, -0.0474803 ]), array([ 0.04487143,  0.0677527 , -0.0451928 , -0.04012081]), array([-0.01656709, -0.01613986, -0.01061216,  0.04004792]), array([-0.03538146,  0.00899076,  0.01351343, -0.00433762]), array([-8.60159476e-06, -6.70364282e-02, -4.25031262e-02, -3.67498163e-02]), array([-0.09149421, -0.00615073,  0.01866073, -0.00178049]), array([-0.00021525, -0.02722766, -0.01781204, -0.01222797]), array([ 0.0609138 ,  0.01973375, -0.01128218,  0.01298289]), array([0.01896512, 0.05955239, 0.04426885, 0.04874534]), array([ 0.01535228, -0.06376891, -0.02776222, -0.02342631]), array([ 0.06961289,  0.04214855, -0.02857456, -0.0614883 ]), array([-0.03055559, -0.03863105, -0.11632828,  0.03156853]), array([ 0.06751841,  0.05386049, -0.12618947, -0.00856561]), array([-0.03286374,  0.1171143 ,  0.05055611,  0.01779566]), array([-0.06527088, -0.13613596,  0.01606209, -0.05223316]), array([0.05269749, 0.0245007 , 0.03722999, 0.00482465]), array([-0.06872035,  0.12658592,  0.02972019, -0.01584585]), array([-0.09584743,  0.08324536, -0.13345171,  0.00989281]), array([-0.083319  , -0.01776166, -0.04794624, -0.09185115]), array([ 0.04803849, -0.00496239, -0.01204915,  0.04560427]), array([ 0.07568967, -0.06047587,  0.01364369, -0.03448483]), array([-0.01302065, -0.0980292 ,  0.02880157,  0.01518796]), array([ 0.04601732, -0.03708407,  0.01277651, -0.00166768]), array([-0.05482666, -0.01342625, -0.01652855, -0.04944262]), array([-0.0636077 , -0.00551016, -0.05769232, -0.03313507]), array([-0.05975195,  0.02613349,  0.01401326,  0.00887462]), array([-0.06512573, -0.05060952,  0.02270686,  0.03135686]), array([ 0.05743355, -0.05042858, -0.03315147,  0.09165867]), array([-0.01313956, -0.08408555, -0.11140518,  0.08494932]), array([ 0.00628432, -0.03904323,  0.02100156,  0.00936454]), array([ 0.01427546,  0.00023588, -0.0200333 ,  0.07131062]), array([-0.00325694, -0.02835614,  0.15274378,  0.02243195]), array([ 0.06738142,  0.07847875, -0.0347303 , -0.03389624]), array([ 0.04465101, -0.00814861,  0.05551144, -0.04095545]), array([-0.06480087,  0.04201243,  0.06977257, -0.0148199 ]), array([-0.04787191, -0.05562721, -0.0692065 ,  0.08257192]), array([ 0.03646506, -0.01005019, -0.02016568,  0.05987951]), array([-0.04456259, -0.03827908, -0.04152599,  0.08868228])]

Actions: [array([0.06111414, 1.        ]), array([0.41436708, 1.        ]), array([0.40267562, 1.        ]), array([0.39280063, 1.        ]), array([0.8918058, 1.       ]), array([0.91628965, 1.        ]), array([0.93772557, 1.        ]), array([0.9612952, 1.       ]), array([0.98319946, 1.        ]), array([1.       , 0.9983033]), array([1.        , 0.50379296]), array([1.        , 0.44682004]), array([1.        , 0.39011469]), array([1.        , 0.23575481]), array([1.        , 0.16813832]), array([1.       , 0.0929888]), array([1.        , 0.00906944]), array([1.        , 0.87590656]), array([1.        , 0.94079526]), array([0.98886752, 1.        ]), array([0.91575842, 1.        ]), array([0.84683902, 1.        ]), array([1.        , 0.77494646]), array([1.        , 0.75968067]), array([ 1.        , -0.20703554]), array([ 1.        , -0.37944588]), array([ 1.        , -0.58924082]), array([ 1.        , -0.85090847]), array([1.        , 0.18639638]), array([1.        , 0.22076829]), array([1.       , 0.2594664]), array([0.83690728, 1.        ]), array([0.7011052, 1.       ]), array([0.57624551, 1.        ]), array([0.46023665, 1.        ]), array([0.34818388, 1.        ]), array([0.23238288, 1.        ]), array([0.21730461, 1.        ]), array([0.10111926, 1.        ]), array([0.74818149, 1.        ]), array([0.79165159, 1.        ]), array([0.83188917, 1.        ]), array([0.8919757, 1.       ]), array([1.        , 0.98655347]), array([1.        , 0.69525175])]
Bad
Feature: [19, 20, 5055.144580819493]

States: [array([-170.90256696,   -0.55181733, -132.76384307,    0.47933982]), array([-171.50511421,    0.47425262, -132.26509522,    1.01679087]), array([-171.03820924,    1.34017781, -131.23676953,    1.5713878 ]), array([-169.68824075,    2.03993601, -129.64501865,    2.00475965]), array([-167.71371285,    2.64473236, -127.59438959,    2.51496262]), array([-165.00704809,    3.15017451, -125.08536969,    2.98411491]), array([-161.87885967,    3.54591819, -122.07145703,    3.23054907]), array([-158.34649594,    3.77930272, -118.87836735,    3.47661331]), array([-154.52899841,    3.99185942, -115.45136335,    3.66136392]), array([-150.57230067,    4.12727512, -111.86076812,    3.83238131]), array([-146.38407116,    4.25391413, -108.02250399,    3.92176132]), array([-142.02545274,    4.45875874, -103.96951792,    3.88914356]), array([-137.57183229,    4.60376802, -100.1593947 ,    3.87921971]), array([-133.02627514,    4.67087271,  -96.31834688,    3.8925003 ]), array([-128.31171071,    4.70854641,  -92.46788521,    3.80588494]), array([-123.61358858,    4.76209307,  -88.70595007,    3.86276595]), array([-118.8191838 ,    4.81668411,  -84.90625769,    3.81592031]), array([-113.96305735,    4.82255064,  -81.17812964,    3.75491174]), array([-109.15541827,    4.82857399,  -77.49317958,    3.79114786]), array([-104.29858115,    4.98016053,  -73.67745276,    3.74246043]), array([-99.36709509,   5.06557528, -69.90633716,   3.75176096]), array([-94.27125175,   5.13586659, -66.11798529,   3.66705276]), array([-89.12919117,   5.19645264, -62.44985478,   3.6109564 ]), array([-83.96513843,   5.14484903, -58.982403  ,   3.60338943]), array([-78.80276818,   5.13435347, -55.37692982,   3.65712199]), array([-73.6554688 ,   5.11215581, -51.68898514,   3.6624129 ]), array([-68.51817381,   5.07779981, -48.08167197,   3.65442157]), array([-63.52354092,   5.02984316, -44.43368532,   3.63225238]), array([-58.46553545,   4.99433271, -40.77727294,   3.64644689]), array([-53.44219076,   5.02052885, -37.14534261,   3.70663666]), array([-48.47161523,   5.02136156, -33.42112406,   3.68688437]), array([-43.49345767,   4.96504452, -29.66010174,   3.67856004]), array([-38.56214567,   4.97713304, -26.04048609,   3.80235043]), array([-33.49970138,   5.08523961, -22.21586095,   3.8197007 ]), array([-28.39912199,   5.08976882, -18.34252535,   3.92305211]), array([-23.34267099,   5.02772354, -14.44512741,   3.89397405]), array([-18.30260476,   4.99572332, -10.52903452,   3.91044152]), array([-13.26316793,   5.01924523,  -6.63109559,   3.8143008 ]), array([-8.26294296,  4.96656686, -2.85127056,  3.78651317]), array([-0.11348323, -0.00299375, -0.09389605, -0.0583633 ]), array([ 0.03975595, -0.0041406 ,  0.07946739,  0.07817663]), array([-0.02875529,  0.02723195, -0.06268825, -0.06239215]), array([ 0.0227983 , -0.01229017, -0.13124526, -0.02325037]), array([0.08581029, 0.04323286, 0.03354954, 0.00170551]), array([-0.06713477, -0.07928278,  0.01138764,  0.01235138]), array([ 0.03218148,  0.04813042, -0.01660211,  0.03929849]), array([-0.03874172,  0.01708744, -0.04098406,  0.05459284]), array([ 0.01717079, -0.01736379,  0.009944  ,  0.0191883 ]), array([ 0.04435879,  0.03265958, -0.02167506,  0.0471215 ]), array([ 0.05688317, -0.02605381, -0.06858297,  0.03156563]), array([-0.00239638,  0.04672446,  0.08330411, -0.10044102]), array([-0.03999401, -0.00053953,  0.03604035, -0.00343162]), array([-0.03698839, -0.04243967, -0.04175069,  0.05811063]), array([-0.05642062,  0.04018245, -0.04628987, -0.05989203]), array([ 0.09103032, -0.06080436,  0.01475355, -0.05862796]), array([-0.02506394, -0.02500272, -0.04240141,  0.03297472]), array([-0.01691199,  0.04218125, -0.01463456, -0.02349555]), array([ 0.05914949,  0.00867522,  0.04625245, -0.07717574]), array([-0.0028199 ,  0.01239507, -0.03267309,  0.08697476]), array([-0.07197187,  0.06710876,  0.01298787, -0.04782347]), array([ 0.02414166, -0.060746  , -0.10407326, -0.05274121]), array([ 0.03251369, -0.04232892, -0.01807855, -0.03435766]), array([ 0.01558871, -0.02508051,  0.02038882,  0.02697624]), array([ 0.00874861,  0.05974656, -0.05274671,  0.0061416 ]), array([ 0.02838425,  0.03499798, -0.00431895,  0.0265415 ]), array([0.02924652, 0.01039466, 0.05801545, 0.129237  ]), array([ 0.00722882,  0.03501213, -0.04826592, -0.03177536]), array([-0.03358092,  0.06717292,  0.06449893,  0.04132205]), array([-0.00362515, -0.01142668,  0.01276112, -0.03749834]), array([ 0.08042674, -0.00772148,  0.01677248,  0.02565512]), array([-0.03280186,  0.07722813, -0.01391824,  0.03754709]), array([-0.0551963 , -0.0570503 ,  0.01929118,  0.00160452]), array([0.01121668, 0.05533638, 0.03040505, 0.01544799]), array([-0.07875274,  0.038113  ,  0.01682421,  0.01267477]), array([-0.00837155,  0.03828917, -0.03032545, -0.00711808]), array([ 0.05225045, -0.07837626,  0.02657795,  0.04503894]), array([-0.0330487 ,  0.05595963, -0.0391076 ,  0.06318964]), array([-0.02656199, -0.01980893,  0.02261155,  0.02447511]), array([-0.12151001,  0.05438095,  0.07896273, -0.06307985]), array([-0.05194565,  0.05219465,  0.00377287, -0.03143101]), array([ 0.095189  , -0.06313476, -0.03253773, -0.02159782]), array([-0.02248377, -0.01781217,  0.03129216, -0.007378  ]), array([-0.01482459,  0.02466695,  0.02217705, -0.01447879]), array([-0.0839149 ,  0.04763365, -0.03066585,  0.03363735]), array([-0.02800855,  0.00518004, -0.04411636, -0.06186523]), array([-0.00467506, -0.09654426,  0.05259984, -0.06465758]), array([-0.07585049,  0.03034918,  0.03428077,  0.04377692]), array([-0.06487827,  0.03103323, -0.02351759,  0.05551227]), array([ 0.10574645, -0.06162078,  0.02545063, -0.06504159]), array([ 0.05380716,  0.0579418 , -0.1083441 ,  0.03491397]), array([-0.07680053, -0.05668461,  0.08919058,  0.03548055]), array([-0.00905801, -0.01559346,  0.04086514, -0.02863495]), array([-0.07804675,  0.05180618, -0.02314345,  0.01879395]), array([ 0.11295023,  0.02881243, -0.02587123,  0.02509432]), array([-0.00840558, -0.04362899, -0.07516394,  0.04270058]), array([ 0.06229282,  0.12981448,  0.07433463, -0.04920297]), array([ 0.01910653,  0.04043487, -0.02326315,  0.00260978]), array([ 0.00832508, -0.00946917,  0.0388796 ,  0.01314869]), array([-0.01194244, -0.0469419 ,  0.00300456,  0.07049716]), array([-0.01649201, -0.05236976,  0.01235338,  0.01683525])]

Actions: [array([1.        , 0.75219368]), array([1.      , 0.735346]), array([1.        , 0.72312239]), array([1.        , 0.89290528]), array([1.        , 0.88733506]), array([1.        , 0.88514158]), array([1.        , 0.87979058]), array([1.        , 0.87777085]), array([1.        , 0.87579074]), array([1.        , 0.87215551]), array([1.        , 0.74553437]), array([1.        , 0.75382322]), array([1.        , 0.75066546]), array([1.        , 0.74757735]), array([1.        , 0.74514769]), array([1.        , 0.74313055]), array([1.        , 0.74123088]), array([1.        , 0.74015737]), array([1.        , 0.73905704]), array([1.        , 0.73700296]), array([1.        , 0.73570469]), array([1.        , 0.73531199]), array([1.        , 0.73650059]), array([1.        , 0.74024037]), array([1.        , 0.74279114]), array([1.        , 0.74449453]), array([1.        , 0.74741761]), array([1.        , 0.74864422]), array([1.        , 0.75066925]), array([1.        , 0.75301268]), array([1.        , 0.75335673]), array([1.        , 0.75313999]), array([1.        , 0.75526462]), array([1.        , 0.75523565]), array([1.        , 0.75461671]), array([1.        , 0.75181722]), array([1.        , 0.74656307]), array([1.        , 0.73946302])]