
Good
Feature: [20, 23, 5617.207518158361]

States: [array([-1.68971865e+02, -4.57275321e-02, -1.30974111e+02, -1.98076022e+00]), array([-169.00784626,    0.67594378, -133.04839482,   -0.60860453]), array([-168.3712128 ,    1.13451323, -133.69631385,    0.41507771]), array([-167.17369238,    1.56850634, -133.30419041,    1.26687517]), array([-165.63837938,    1.83736417, -132.01556509,    2.01632135]), array([-163.84776207,    2.01606612, -129.95084454,    2.5817465 ]), array([-161.753436  ,    2.16131929, -127.32761754,    3.06829562]), array([-159.61705426,    2.44477968, -124.22934039,    3.45217524]), array([-157.18499878,    2.75442882, -120.81732125,    3.76281839]), array([-154.37422342,    3.05274407, -117.07001054,    4.00230911]), array([-151.25439857,    3.3905165 , -113.07818215,    4.2207231 ]), array([-147.78933691,    3.65939513, -108.86167998,    4.34889733]), array([-144.20861348,    3.9483299 , -104.43981819,    3.66988   ]), array([-140.26801456,    4.19933816, -100.82768236,    3.03547283]), array([-135.99435064,    4.44869194,  -97.76861158,    2.52118136]), array([-131.59178465,    4.59701355,  -95.18517305,    1.94337865]), array([-126.86279218,    4.58237529,  -93.26039122,    1.46671619]), array([-122.29700214,    4.77168129,  -91.66137964,    1.72685932]), array([-117.45087346,    4.77322219,  -89.95089755,    1.96250345]), array([-112.59230659,    4.78692716,  -87.99433643,    2.24068374]), array([-107.75774061,    4.84578793,  -85.67796642,    2.49043299]), array([-102.8821187 ,    4.97313957,  -83.24433801,    2.65945582]), array([-97.85881892,   4.96021791, -80.60342479,   2.91871507]), array([-92.84186479,   5.0047019 , -77.65610674,   3.07102523]), array([-87.87578055,   5.05604554, -74.62278092,   3.26550304]), array([-82.80910676,   5.11664279, -71.24864117,   3.31339398]), array([-77.71437947,   5.11262946, -67.87866324,   3.40168339]), array([-72.55441657,   5.05682825, -64.4579692 ,   3.55895982]), array([-67.42315694,   4.98934727, -60.89042525,   3.86319033]), array([-62.36508985,   4.74555377, -56.97787595,   4.04490393]), array([-57.65463076,   4.58324336, -52.99153403,   4.20931595]), array([-53.02190534,   4.68287327, -48.81122242,   3.84485807]), array([-48.39847807,   4.8761505 , -44.92692705,   3.45031846]), array([-43.47695668,   4.93732272, -41.45429836,   3.11958194]), array([-38.53500183,   5.00197652, -38.3577764 ,   2.75682056]), array([-33.53529514,   5.04773046, -35.65147469,   3.01324668]), array([-28.49358699,   5.02747065, -32.55080071,   3.25214294]), array([-23.43258181,   4.73821199, -29.36063849,   3.64766551]), array([-18.66871062,   4.72013238, -25.78973767,   3.88688541]), array([-13.95253755,   4.70427284, -21.94522107,   4.27035892]), array([ -9.26169999,   4.49479748, -17.70204479,   4.45707447]), array([ -4.74791748,   4.18369876, -13.25061036,   4.6229919 ]), array([-0.56344439,  3.43051041, -8.59964477,  4.7784655 ]), array([ 0.01902039, -0.00827169, -0.0583696 ,  0.00685347]), array([-0.05422159, -0.05054658,  0.0123745 , -0.04924508]), array([ 0.04114966, -0.00597776, -0.0032821 ,  0.07229213]), array([-0.10633897,  0.01071702,  0.07152082, -0.01928782]), array([-0.0238701 , -0.02982479, -0.07403431, -0.01849393]), array([-0.02849501,  0.09457951,  0.0428459 ,  0.01540597]), array([ 0.02319551,  0.05092776,  0.02545088, -0.01197226]), array([0.00187414, 0.06447679, 0.02779137, 0.01666314]), array([-0.06245472, -0.00884859,  0.0125609 , -0.00434699]), array([-0.03758635,  0.02163615, -0.03125484, -0.00429718]), array([-0.03182124, -0.06613771, -0.08216317, -0.07189825]), array([-0.03776085, -0.05185851,  0.00709648, -0.03643482]), array([-0.01610263, -0.06020671, -0.00035354,  0.01290637]), array([-0.00012943,  0.05893028, -0.02221352, -0.03445733]), array([-0.04945481, -0.05153942,  0.03339565,  0.03511294]), array([ 0.05250874,  0.03294323, -0.0129795 , -0.00887945]), array([-0.08548601,  0.04701737, -0.01591393,  0.04456194]), array([-0.01392856, -0.03510788,  0.02338848, -0.00907176]), array([-0.01029124,  0.08455938,  0.01427307, -0.04424354]), array([0.00938684, 0.02290457, 0.00625287, 0.05055345]), array([ 0.10484913,  0.06637645, -0.08750013,  0.03636687]), array([ 0.09489214,  0.02658084,  0.01870892, -0.04985992]), array([ 0.07376699,  0.02800131,  0.04561994, -0.03029382]), array([-0.0500912 , -0.06684137,  0.04875315,  0.06351867]), array([-0.01186546, -0.06430115,  0.05297371, -0.01355773]), array([ 0.00772426, -0.00387606, -0.04271586, -0.06950748]), array([-0.03145722,  0.05122973, -0.01002019,  0.09614347]), array([-0.04860037, -0.05239698,  0.08595092, -0.03336586]), array([-0.0566287 ,  0.04484534, -0.04647534,  0.07540322]), array([-0.09426575, -0.0048154 ,  0.08322965,  0.00526686]), array([-0.03537906, -0.05811198,  0.00483066,  0.07980357]), array([-0.02153009,  0.02622611,  0.01944737, -0.0046937 ]), array([ 0.01314859,  0.04998673, -0.00041021, -0.01568708]), array([-0.05586136, -0.0154329 ,  0.03964934,  0.08388964]), array([0.04826018, 0.01901102, 0.04276186, 0.09497654]), array([-0.00148133, -0.01786684, -0.04015812,  0.06391994]), array([ 0.03272574, -0.03189977,  0.00277607,  0.02985363]), array([-0.0783381 ,  0.05349963,  0.06173426, -0.01464167]), array([-0.11323567,  0.00605426, -0.01322334, -0.08925284]), array([-0.10541258,  0.03083645, -0.04790801, -0.03816632]), array([-0.06769314, -0.04313919,  0.01792488, -0.06379277]), array([0.04977985, 0.00960818, 0.02823965, 0.04968296]), array([0.02470474, 0.03290982, 0.0862267 , 0.02786501]), array([ 0.08451963, -0.0366532 ,  0.02016179,  0.03975325]), array([-0.00118999, -0.03849847, -0.04716634, -0.04436232]), array([-0.15125507,  0.04102964, -0.02024606,  0.0402205 ]), array([-0.06835952, -0.02040494, -0.03609415, -0.01790314]), array([-0.05074117,  0.02535769,  0.06058205, -0.05819769]), array([ 0.03267532, -0.03215977, -0.01925735, -0.07935601]), array([ 0.0646053 , -0.02911702,  0.04200524, -0.01917916]), array([-0.00665719, -0.09846537,  0.08892725,  0.01065292]), array([-0.08315309,  0.08457366,  0.07164399, -0.03307304]), array([ 0.02603004, -0.04401604,  0.06544313,  0.01559349]), array([ 0.00349751, -0.00386093, -0.04485715, -0.05534967]), array([ 0.0751452 , -0.08486819, -0.03496215,  0.04549538]), array([-0.02369777, -0.06002049, -0.03053121,  0.01978738]), array([-0.09112927,  0.00687659, -0.04343222, -0.00137178])]

Actions: [array([0.65540869, 1.        ]), array([0.6291326, 1.       ]), array([0.60866402, 1.        ]), array([0.58972403, 1.        ]), array([0.57400804, 1.        ]), array([0.5612003, 1.       ]), array([0.74506073, 1.        ]), array([0.74859349, 1.        ]), array([0.91980132, 1.        ]), array([0.93580204, 1.        ]), array([0.95302218, 1.        ]), array([1.       , 0.1834888]), array([1.        , 0.11042367]), array([1.        , 0.04366111]), array([ 1.        , -0.02265811]), array([ 1.        , -0.09161646]), array([1.        , 0.63838535]), array([1.        , 0.65735661]), array([1.        , 0.68022459]), array([1.        , 0.70282952]), array([1.        , 0.72255991]), array([1.        , 0.74437272]), array([1.       , 0.7154863]), array([1.        , 0.72490271]), array([1.        , 0.73386245]), array([1.        , 0.83186911]), array([1.       , 0.8482258]), array([0.96930603, 1.        ]), array([0.81454851, 1.        ]), array([0.7692033, 1.       ]), array([1.        , 0.44606918]), array([1.        , 0.39439342]), array([1.        , 0.33759192]), array([1.        , 0.27983804]), array([1.        , 0.77014287]), array([1.        , 0.80954415]), array([0.68768533, 1.        ]), array([0.92230609, 1.        ]), array([0.85449098, 1.        ]), array([0.7742655, 1.       ]), array([0.6708817, 1.       ]), array([0.07418418, 1.        ])]
Bad
Feature: [19, 19, 4769.700462342627]

States: [array([-169.4354321 ,    0.41961643, -129.11791249,    0.94859251]), array([-169.01486053,    1.29055734, -128.33088424,    1.55353929]), array([-167.76978799,    2.11885339, -126.74011422,    2.01963841]), array([-165.56670151,    2.62072451, -124.65819523,    2.41531298]), array([-162.96534004,    3.10238799, -122.19693561,    2.69741378]), array([-159.77448554,    3.46519457, -119.48047573,    2.9727645 ]), array([-156.25353668,    3.82916581, -116.56003391,    3.19739196]), array([-152.39248891,    4.09255142, -113.37380858,    3.27167887]), array([-148.36191828,    4.24925699, -110.04155943,    3.416478  ]), array([-144.12433519,    4.39769741, -106.63854659,    3.47747282]), array([-139.62658357,    4.5254621 , -103.19593311,    3.48713183]), array([-135.16611969,    4.61772693,  -99.7431786 ,    3.47479298]), array([-130.57872455,    4.70192663,  -96.28288689,    3.50870133]), array([-125.81388386,    4.73806583,  -92.76072193,    3.49536715]), array([-121.09249348,    4.76323543,  -89.21889555,    3.57321879]), array([-116.34712253,    4.78877317,  -85.61938105,    3.66988956]), array([-111.41834015,    4.94021757,  -81.93008814,    3.68173638]), array([-106.55620711,    4.92640274,  -78.28164636,    3.7413887 ]), array([-101.53681292,    4.8853155 ,  -74.51345385,    3.72263579]), array([-96.62277218,   4.88037247, -70.87376989,   3.65497783]), array([-91.7280891 ,   4.87680322, -67.23726092,   3.68053062]), array([-86.98991111,   4.9364491 , -63.52320325,   3.68029815]), array([-82.02043313,   4.95353738, -59.82536672,   3.63985975]), array([-77.03013471,   4.93958285, -56.10592513,   3.71937204]), array([-72.03909467,   4.91521184, -52.42767953,   3.74772677]), array([-67.15974993,   4.94071281, -48.73637298,   3.66726156]), array([-62.16131235,   4.98713693, -45.06394726,   3.70909803]), array([-57.18694145,   4.9594015 , -41.37759879,   3.75447225]), array([-52.23614162,   5.05581842, -37.63978962,   3.70720954]), array([-47.19677377,   5.02187032, -33.82497332,   3.7381143 ]), array([-42.21147323,   5.02820268, -30.12232417,   3.75346695]), array([-37.18588625,   5.03618491, -26.40318101,   3.89219126]), array([-32.04281095,   5.01375625, -22.50588636,   3.92352216]), array([-27.03536672,   4.91572305, -18.57714168,   3.88222429]), array([-22.1061682 ,   4.88359429, -14.66344252,   3.98049683]), array([-17.26205979,   4.91029701, -10.79450338,   4.03914386]), array([-12.36731799,   4.88976904,  -6.69435393,   3.99622887]), array([-7.44438734,  4.9459627 , -2.70458847,  4.02524978]), array([-0.07212882, -0.01433269, -0.01090573, -0.12409566]), array([-0.12578563, -0.03567554, -0.09686663, -0.02569898]), array([-0.02857924, -0.02000459, -0.05341496,  0.01315565]), array([ 0.02468176,  0.0352054 ,  0.05025157, -0.01027161]), array([-0.0077466 , -0.01131045,  0.01849204,  0.01062194]), array([-0.01772954, -0.12091895,  0.03532947,  0.04794557]), array([-0.00477067,  0.01368767, -0.04207665, -0.06747275]), array([-0.0108255 , -0.01259477, -0.07935742, -0.0250111 ]), array([-0.01935719,  0.0716287 , -0.00543476, -0.03539268]), array([-0.00816579, -0.05674145, -0.03391519, -0.08450844]), array([ 0.05622443,  0.00115211, -0.03772834,  0.00936696]), array([0.04368792, 0.05545395, 0.05977777, 0.00668282]), array([ 0.0157245 , -0.13535012,  0.02725393, -0.00028353]), array([-0.08266006, -0.03777025,  0.00742913,  0.02426679]), array([ 0.08059371, -0.02388068, -0.01869682, -0.0648012 ]), array([-0.04292401, -0.02041951, -0.0217838 ,  0.07429812]), array([ 0.00425973, -0.02612238,  0.01149054, -0.05474651]), array([ 0.01020818, -0.01849238,  0.05739452, -0.03136562]), array([-0.03071429,  0.02658984, -0.01272898,  0.075585  ]), array([-0.034896  , -0.0093398 ,  0.03421061,  0.12018027]), array([-0.04680051, -0.02913894, -0.00632181, -0.03813154]), array([ 0.02218362, -0.06462388,  0.03971168, -0.01237146]), array([-0.0341055 , -0.00377706, -0.03822643, -0.03865934]), array([-0.02175331,  0.01936458,  0.02589493,  0.06492703]), array([0.03369181, 0.04365292, 0.0857312 , 0.03547605]), array([-0.09572846,  0.00352888, -0.06503894, -0.04903496]), array([-0.01463248, -0.05433884, -0.00853117,  0.00214578]), array([ 0.02179979, -0.08749761, -0.10160408, -0.04166467]), array([ 0.02344427, -0.00903279, -0.00308786,  0.05538701]), array([-0.05286444, -0.04560989, -0.03108287,  0.07119141]), array([ 0.08938108,  0.03616009,  0.01092167, -0.04844927]), array([-0.00822302,  0.03875085, -0.05710072, -0.09135236]), array([0.04446945, 0.07110082, 0.0652557 , 0.00509113]), array([ 0.02908462,  0.06357776,  0.043454  , -0.09839401]), array([ 0.0201561 ,  0.02107716, -0.02645897,  0.09422821]), array([-2.83189108e-02, -1.72107847e-02,  5.04700213e-03,  2.55196235e-05]), array([-0.01599095, -0.05433527, -0.05484453, -0.02259391]), array([-0.02220268, -0.02665831, -0.09174341,  0.04771498]), array([-0.00650967,  0.0104917 , -0.05158493, -0.04123583]), array([-0.03000057, -0.0422519 ,  0.02744865,  0.06880545]), array([-0.12456423, -0.02704208, -0.10344041, -0.05695665]), array([ 0.01778164, -0.03737188, -0.04456607, -0.08133766]), array([ 0.05166192, -0.07914091,  0.03538449, -0.04827947]), array([ 0.03838773,  0.0274407 , -0.03365286,  0.01753198]), array([ 0.00886172, -0.06025555,  0.04073455, -0.02618424]), array([-0.05505175, -0.08752358,  0.06965994, -0.04411649]), array([ 0.02256081, -0.05103425,  0.02312081,  0.03925978]), array([ 0.01383053,  0.05191583,  0.00404592, -0.07378306]), array([ 0.01237769,  0.10974545, -0.0581668 , -0.09327786]), array([-0.00226545, -0.03323321, -0.0120408 , -0.02181906]), array([-0.05214997,  0.03131689,  0.02546238, -0.02825348]), array([ 0.09844282, -0.07330684, -0.0132085 ,  0.08899875]), array([0.09348458, 0.05778831, 0.02425592, 0.00951722]), array([-0.07623419, -0.00661724,  0.00386005,  0.02235694]), array([ 0.06668307, -0.02842761,  0.04936261,  0.04807106]), array([0.05084045, 0.02393765, 0.01820323, 0.0652615 ]), array([ 0.03971725, -0.0347894 ,  0.02533836, -0.00260669]), array([ 0.01984658,  0.00856545, -0.07226032,  0.09491108]), array([ 0.00983574, -0.08205155,  0.06451019, -0.01434036]), array([ 0.06968252,  0.09674933,  0.03546669, -0.06601271]), array([ 0.05293613,  0.08204573, -0.02654554,  0.10509558]), array([0.04640274, 0.03711932, 0.11333713, 0.01849961])]

Actions: [array([1.        , 0.77618803]), array([1.        , 0.77351238]), array([1.        , 0.76983941]), array([1.        , 0.76755183]), array([1.        , 0.76475468]), array([1.        , 0.76305891]), array([1.        , 0.76159228]), array([1.        , 0.76001251]), array([1.        , 0.75823701]), array([1.        , 0.75694722]), array([1.        , 0.75668065]), array([1.        , 0.75611946]), array([1.        , 0.75618174]), array([1.        , 0.75680933]), array([1.        , 0.75706184]), array([1.        , 0.75700346]), array([1.        , 0.75736849]), array([1.        , 0.75767834]), array([1.        , 0.75801174]), array([1.        , 0.75886606]), array([1.        , 0.75968732]), array([1.        , 0.75841646]), array([1.        , 0.75925147]), array([1.        , 0.76011791]), array([1.        , 0.76165499]), array([1.       , 0.7620117]), array([1.        , 0.78103187]), array([1.        , 0.78469127]), array([1.        , 0.78766941]), array([1.        , 0.79115522]), array([1.        , 0.78815705]), array([1.        , 0.79468453]), array([1.        , 0.80063492]), array([1.        , 0.80362404]), array([1.        , 0.80578763]), array([1.       , 0.8077959]), array([1.       , 0.7958382])]