
Good
Feature: [16, 24, 4971.688392064431]

States: [array([-1.68884899e+02, -1.38709697e-01, -1.29154920e+02,  1.55091651e-01]), array([-168.96306951,    0.68495195, -128.96300213,    1.18302333]), array([-168.23324139,    1.5248484 , -127.84817886,    1.83206717]), array([-166.63361247,    2.12266265, -125.95541761,    2.42929311]), array([-164.52976482,    2.50344949, -123.49328439,    2.96595752]), array([-161.98984985,    2.84411777, -120.56750315,    3.38882461]), array([-159.18483095,    3.124144  , -117.16355674,    3.68821966]), array([-156.10875372,    3.32859547, -113.51684788,    3.92428283]), array([-152.7369244 ,    3.5364497 , -109.61805312,    4.06378321]), array([-149.24613526,    3.74557749, -105.45261995,    4.19137689]), array([-145.51814527,    3.82094063, -101.20532422,    4.34502435]), array([-141.59747508,    3.92057287,  -96.8446579 ,    4.45127705]), array([-137.67467719,    4.10311249,  -92.4672137 ,    4.52743551]), array([-133.58088385,    4.17999134,  -87.89632011,    4.52698308]), array([-129.41187207,    4.25501461,  -83.41230943,    4.66339479]), array([-125.17594734,    4.3265168 ,  -78.77604851,    4.78375028]), array([-121.0055347 ,    4.28840823,  -73.98925533,    4.87561614]), array([-116.73099889,    4.25796537,  -69.2560457 ,    4.80430724]), array([-112.44541537,    4.37805008,  -64.4272618 ,    4.53228112]), array([-107.9736894 ,    4.5771468 ,  -59.92419993,    4.28718259]), array([-103.37474343,    4.75505611,  -55.69831096,    4.10612473]), array([-98.5992891 ,   4.73488079, -51.50112006,   4.03390395]), array([-93.84297124,   4.74476028, -47.47007871,   3.87998609]), array([-89.00141258,   4.83872645, -43.54876301,   3.46725045]), array([-84.14149907,   4.95212906, -40.07077167,   2.9563929 ]), array([-79.04085514,   5.04482648, -37.10522726,   2.5874751 ]), array([-73.96194954,   5.0500465 , -34.4804053 ,   2.95846734]), array([-68.88235818,   4.98570025, -31.51602175,   2.66924036]), array([-63.78990246,   5.02463537, -28.85516629,   2.46771147]), array([-58.78103204,   5.00369134, -26.45494489,   2.37612257]), array([-53.79485725,   5.0735437 , -23.97913428,   2.23897872]), array([-48.75447885,   5.05455286, -21.74838651,   2.16148196]), array([-43.69140024,   5.02048278, -19.61668532,   2.13295801]), array([-38.58652631,   4.9766663 , -17.5204555 ,   2.13441352]), array([-33.58564909,   5.03973754, -15.32873086,   2.18886559]), array([-28.55568472,   5.01397699, -13.10643465,   2.18396596]), array([-23.56062246,   5.01369022, -10.89941644,   2.12999524]), array([-18.46467666,   4.9705043 ,  -8.74192588,   2.07486517]), array([-13.51848756,   5.00954892,  -6.64944761,   2.17126858]), array([-8.50201471,  4.95524843, -4.48378692,  2.14790326]), array([0.00728389, 0.04233007, 0.00108424, 0.02026529]), array([0.04950993, 0.01685778, 0.03549346, 0.02712685]), array([-0.01825401, -0.03086211,  0.05140661, -0.01590362]), array([-0.06060234,  0.02420934, -0.11724898,  0.0327979 ]), array([ 0.0326453 , -0.04011345, -0.10653401, -0.03632784]), array([ 0.03605073, -0.06973036, -0.05218035, -0.05233028]), array([-0.03943457, -0.07607024,  0.00146089,  0.07930666]), array([-0.06488763,  0.09091226, -0.01256929, -0.00021824]), array([-0.0041504 , -0.04133273,  0.02536197,  0.05672636]), array([ 0.02606286,  0.07571679, -0.00483713, -0.00758741]), array([ 0.03235173,  0.08016626, -0.03823773, -0.00201916]), array([-0.06005529,  0.02137731,  0.03022894,  0.00427886]), array([ 0.03175981,  0.07540733, -0.04208047,  0.04179975]), array([-0.00805597, -0.03749749,  0.03824204, -0.04456224]), array([-0.02662501,  0.04421656,  0.04603134,  0.11475526]), array([-0.00253492, -0.05425902, -0.00465494, -0.01853131]), array([ 0.10645115,  0.02487993, -0.06174099,  0.05652218]), array([ 0.05998471, -0.01993816, -0.120707  , -0.03539697]), array([ 0.05829852,  0.04588562,  0.06054367, -0.09146913]), array([-0.1569311 , -0.09090369, -0.04058626, -0.01597651]), array([ 0.04209747,  0.07498933,  0.05315795, -0.05774731]), array([-0.02455237, -0.0258927 , -0.02947845,  0.01945536]), array([0.06607056, 0.03242314, 0.00133491, 0.02532653]), array([ 0.0176265 ,  0.02450886,  0.01328674, -0.02050327]), array([ 0.06317732,  0.0611886 ,  0.01275873, -0.07911022]), array([0.03808981, 0.01147273, 0.01046851, 0.00289057]), array([ 0.03619701, -0.0087091 ,  0.02832171,  0.02680709]), array([-0.01950433,  0.01771377,  0.1346997 ,  0.02041837]), array([ 0.00691273, -0.01134882, -0.01106841, -0.02334061]), array([ 0.04857464,  0.02230354, -0.00759067, -0.03339766]), array([ 0.06072538, -0.06197326, -0.04049987, -0.00821019]), array([-0.0167013 ,  0.06934224, -0.0213644 , -0.0222504 ]), array([ 0.02478801, -0.01094458,  0.06785746, -0.002123  ]), array([ 0.00080828,  0.0214977 , -0.02638984, -0.10901941]), array([ 0.00641318, -0.00595907,  0.05980633, -0.04232173]), array([0.00258518, 0.03403841, 0.02190186, 0.04098395]), array([ 0.06322261, -0.01906469,  0.0071343 ,  0.11584898]), array([-0.00308574,  0.01944166, -0.05352198, -0.02605821]), array([-0.02712052, -0.00516077,  0.05061345, -0.03693659]), array([-0.02860883, -0.01404513,  0.0754433 , -0.06328764]), array([-0.03269285, -0.07418252,  0.00157883, -0.01550312]), array([ 0.05061556,  0.08272328,  0.04918586, -0.01625662]), array([ 0.05178105, -0.0390928 , -0.02837729,  0.11450657]), array([-0.13554213,  0.00906646, -0.01801142, -0.09666392]), array([ 0.03938034, -0.03460602, -0.04318671,  0.03738286]), array([-0.05212458, -0.01586811,  0.01636532, -0.0263404 ]), array([-0.0251664 , -0.00441553,  0.05305539, -0.04249856]), array([ 0.00302374, -0.11978635, -0.02653317, -0.00949095]), array([-0.02795663, -0.00011334, -0.06392834,  0.05478325]), array([-0.02640113, -0.05852791, -0.0278154 ,  0.06847102]), array([ 0.07898803, -0.03261292, -0.04782367, -0.0554454 ]), array([-0.05876701,  0.01053896,  0.03114124, -0.08424192]), array([-0.01901014, -0.03885598,  0.06886728, -0.05194275]), array([-0.10165655,  0.03923231,  0.01669952,  0.03225936]), array([-0.04491153, -0.08530237,  0.1080379 , -0.06792623]), array([ 0.02583004, -0.03253958, -0.05558067,  0.03609338]), array([-0.04507851,  0.10208115, -0.01422435,  0.00711947]), array([-0.07124411, -0.02274033,  0.07802947, -0.01312046]), array([-0.02577023, -0.04078517, -0.01367073,  0.01754761]), array([-0.01632747,  0.05268374,  0.02062015,  0.02055932])]

Actions: [array([0.86799874, 1.        ]), array([0.87058877, 1.        ]), array([0.87316656, 1.        ]), array([0.87374659, 1.        ]), array([0.87427937, 1.        ]), array([0.87448883, 1.        ]), array([0.87656495, 1.        ]), array([0.87808925, 1.        ]), array([0.87877665, 1.        ]), array([0.88116713, 1.        ]), array([0.8813857, 1.       ]), array([0.88014747, 1.        ]), array([0.87894061, 1.        ]), array([0.87751357, 1.        ]), array([0.87272826, 1.        ]), array([0.86844658, 1.        ]), array([0.86810911, 1.        ]), array([1.        , 0.74522989]), array([1.        , 0.71918096]), array([1.        , 0.69710267]), array([1.        , 0.67810822]), array([1.        , 0.65850725]), array([1.        , 0.28644968]), array([1.        , 0.22842494]), array([1.        , 0.16742721]), array([1.        , 0.88053102]), array([1.        , 0.38195286]), array([1.        , 0.36563151]), array([1.        , 0.35177648]), array([1.        , 0.33965503]), array([1.        , 0.38701595]), array([1.        , 0.38125537]), array([1.        , 0.43272781]), array([1.        , 0.43562065]), array([1.        , 0.43523113]), array([1.        , 0.43408817]), array([1.        , 0.43247237]), array([1.        , 0.43492972]), array([1.        , 0.43915093])]
Bad
Feature: [19, 20, 5057.6671055755205]

States: [array([-171.85170731,    0.39394395, -129.21985789,   -1.89792964]), array([-171.53409389,    1.38948946, -131.06793785,   -0.66981685]), array([-170.09297937,    2.0458521 , -131.7128781 ,    0.19873816]), array([-168.04481278,    2.70882594, -131.46931885,    0.92968238]), array([-165.41656839,    3.18119682, -130.56062497,    1.5464638 ]), array([-162.13147089,    3.60671203, -128.91955841,    1.99349871]), array([-158.55337213,    3.87030508, -127.00170214,    2.48076238]), array([-154.70779867,    4.04210539, -124.53088689,    2.79283152]), array([-150.73264783,    4.32362592, -121.73328334,    3.05168564]), array([-146.40787599,    4.44334845, -118.63121694,    3.26165849]), array([-141.94371532,    4.52827165, -115.33164232,    3.42782157]), array([-137.37920667,    4.66587531, -111.87049727,    3.5673389 ]), array([-132.74963073,    4.78512081, -108.25710041,    3.73752155]), array([-127.98672011,    4.83118243, -104.4000265 ,    3.81650108]), array([-123.21230741,    4.80725996, -100.60997248,    3.89629802]), array([-118.40016122,    4.87229053,  -96.76730223,    3.98218583]), array([-113.53103871,    4.80311562,  -92.77155683,    4.07715408]), array([-108.77425738,    4.85286229,  -88.77323807,    4.01146549]), array([-103.90417754,    4.86081856,  -84.7686295 ,    3.9496037 ]), array([-98.96132663,   4.84102657, -80.84332582,   4.05217336]), array([-94.16354604,   4.80642731, -76.84482923,   4.01269556]), array([-89.33403468,   4.79004645, -72.8834216 ,   4.10157249]), array([-84.55434763,   4.84378696, -68.78125651,   4.08238207]), array([-79.71948724,   4.83932844, -64.6396178 ,   4.07424713]), array([-74.88704745,   4.77836723, -60.64386194,   4.2130641 ]), array([-70.1733641 ,   4.80145357, -56.54842428,   4.18184092]), array([-65.34281474,   4.69144413, -52.3282942 ,   4.19011717]), array([-60.70828289,   4.70946038, -48.17888543,   4.26512434]), array([-56.02829711,   4.77276306, -43.86044633,   4.20819846]), array([-51.25587667,   4.75130558, -39.67896064,   4.18500422]), array([-46.57768093,   4.65705453, -35.50727369,   4.22068895]), array([-41.95262826,   4.65120692, -31.30760416,   4.24060512]), array([-37.30746966,   4.80201996, -27.03725298,   4.13519402]), array([-32.49580038,   4.85463202, -22.82765465,   4.24376486]), array([-27.61346688,   4.87983481, -18.53727627,   4.16791691]), array([-22.77128429,   4.89719384, -14.37272374,   4.07155784]), array([-17.88198552,   4.8855674 , -10.25564982,   4.0836591 ]), array([-13.01843898,   4.93573452,  -6.20713131,   4.12607861]), array([-8.11173491,  4.9484446 , -2.13157967,  4.04699963]), array([-0.00707308,  0.08337722, -0.06298172,  0.03707164]), array([-0.00630399,  0.07180978,  0.07321427,  0.03744728]), array([ 0.07570141, -0.04479707, -0.01299519,  0.00917714]), array([-0.08174554,  0.02032833,  0.01758129, -0.07029671]), array([ 2.03168905e-02, -2.81235265e-05,  3.93990019e-02,  4.35817340e-02]), array([-0.11352765,  0.03900253,  0.061963  ,  0.01841738]), array([-0.01927899,  0.01324546,  0.02429574, -0.02461627]), array([-0.01970239,  0.01985125,  0.02666291, -0.00611459]), array([ 0.03619405, -0.00631668,  0.06095057, -0.00839279]), array([ 0.08411829,  0.01238525,  0.01636201, -0.02983207]), array([-0.11020769, -0.00638868,  0.00336865,  0.00303068]), array([ 0.03293454,  0.01176841, -0.03833038, -0.04785287]), array([ 0.03329444, -0.08828388, -0.0599635 , -0.04133785]), array([-0.078872  ,  0.01113692,  0.00830453,  0.01358443]), array([ 0.01042573,  0.01822943,  0.07505161, -0.02099806]), array([-0.04041021,  0.00738754,  0.04522164,  0.06032799]), array([ 0.04373865,  0.11355689,  0.00431488, -0.05345605]), array([ 0.05383492, -0.04277186, -0.01274207, -0.0052377 ]), array([-0.0116262 , -0.07912005, -0.00818811, -0.09988547]), array([-0.15978171, -0.05927718, -0.06562368, -0.00982925]), array([-0.00217919, -0.02759489, -0.01311513,  0.00981783]), array([-0.01073108,  0.03503867, -0.01521511,  0.09539475]), array([-0.03996622, -0.06441341, -0.00113719, -0.00614831]), array([-0.03014012, -0.02968835, -0.06941125,  0.02441955]), array([ 0.0065698 ,  0.06409671, -0.00212945,  0.07755924]), array([ 0.06504365, -0.05841016,  0.03740011, -0.0432318 ]), array([ 0.0368613 , -0.03837183,  0.04115963,  0.03612445]), array([ 0.07773303, -0.07068482,  0.06028166, -0.03359361]), array([-0.12688516,  0.05264903,  0.09052398, -0.03911374]), array([ 0.00587896,  0.04665113,  0.04507706, -0.00329632]), array([-0.08008021, -0.02287759, -0.02361663, -0.06212419]), array([ 0.08676499, -0.0068325 ,  0.00285922, -0.05408813]), array([ 0.03974763, -0.09306512, -0.03700206, -0.09249101]), array([-0.06438408, -0.00337065, -0.04829228,  0.01991624]), array([ 0.03716738, -0.04646156, -0.00658979, -0.03127058]), array([-0.04717367, -0.00024536,  0.06411975,  0.01293381]), array([-0.06480617, -0.00399489,  0.01322527,  0.00856862]), array([-0.00580532,  0.00979284, -0.05794585,  0.00944065]), array([0.0765589 , 0.02693389, 0.06105273, 0.03769044]), array([-0.02948717, -0.0191784 , -0.04763788, -0.03204687]), array([-0.01028301,  0.08515246,  0.02033527,  0.00046992]), array([-0.01245463, -0.04183361,  0.04460479,  0.01254858]), array([-0.05831843, -0.00770672, -0.03457262,  0.026535  ]), array([ 0.01499752,  0.04052776, -0.04220531, -0.08061984]), array([ 0.02318807, -0.03874341,  0.04804159,  0.01388686]), array([ 0.04972116, -0.08693408,  0.03159822,  0.02251351]), array([-0.02947206,  0.00718885,  0.03806738,  0.05267924]), array([-0.0686164 , -0.02396305,  0.07199598,  0.0556657 ]), array([-0.03582177, -0.06748442,  0.01817984,  0.04524378]), array([ 0.02056054, -0.02893359, -0.0332205 ,  0.00165737]), array([-0.03194555,  0.02089437,  0.04538747,  0.02621301]), array([-0.0396891 ,  0.06032452,  0.05699877,  0.0507139 ]), array([-0.14170529, -0.02956055, -0.08408906,  0.05713525]), array([ 0.06252073,  0.05294829,  0.0593323 , -0.02064831]), array([-0.02813988,  0.01021285,  0.06891722,  0.07385363]), array([-0.02879894,  0.02939979, -0.06844275, -0.01294412]), array([-0.00291927, -0.04614114,  0.04852165, -0.01995106]), array([-0.00874395,  0.06700632, -0.04501683, -0.0347009 ]), array([ 0.00583931, -0.04119997, -0.00249174,  0.00675829]), array([-0.11128875,  0.03169066, -0.05239482,  0.01869942]), array([-0.00594539, -0.01808827,  0.00740325, -0.02613707])]

Actions: [array([1.        , 0.77513846]), array([1.        , 0.78743571]), array([1.        , 0.76485347]), array([1.        , 0.77260723]), array([1.        , 0.80855371]), array([1.        , 0.81469635]), array([1.       , 0.8208642]), array([1.       , 0.8252098]), array([1.        , 0.82834731]), array([1.        , 0.83155963]), array([1.        , 0.83440408]), array([1.        , 0.83687731]), array([1.        , 0.83879813]), array([1.        , 0.83985102]), array([1.        , 0.84159035]), array([1.        , 0.84329522]), array([1.        , 0.84424127]), array([1.        , 0.84439813]), array([1.        , 0.84540419]), array([1.        , 0.84788643]), array([1.        , 0.84860056]), array([1.        , 0.85008142]), array([1.        , 0.84963614]), array([1.        , 0.84922855]), array([1.       , 0.8506141]), array([1.        , 0.84944201]), array([1.        , 0.84773525]), array([1.        , 0.84428011]), array([1.        , 0.83807217]), array([1.        , 0.83472811]), array([1.       , 0.8293629]), array([1.        , 0.82129188]), array([1.        , 0.81003063]), array([1.        , 0.80127173]), array([1.        , 0.78896459]), array([1.        , 0.77567149]), array([1.        , 0.76022024]), array([1.        , 0.73846824])]