
Good
Feature: [21, 23, 5682.028299746292]

States: [array([-169.63291952,   -0.44883731, -130.46489436,    0.41807187]), array([-170.00211777,    0.69642394, -130.01668037,    0.49740997]), array([-169.28539479,    1.58869222, -129.51363888,    0.54311667]), array([-167.71485139,    2.25655467, -128.93429348,    0.59264131]), array([-165.41743546,    2.83541422, -128.41323978,    0.64492163]), array([-162.48198609,    3.27858033, -127.76965463,    0.6214012 ]), array([-159.22982227,    3.64565131, -127.13268831,    0.6882685 ]), array([-155.52377399,    3.93620087, -126.47345492,    1.10424083]), array([-151.52859883,    4.1716401 , -125.40663843,    1.6062909 ]), array([-147.40562623,    4.30556721, -123.76920687,    2.13715443]), array([-143.11418929,    4.45642378, -121.62759115,    2.67200708]), array([-138.68198885,    4.52656235, -118.8822698 ,    3.0598439 ]), array([-134.07500219,    4.51118397, -115.75130542,    3.37132718]), array([-129.57745899,    4.34460898, -112.43447073,    3.72133117]), array([-125.23980922,    4.06983936, -108.62856941,    3.93643652]), array([-121.1518226 ,    3.65144759, -104.6710435 ,    4.204812  ]), array([-117.46127601,    3.33472468, -100.47177828,    4.41715792]), array([-114.20519279,    3.00303812,  -96.1084187 ,    4.59603792]), array([-111.21705677,    3.32880422,  -91.5412675 ,    4.07811641]), array([-107.95365344,    3.61513852,  -87.50616892,    3.63236397]), array([-104.39757848,    3.95727648,  -83.92806839,    3.13318624]), array([-100.52282157,    4.18013297,  -80.77161978,    2.75351736]), array([-96.28181574,   4.40964671, -78.01929323,   2.3787934 ]), array([-91.90356898,   4.56082668, -75.54118226,   2.01261206]), array([-87.37033637,   4.71648324, -73.55502294,   1.74494509]), array([-82.67952385,   4.80436062, -71.78264366,   1.46966534]), array([-77.87941388,   4.86043637, -70.37547473,   0.79205866]), array([-72.99122294,   4.8855415 , -69.52622676,   1.60145972]), array([-68.11061464,   4.85870416, -68.01942755,   2.2024883 ]), array([-63.22957416,   4.85307545, -65.79864915,   2.64953537]), array([-58.38788429,   4.83058904, -63.13912607,   3.08996998]), array([-53.50855897,   4.83072493, -60.12446903,   3.48033498]), array([-48.60658965,   4.70025363, -56.57058558,   3.7958702 ]), array([-43.90704099,   4.6011505 , -52.67089456,   4.02395249]), array([-39.31495782,   4.46564214, -48.58607885,   4.22985081]), array([-34.8376425 ,   4.44593193, -44.26921329,   4.35346627]), array([-30.39248611,   4.22462933, -39.87984283,   4.41500298]), array([-26.21959419,   4.1267745 , -35.52382879,   4.52612439]), array([-22.08651701,   4.13196993, -31.00949881,   4.70217827]), array([-17.950568  ,   4.01539563, -26.32034202,   4.77610583]), array([-13.83027369,   3.83818381, -21.51350951,   4.79810423]), array([ -9.94911246,   3.77585437, -16.72815981,   4.86520788]), array([ -6.1647656 ,   3.69990755, -11.89795327,   4.89505884]), array([-2.49973712,  3.56053324, -7.05761574,  4.88476557]), array([ 0.02225179, -0.03788869, -0.00483197,  0.08330077]), array([-0.05104422, -0.010895  ,  0.0330088 , -0.00621048]), array([ 0.13578925, -0.08789315, -0.020755  , -0.05265471]), array([-0.09608163, -0.02468388, -0.06476403, -0.03381645]), array([0.06514329, 0.02669907, 0.02326949, 0.04915795]), array([ 0.03750652, -0.04480348,  0.04867321, -0.04479799]), array([-0.07901649, -0.04126389, -0.03353793, -0.05621935]), array([ 0.01896803,  0.06825047, -0.01732158, -0.04845814]), array([-0.01561195,  0.06927417, -0.0433619 , -0.04973045]), array([ 0.06379808, -0.05864018,  0.03702104,  0.03426545]), array([ 0.0514482 , -0.09983934, -0.07998036, -0.05370972]), array([-0.05206083,  0.02439654,  0.04643192, -0.01576181]), array([ 0.06956294, -0.08543267, -0.04957252, -0.01744599]), array([-0.03020231,  0.02207315, -0.01040556,  0.02387044]), array([ 0.00643173,  0.05187776,  0.10417596, -0.03181998]), array([-0.02412919, -0.01536194,  0.10803479,  0.04400369]), array([ 0.01865756,  0.05939888, -0.012268  ,  0.01139003]), array([-0.00232013,  0.01615409,  0.05757566, -0.01488449]), array([-0.00591568,  0.00457992, -0.01286822,  0.05290517]), array([-0.02206219, -0.01825837, -0.00508652, -0.00303407]), array([-0.01147687,  0.01036888, -0.04291413,  0.01170228]), array([ 0.09589064, -0.10120308,  0.03838103, -0.03035218]), array([ 0.02186033, -0.07180474,  0.06085846,  0.05457124]), array([-0.0089739 ,  0.07855965, -0.00951341, -0.05040877]), array([-0.03203288, -0.05207752,  0.03079742,  0.04159844]), array([-0.07822416,  0.02510741,  0.06014399,  0.08052534]), array([ 0.01674716, -0.03552871,  0.01673029, -0.02369972]), array([ 0.06565134,  0.04185003, -0.02537965, -0.03007029]), array([ 0.03854884, -0.06980231, -0.02383742,  0.09146436]), array([-0.01514963, -0.07332593, -0.06802599,  0.03166961]), array([ 0.02508719,  0.11998491, -0.0154224 ,  0.04771932]), array([0.01587042, 0.06107204, 0.01385649, 0.03673894]), array([-0.01666487, -0.06791662, -0.04435953,  0.07244264]), array([-0.02501989,  0.09245316,  0.04985639, -0.03810874]), array([ 0.03724159, -0.01889717, -0.02573558, -0.00734862]), array([-0.09118422, -0.00480593,  0.01209512,  0.01077695]), array([ 0.09003487, -0.02216421, -0.03709349, -0.01053208]), array([-0.02671002, -0.07887   ,  0.04543316,  0.01454453]), array([-0.06760484, -0.00905818, -0.08045836, -0.01469281]), array([-0.02285529,  0.00489232,  0.01335819,  0.01928004]), array([ 0.04495925, -0.01462124, -0.01598424, -0.00989081]), array([ 0.01063371,  0.00154963,  0.01681806, -0.02016612]), array([ 0.00443374,  0.02244319, -0.10858632,  0.01148461]), array([-0.09804926,  0.06537471,  0.01080727,  0.0211971 ]), array([0.05933525, 0.02157209, 0.04794638, 0.00189257]), array([-0.02716474,  0.01706924, -0.00678755, -0.02152862]), array([-0.02695956,  0.01516607,  0.04477373,  0.05614316]), array([ 0.06695541,  0.0045089 ,  0.04110822, -0.08059689]), array([ 0.02026268,  0.04032349, -0.06088937, -0.08027882]), array([-0.00291281, -0.01765684,  0.03200675, -0.08902619]), array([ 0.11568313,  0.00655317, -0.03619349,  0.02193862]), array([ 0.00120158,  0.02739457, -0.06193571, -0.04598546]), array([ 0.04321744,  0.04443951, -0.01523927,  0.00118247]), array([-0.01033237,  0.02154768, -0.00324092,  0.04870938]), array([-0.00782517, -0.05379498, -0.00923506, -0.01493244]), array([ 0.07435382, -0.00192471, -0.00163259,  0.04993978])]

Actions: [array([1.        , 0.19528766]), array([1.        , 0.18455287]), array([1.       , 0.1767886]), array([1.        , 0.17025603]), array([1.        , 0.16729592]), array([1.        , 0.16357193]), array([1.      , 0.604572]), array([1.        , 0.65263293]), array([1.        , 0.82913194]), array([1.        , 0.89796939]), array([0.99573062, 1.        ]), array([0.92909119, 1.        ]), array([0.71713693, 1.        ]), array([0.63888258, 1.        ]), array([0.43037444, 1.        ]), array([0.36463883, 1.        ]), array([0.29732574, 1.        ]), array([1.        , 0.36490059]), array([1.        , 0.31382549]), array([1.        , 0.26736616]), array([1.        , 0.22447272]), array([1.        , 0.18461973]), array([1.        , 0.14755769]), array([1.        , 0.10998331]), array([1.        , 0.07634682]), array([ 1.        , -0.40060119]), array([1.        , 0.90864145]), array([1.       , 0.9572271]), array([0.99695057, 1.        ]), array([0.95717297, 1.        ]), array([0.92151375, 1.        ]), array([0.88727675, 1.        ]), array([0.85703335, 1.        ]), array([0.83185975, 1.        ]), array([0.80789941, 1.        ]), array([0.78615645, 1.        ]), array([0.76197876, 1.        ]), array([0.73876384, 1.        ]), array([0.71402528, 1.        ]), array([0.68545209, 1.        ]), array([0.64919051, 1.        ]), array([0.60610726, 1.        ]), array([0.54094703, 1.        ])]
Bad
Feature: [19, 19, 4798.338430557736]

States: [array([-171.19732578,    1.31883189, -129.88832758,    0.47555723]), array([-169.87868425,    2.01005037, -129.50053514,    1.0422694 ]), array([-167.86901653,    2.61105242, -128.45472257,    1.59171989]), array([-165.20357248,    3.05248294, -126.79382406,    2.04461107]), array([-162.21234443,    3.3681083 , -124.77591899,    2.46102542]), array([-158.77714363,    3.60511136, -122.30405375,    2.75885495]), array([-155.17973491,    3.8558909 , -119.63319673,    2.96213185]), array([-151.37190298,    4.10322544, -116.72712157,    3.15405803]), array([-147.2202451 ,    4.29216633, -113.61647194,    3.22103646]), array([-142.92289682,    4.42535088, -110.36199859,    3.35431155]), array([-138.50201468,    4.41282744, -106.9249812 ,    3.42732928]), array([-134.10955337,    4.4885298 , -103.56734631,    3.48361786]), array([-129.63913927,    4.59878444, -100.0795158 ,    3.49655405]), array([-125.02123702,    4.71103225,  -96.61297033,    3.52081573]), array([-120.26317376,    4.86512405,  -93.08042757,    3.66245618]), array([-115.4025543 ,    4.85580815,  -89.45426952,    3.71141192]), array([-110.52484776,    4.86688996,  -85.77506836,    3.78712779]), array([-105.65850551,    4.90166527,  -81.95673649,    3.84277077]), array([-100.66347188,    5.05345206,  -78.06603508,    3.85711973]), array([-95.52021747,   5.06411654, -74.15251724,   3.92025673]), array([-90.42618221,   5.0030594 , -70.20175516,   3.89202364]), array([-85.40962466,   5.00423829, -66.3541099 ,   3.82020589]), array([-80.47624852,   5.03707935, -62.57042302,   3.83976017]), array([-75.50258394,   4.98962387, -58.79054801,   3.8256746 ]), array([-70.4781846 ,   5.01184646, -54.93353199,   3.77369332]), array([-65.47811984,   4.96990442, -51.08231588,   3.80535293]), array([-60.44355906,   5.09135628, -47.34150411,   3.77000828]), array([-55.40032588,   5.02993105, -43.56731082,   3.82962323]), array([-50.43162154,   5.04571027, -39.66837024,   3.85484374]), array([-45.35922054,   4.92749946, -35.79842191,   3.8185234 ]), array([-40.47885836,   4.97930583, -32.0297108 ,   3.8327591 ]), array([-35.51393859,   5.01098945, -28.12657716,   3.93292381]), array([-30.54358727,   5.00334465, -24.23610841,   3.9460872 ]), array([-25.52092903,   4.96270896, -20.33903882,   3.90326211]), array([-20.45079633,   4.94137841, -16.47495257,   3.87535899]), array([-15.49776091,   5.01043856, -12.5974821 ,   3.88689295]), array([-10.57029752,   5.05382833,  -8.77924825,   3.8151663 ]), array([-5.60210408,  5.07098815, -4.92709176,  3.81594976]), array([ 0.02095178, -0.00369401,  0.00444313,  0.00699195]), array([-0.02300941, -0.01615901, -0.03016405,  0.02128511]), array([ 0.00638187, -0.00196623, -0.0233366 , -0.03298026]), array([-0.08567595, -0.02823805,  0.00828221, -0.03786616]), array([-0.05900735,  0.04391789,  0.04917284, -0.002926  ]), array([ 0.05753449,  0.06602459, -0.0766475 ,  0.01431235]), array([ 9.15059088e-02, -4.96856858e-02,  9.03890142e-02, -3.34013753e-05]), array([ 0.06822953,  0.06639589, -0.00805326, -0.01508182]), array([-0.00075924,  0.02723594, -0.07049032, -0.08764385]), array([-0.03529605, -0.09969616,  0.0328252 ,  0.02018413]), array([-0.0070053 ,  0.02396508,  0.06748061, -0.03659031]), array([0.04165566, 0.04442445, 0.08695195, 0.04439512]), array([-0.04318334,  0.00942549, -0.02490208,  0.11716101]), array([ 0.08237507,  0.04290887, -0.03892157,  0.04718817]), array([-0.04149618,  0.02360637,  0.02202911,  0.08822294]), array([-0.00142252,  0.04444852, -0.08096378,  0.03699307]), array([ 0.04759157,  0.04106684, -0.04797282, -0.06596304]), array([ 0.05272497,  0.08435861, -0.03094029,  0.06027664]), array([ 0.03399685,  0.02829955, -0.00390378,  0.09870091]), array([-0.03330257, -0.00072075, -0.12779518,  0.06859254]), array([-0.10805419,  0.02451412,  0.01779123, -0.00683003]), array([-0.05938747, -0.00528224, -0.03554314,  0.03258161]), array([-0.05228834,  0.05478038, -0.05582103, -0.0321755 ]), array([-0.03380053,  0.00014473,  0.02265579,  0.00504151]), array([-0.04200293, -0.00917126, -0.01534169,  0.02527784]), array([-0.01952284,  0.03274489,  0.03769032,  0.02125807]), array([-0.03599034,  0.06582083,  0.08993089, -0.03487441]), array([ 0.00694418,  0.09403598, -0.05317399,  0.06665748]), array([ 0.05460885,  0.01116519, -0.10605261,  0.00498188]), array([-2.13695621e-02,  9.13983693e-06, -5.23703715e-03,  1.13162826e-02]), array([-0.02709891,  0.06546756,  0.03260076, -0.04728589]), array([ 0.0219129 ,  0.03545847, -0.02135934, -0.02811192]), array([ 0.03644865, -0.00878784, -0.02002383, -0.02909714]), array([-0.05488612, -0.0669554 ,  0.01862087, -0.02160147]), array([ 0.04442668,  0.03344975, -0.01636054,  0.00390136]), array([-0.03552138, -0.06048927,  0.00087   ,  0.04956905]), array([ 0.02928941, -0.00214758, -0.04191735,  0.05169673]), array([-0.02081609, -0.00928508, -0.11165836, -0.00366145]), array([-0.02046693,  0.07756564,  0.09281544, -0.01605932]), array([-0.02037467,  0.01427291, -0.05560428,  0.04350187]), array([-0.08171873,  0.06930273, -0.0254715 ,  0.05232859]), array([-0.024467  ,  0.02631919,  0.03549071, -0.05240636]), array([-0.06340059,  0.0309475 ,  0.02263902,  0.01126623]), array([-0.00321494, -0.04720658, -0.0083442 ,  0.00355689]), array([-0.0505114 , -0.03931808, -0.00127809,  0.01751739]), array([ 0.0253458 ,  0.01255963, -0.00545851,  0.04709542]), array([ 0.0393245 , -0.02659133,  0.01140603, -0.02192974]), array([-0.07522983, -0.07484345,  0.05616725,  0.04879017]), array([-0.01880077,  0.02308912,  0.00273171,  0.06378425]), array([ 0.02769612,  0.01082513, -0.03400493, -0.02137386]), array([ 0.06881377, -0.0145552 ,  0.07155941,  0.1107661 ]), array([ 0.01376223,  0.01944917, -0.00875151,  0.06825931]), array([ 0.07995682,  0.08352068, -0.01002326, -0.09122666]), array([ 0.02314134,  0.01850369,  0.02858009, -0.00868644]), array([-0.07366497, -0.00619675, -0.12913975, -0.04122984]), array([ 0.04597819,  0.01532587,  0.02252254, -0.00801578]), array([-0.00097534,  0.00848896,  0.05922579,  0.0361104 ]), array([-0.01287681, -0.0453528 , -0.06121497,  0.05516046]), array([-0.12387712,  0.05088284,  0.024358  ,  0.03127609]), array([ 0.03313669,  0.02599143, -0.04023154,  0.02853464]), array([ 0.03163968, -0.01594768, -0.03326571, -0.0367966 ]), array([ 0.03147961, -0.0016787 , -0.04219747, -0.0855587 ])]

Actions: [array([1.       , 0.7542187]), array([1.        , 0.75775928]), array([1.        , 0.76057594]), array([1.        , 0.76277381]), array([1.        , 0.76438479]), array([1.        , 0.76534536]), array([1.        , 0.76587132]), array([1.        , 0.76593827]), array([1.        , 0.76640403]), array([1.        , 0.76667431]), array([1.      , 0.766334]), array([1.        , 0.76639637]), array([1.        , 0.76592569]), array([1.        , 0.76648235]), array([1.        , 0.76742217]), array([1.        , 0.76831177]), array([1.        , 0.76892238]), array([1.       , 0.7682085]), array([1.        , 0.76768504]), array([1.       , 0.7680446]), array([1.        , 0.76762775]), array([1.        , 0.76766462]), array([1.        , 0.76770721]), array([1.        , 0.76820651]), array([1.        , 0.76824486]), array([1.       , 0.7680964]), array([1.        , 0.77013427]), array([1.        , 0.77206377]), array([1.        , 0.77085461]), array([1.        , 0.77171126]), array([1.        , 0.77165216]), array([1.        , 0.76970807]), array([1.       , 0.7676869]), array([1.       , 0.7661602]), array([1.        , 0.76709206]), array([1.        , 0.76249891]), array([1.        , 0.75743779])]