
Good
Feature: [25, 26, 6624.338632209812]

States: [array([-169.61280321,   -0.71220543, -130.09602374,   -0.17880975]), array([-1.70267554e+02,  3.30760768e-01, -1.30226560e+02, -8.86778123e-03]), array([-1.69907773e+02,  1.31760476e+00, -1.30202143e+02,  1.49076188e-01]), array([-168.49997154,    2.00550195, -130.04026169,    0.30049045]), array([-166.51965104,    2.56431139, -129.73584169,    0.40630502]), array([-163.95866432,    3.08582962, -129.38992624,    0.41037034]), array([-160.90106088,    3.4687984 , -128.97952921,    0.34797648]), array([-157.41310508,    3.76807414, -128.59743997,    0.44979818]), array([-153.60126962,    3.97849499, -128.21367271,    0.541403  ]), array([-149.62847146,    4.20181012, -127.67133256,    0.60739118]), array([-145.37084923,    4.37212196, -127.14274606,    0.67439499]), array([-141.06783803,    4.46214788, -126.47745456,    0.68194078]), array([-136.55443657,    4.63460625, -125.88657266,    0.72699349]), array([-131.94462096,    4.04880036, -125.14241072,    1.58369336]), array([-127.93435722,    3.50631671, -123.54032389,    2.28693135]), array([-124.47580131,    2.90308094, -121.24120923,    2.7972453 ]), array([-121.59366122,    2.32571906, -118.50474905,    3.2463933 ]), array([-119.29003083,    1.68304279, -115.23821575,    3.61176565]), array([-117.66032328,    2.39396915, -111.59556701,    3.3546762 ]), array([-115.27042512,    2.89662576, -108.31422204,    3.1934785 ]), array([-112.39846049,    3.25627078, -105.13513259,    2.89575809]), array([-109.13666164,    3.6605834 , -102.25456837,    2.69885416]), array([-105.39015407,    3.95680927,  -99.5611436 ,    2.50299908]), array([-101.43043442,    4.25986479,  -97.05520186,    2.45226691]), array([-97.17906918,   4.34410588, -94.58030693,   2.3385116 ]), array([-92.77817277,   4.45150211, -92.23469174,   2.18724637]), array([-88.25442575,   4.60333775, -89.99799219,   2.12315171]), array([-83.5849802 ,   4.65306666, -87.89405002,   2.00032407]), array([-78.87287836,   4.68503893, -85.98718098,   1.88230903]), array([-74.12356289,   4.66825877, -84.00258971,   1.84445237]), array([-69.43786257,   4.75586615, -82.27506941,   1.58489035]), array([-64.68371272,   4.84831522, -80.70182111,   1.42836843]), array([-59.87055414,   4.92908564, -79.26719071,   1.44170294]), array([-55.02929673,   4.98161166, -77.81002826,   2.11363073]), array([-50.11295351,   4.86276783, -75.71705401,   2.65647644]), array([-45.25232858,   4.55534047, -73.04022364,   3.18649892]), array([-40.67765818,   4.09402423, -69.8228177 ,   3.60574102]), array([-36.57596152,   3.66583172, -66.26948123,   3.81635564]), array([-32.90805855,   3.13296684, -62.45585537,   4.14843431]), array([-29.82827447,   2.56312156, -58.27742967,   4.35368353]), array([-27.31176446,   2.03674112, -53.9159524 ,   4.57818398]), array([-25.2090499 ,   2.168041  , -49.32031402,   4.75287513]), array([-23.03203471,   2.28215925, -44.52083639,   4.73673525]), array([-20.79338733,   2.32498125, -39.79698533,   4.85088481]), array([-18.50250041,   2.43939699, -34.95509485,   4.96918764]), array([-16.10550193,   2.53129504, -30.00562963,   4.90753391]), array([-13.57881556,   2.61506764, -25.15437968,   4.96138934]), array([-10.98080245,   2.55983996, -20.22129984,   4.92830407]), array([ -8.42342657,   2.81861519, -15.3542035 ,   5.02547724]), array([ -5.56620788,   2.99363485, -10.27304971,   5.03304463]), array([-2.54914642,  3.11856228, -5.26246639,  4.95976405]), array([ 0.00331803,  0.00291301, -0.05156725,  0.02970329]), array([ 0.02888039,  0.07650208, -0.00126522, -0.03102442]), array([ 0.00194984,  0.01812236,  0.02132501, -0.02904907]), array([-0.02307043,  0.02230229, -0.05011941, -0.05478061]), array([-0.07688116, -0.02276929, -0.00085644,  0.11302993]), array([ 0.0985871 , -0.03768434, -0.06643782, -0.08496604]), array([ 0.01390901,  0.02289848, -0.04117822,  0.00868807]), array([ 0.03888707,  0.0069467 ,  0.01642717, -0.04402838]), array([ 0.07524296, -0.03183993,  0.04571437,  0.04702405]), array([-0.01011391, -0.00376559, -0.01866001,  0.03022555]), array([-0.06973655,  0.10727912, -0.02328116, -0.02308503]), array([ 0.03677059,  0.00438857, -0.00758664,  0.06127967]), array([-0.05068161,  0.03806303,  0.0180595 , -0.04186611]), array([-0.0011361 ,  0.04984811,  0.05952864,  0.08642835]), array([ 0.01639233, -0.03245462, -0.00350115, -0.03807533]), array([-0.07073784, -0.01887496, -0.05694451, -0.01536699]), array([ 0.08202932,  0.0091841 , -0.06838456,  0.10177158]), array([-0.00220772,  0.00211549, -0.01638661, -0.05118628]), array([-0.04308887,  0.05159792,  0.05169656, -0.07434909]), array([-0.01229373,  0.01194935, -0.02954641, -0.01494211]), array([ 0.03996987, -0.03833314, -0.00136496,  0.00338711]), array([-0.08237724, -0.01149528,  0.01739094,  0.0133842 ]), array([ 0.05767175,  0.04245054, -0.03543154, -0.0958703 ]), array([ 0.0977304 ,  0.02674738, -0.01039825, -0.00859287]), array([ 0.01521887, -0.02852811, -0.00189793,  0.05840234]), array([ 0.04043877, -0.11350258, -0.06456498, -0.01505266]), array([-0.01989717,  0.02371158, -0.0523465 ,  0.03113414]), array([ 0.06957547, -0.07820835, -0.0016587 , -0.12513102]), array([ 0.01943512, -0.02907437,  0.03582044,  0.04431958]), array([-0.04152942, -0.04570303,  0.08000057, -0.01243249]), array([ 0.03408178, -0.00024386, -0.083054  , -0.02005831]), array([ 0.01590854, -0.02585178, -0.00387559,  0.08142963]), array([ 0.09941555,  0.02827421,  0.04060846, -0.04690929]), array([-0.02423324,  0.01881508,  0.00382269,  0.03552443]), array([-0.00234716, -0.00164472, -0.01468201,  0.0052983 ]), array([ 0.03554934,  0.10876999, -0.12603854,  0.00956811]), array([-0.07974177,  0.18444336,  0.06328816, -0.00142253]), array([-0.0327482 ,  0.01879825,  0.00474785, -0.01920645]), array([ 0.00675179, -0.03808545, -0.02746305, -0.07721038]), array([ 0.03397711, -0.07172928, -0.02897675,  0.14764221]), array([ 0.04323366, -0.01611119, -0.00630478, -0.03273015]), array([ 0.0458963 ,  0.01667846,  0.1129618 , -0.01031645]), array([ 0.0179977 ,  0.0037857 ,  0.0242327 , -0.02018689]), array([-0.08132984, -0.0124552 , -0.00083202, -0.01319733]), array([ 0.0536486 , -0.09439495,  0.09339358, -0.00784084]), array([-0.00102596, -0.00141698,  0.04547879,  0.06505098]), array([ 0.0399064 , -0.13179072, -0.04191331, -0.00920574]), array([-0.04390372,  0.10141171,  0.00459377,  0.04401748]), array([ 0.02714756,  0.08481018, -0.07106343, -0.02488551])]

Actions: [array([1.        , 0.13662794]), array([1.        , 0.13750008]), array([1.        , 0.13803605]), array([1.        , 0.13875175]), array([1.        , 0.13806791]), array([1.        , 0.13825605]), array([1.        , 0.13858293]), array([1.        , 0.14154026]), array([1.        , 0.14665792]), array([1.        , 0.14818088]), array([1.        , 0.15278836]), array([1.        , 0.15235035]), array([0.40056024, 1.        ]), array([0.25666233, 1.        ]), array([0.12976367, 1.        ]), array([0.00850908, 1.        ]), array([-0.11405088,  1.        ]), array([1.       , 0.5026803]), array([1.        , 0.46853165]), array([1.        , 0.44160942]), array([1.        , 0.41692798]), array([1.       , 0.3964224]), array([1.        , 0.37926262]), array([1.        , 0.36415112]), array([1.        , 0.34925133]), array([1.        , 0.33526137]), array([1.        , 0.32174533]), array([1.        , 0.30936865]), array([1.        , 0.29189701]), array([1.        , 0.27702641]), array([1.        , 0.26494492]), array([1.        , 0.25475869]), array([0.98929523, 1.        ]), array([0.84586571, 1.        ]), array([0.70028584, 1.        ]), array([0.54256832, 1.        ]), array([0.29796635, 1.        ]), array([0.16495188, 1.        ]), array([0.05638355, 1.        ]), array([-0.02194042,  1.        ]), array([0.50728918, 1.        ]), array([0.51206251, 1.        ]), array([0.51857453, 1.        ]), array([0.5240744, 1.       ]), array([0.53143048, 1.        ]), array([0.53959431, 1.        ]), array([0.54343066, 1.        ]), array([0.69079938, 1.        ]), array([0.72899914, 1.        ]), array([0.7819747, 1.       ])]
Bad
Feature: [18, 21, 4891.753133628915]

States: [array([-1.69557369e+02, -8.65663786e-02, -1.30441344e+02,  1.23954858e+00]), array([-169.65009502,    0.91877407, -129.15515987,    1.77441036]), array([-168.70986304,    1.64643815, -127.48101312,    2.24832455]), array([-167.11661186,    2.3588154 , -125.20104292,    2.55464314]), array([-164.84921441,    2.81794897, -122.70139185,    2.85086362]), array([-162.03657507,    3.22179856, -119.83948081,    2.95029023]), array([-158.73552304,    3.47043036, -116.85037768,    3.10114627]), array([-155.23994045,    3.81959491, -113.73521187,    3.22644325]), array([-151.37217574,    4.02798048, -110.47927438,    3.40123646]), array([-147.35641742,    4.23781596, -107.09692268,    3.46889575]), array([-143.17067751,    4.36514131, -103.5787418 ,    3.51443108]), array([-138.81390978,    4.59148089, -100.1365473 ,    3.5523814 ]), array([-134.22063275,    4.70734634,  -96.5934872 ,    3.63903486]), array([-129.50978482,    4.74010559,  -92.95678091,    3.64719049]), array([-124.82123144,    4.89027314,  -89.2649597 ,    3.59752849]), array([-119.92447301,    4.99414691,  -85.68697894,    3.63975204]), array([-114.92411696,    4.99615523,  -82.12267414,    3.68005127]), array([-109.91851395,    4.99138185,  -78.3944262 ,    3.66760193]), array([-104.88420896,    4.93302957,  -74.76176077,    3.71305613]), array([-100.00329209,    4.9513235 ,  -71.02812099,    3.69887656]), array([-95.01254323,   4.90260207, -67.26345486,   3.6591599 ]), array([-90.05599878,   4.96547786, -63.60959883,   3.57913765]), array([-85.17934836,   4.95709511, -59.987864  ,   3.55886974]), array([-80.17472164,   4.91368801, -56.53557692,   3.49200855]), array([-75.28742603,   4.93332259, -52.96656583,   3.50174493]), array([-70.36051751,   4.98581682, -49.46371978,   3.43448178]), array([-65.38931803,   5.03166543, -46.10426567,   3.38135242]), array([-60.35377717,   4.98273468, -42.68814627,   3.38605079]), array([-55.33493531,   4.96071658, -39.32624942,   3.49508407]), array([-50.26076279,   4.91183569, -35.8422022 ,   3.42704998]), array([-45.31559298,   4.90860469, -32.37665546,   3.52701361]), array([-40.42619393,   4.9579085 , -28.86072664,   3.60467311]), array([-35.4577545 ,   5.0000868 , -25.27951929,   3.67296136]), array([-30.40352002,   5.02928812, -21.58694995,   3.74102116]), array([-25.30419697,   4.99145569, -17.82042048,   3.77374315]), array([-20.39746663,   5.01970967, -13.99339029,   3.78638902]), array([-15.39232206,   5.07188442, -10.16946047,   3.77875418]), array([-10.34275335,   4.95427905,  -6.34178301,   3.75420445]), array([-5.38784963,  5.01890934, -2.58910725,  3.74117406]), array([ 0.02679786, -0.12041561,  0.04405694,  0.04058831]), array([-0.03260674,  0.03185506, -0.02999396,  0.08760724]), array([ 0.05335247,  0.02416693, -0.01256095, -0.05014882]), array([ 0.03053589, -0.02735713, -0.0070806 , -0.09328099]), array([-0.03866955, -0.00670799, -0.06988382,  0.01105735]), array([-0.01004848,  0.01558136,  0.00101794, -0.00658843]), array([-0.00365644, -0.0220614 , -0.04622356, -0.03858231]), array([ 0.00962366, -0.03587186,  0.01095139,  0.02833991]), array([ 0.0351777 , -0.05016546,  0.05093547, -0.02777305]), array([ 0.03888338, -0.01596299,  0.03448745, -0.00919856]), array([ 0.01223638, -0.00986513,  0.0462446 ,  0.04309594]), array([ 0.01777079, -0.00269865, -0.04859132,  0.0549186 ]), array([-0.0595439 , -0.05639275,  0.05429393, -0.02512228]), array([0.06878368, 0.0533073 , 0.01331733, 0.00063135]), array([-0.09168394,  0.05845211,  0.030375  , -0.06620663]), array([-0.01462767,  0.04887459, -0.01291562, -0.05183132]), array([ 0.02644636,  0.01785357,  0.08215521, -0.01942102]), array([-0.05262627,  0.12454349, -0.00640321, -0.0137684 ]), array([-0.05400754, -0.04834547, -0.04222127, -0.03295127]), array([-0.04478509,  0.01586762,  0.05404621,  0.01314905]), array([-0.02087722, -0.06014691,  0.12824522, -0.01987393]), array([ 0.0083456 , -0.09345016, -0.05096276,  0.01594333]), array([ 0.02821651, -0.03803724,  0.00151594, -0.01624363]), array([-0.02934444,  0.02293484,  0.03547238, -0.0394009 ]), array([-0.01137077,  0.00397894,  0.00011338,  0.00728711]), array([-0.01698559,  0.02773639, -0.01955099, -0.02480472]), array([-0.00077151,  0.07493382,  0.07001146,  0.04815308]), array([ 0.01403369, -0.04800397,  0.00825596, -0.0936354 ]), array([ 0.07102232, -0.03193419,  0.01393111,  0.00052341]), array([ 0.09634891,  0.01066562, -0.04599922,  0.02139565]), array([-0.0583771 , -0.00396283,  0.02943057,  0.06784346]), array([-0.01853982,  0.03859108,  0.00328587, -0.0430814 ]), array([-0.00200453,  0.03303203, -0.00542539, -0.07794041]), array([-0.05291276,  0.03578934, -0.05202979,  0.03149905]), array([0.05186907, 0.03769715, 0.0482961 , 0.05266446]), array([ 0.06501652,  0.02138685,  0.04681949, -0.04240883]), array([-0.11627657, -0.04341037,  0.01084418,  0.00312267]), array([-0.04950027, -0.05602802,  0.04083789, -0.04376131]), array([ 0.07890701,  0.08911028, -0.12992354, -0.04670666]), array([ 0.0857811 ,  0.03092688,  0.05649691, -0.00611134]), array([ 0.00770494, -0.10405237,  0.0251071 , -0.01825966]), array([ 0.04228364, -0.04699474,  0.0356739 ,  0.04579678]), array([ 0.04843614, -0.09836083,  0.02048493, -0.02115959]), array([-0.07662696, -0.03839489,  0.03967968, -0.00413737]), array([ 0.0603972 , -0.05470521,  0.03907974,  0.0759292 ]), array([-0.08445915, -0.07235447, -0.0297447 , -0.03899225]), array([ 0.07581327,  0.04882113, -0.05578753, -0.03478964]), array([-0.07218486, -0.0714011 , -0.00999313, -0.03458973]), array([ 0.04994938,  0.01350577,  0.02108963, -0.10561651]), array([ 0.04567499, -0.06848609,  0.04199024,  0.10133951]), array([ 0.0599077 , -0.0070706 ,  0.04185514, -0.03748394]), array([0.04469799, 0.08126816, 0.04625249, 0.0976605 ]), array([ 0.05133187,  0.03475088, -0.07488763,  0.03084761]), array([-0.0107192 ,  0.00342158,  0.07437099,  0.0216631 ]), array([ 0.00881839,  0.04150541, -0.07002487,  0.02882886]), array([ 0.02857752, -0.00312236, -0.01606921, -0.01358341]), array([ 0.04175879,  0.0256767 , -0.00155756,  0.00653805]), array([-0.03416996,  0.02942905, -0.00509355, -0.0825503 ]), array([ 0.04560171,  0.02623856, -0.05811357, -0.0072197 ]), array([-0.00111188,  0.01765081, -0.04409577,  0.03218535]), array([-0.04050483,  0.03675815,  0.00126636,  0.02214776])]

Actions: [array([1.        , 0.77759738]), array([1.        , 0.76963544]), array([1.        , 0.76403291]), array([1.        , 0.75770989]), array([1.        , 0.75299555]), array([1.        , 0.74843065]), array([1.        , 0.74518363]), array([1.        , 0.74191631]), array([1.        , 0.73937967]), array([1.        , 0.73659363]), array([1.        , 0.73357533]), array([1.        , 0.73181392]), array([1.        , 0.73047014]), array([1.        , 0.72897101]), array([1.       , 0.7267924]), array([1.        , 0.72663476]), array([1.        , 0.72723135]), array([1.        , 0.72643745]), array([1.        , 0.72666841]), array([1.        , 0.72481769]), array([1.        , 0.72328285]), array([1.        , 0.72252604]), array([1.        , 0.72138554]), array([1.        , 0.72333295]), array([1.        , 0.72288868]), array([1.        , 0.72371271]), array([1.        , 0.72730447]), array([1.        , 0.73132154]), array([1.        , 0.73680264]), array([1.        , 0.74177481]), array([1.        , 0.74615531]), array([1.        , 0.74935352]), array([1.        , 0.75325159]), array([1.        , 0.75690507]), array([1.        , 0.76045432]), array([1.       , 0.7559715]), array([1.       , 0.7535123]), array([1.        , 0.75149594])]