
Good
Feature: [30, 38, 8366.510131759513]

States: [array([-170.72066139,   -1.21616246, -130.3235898 ,   -0.23617166]), array([-1.71894674e+02, -2.54378166e-03, -1.30594252e+02, -2.91734444e-01]), array([-171.92931022,    1.04033012, -130.93289113,   -0.45448393]), array([-170.89417696,    1.79645343, -131.3791006 ,   -0.62107061]), array([-169.05649001,    2.38030733, -131.92171307,   -0.86078583]), array([-166.63224553,    2.9714442 , -132.81542412,   -0.99079215]), array([-163.58609197,    3.35244253, -133.79764237,   -1.10431655]), array([-160.26685923,    3.69818905, -134.8961015 ,   -1.0950735 ]), array([-156.56790964,    3.91612653, -135.94156768,   -1.14828123]), array([-152.61165285,    4.11797184, -137.1354418 ,   -1.1591837 ]), array([-148.52903306,    4.19022573, -138.33325251,   -1.19762502]), array([-1.44305074e+02,  4.05381736e+00, -1.39508670e+02,  4.95998421e-02]), array([-140.297359  ,    3.72103909, -139.4598919 ,    0.98866942]), array([-136.60737496,    3.2976664 , -138.45095149,    1.84265262]), array([-133.32199741,    2.93750099, -136.66440975,    2.42581841]), array([-130.43250352,    2.50831489, -134.1403778 ,    2.97909129]), array([-127.9622737 ,    2.3545351 , -131.16775993,    3.32214989]), array([-125.60530086,    2.1613426 , -127.93403383,    3.73421736]), array([-123.49784218,    2.02278366, -124.24447236,    4.01721596]), array([-121.48796   ,    1.82084289, -120.32786408,    4.27326554]), array([-119.67374004,    1.6160942 , -116.05106507,    4.41125226]), array([-118.07116093,    1.48086052, -111.60382265,    4.52557325]), array([-116.53627739,    1.27519341, -107.11254346,    4.64454875]), array([-115.26963788,    1.21096675, -102.4213852 ,    4.81336769]), array([-114.07398372,    1.06270287,  -97.63233015,    4.88365437]), array([-113.04946941,    0.94044477,  -92.7472986 ,    4.85617511]), array([-112.00733935,    1.68598642,  -87.98483195,    4.14933207]), array([-110.35750539,    2.34626318,  -83.82373049,    3.43085322]), array([-107.96024864,    2.87076152,  -80.4506077 ,    2.83608102]), array([-105.10085355,    3.30851461,  -77.57949702,    2.33286959]), array([-101.68368235,    3.69680114,  -75.28583111,    1.75538131]), array([-97.98103438,   3.99371688, -73.5513124 ,   1.22904472]), array([-93.95396095,   4.24749983, -72.30701742,   0.7239822 ]), array([-89.75181012,   4.43901755, -71.60310306,   0.32754933]), array([-85.3842065 ,   4.65667352, -71.36082474,  -0.13382693]), array([-80.76826104,   4.72220189, -71.55915497,  -0.11541039]), array([-76.01033609,   4.62389323, -71.67881738,  -0.09383192]), array([-71.37068967,   4.41511392, -71.79292222,   0.89741213]), array([-66.95576179,   4.03862483, -70.8913993 ,   1.68972459]), array([-63.00326252,   3.81456706, -69.18939181,   2.30130291]), array([-59.08404408,   3.38116274, -66.82576122,   2.82721533]), array([-55.71372451,   3.70917551, -63.95404517,   2.75389004]), array([-51.99691817,   4.0108657 , -61.22558089,   1.83782781]), array([-48.00574767,   4.1850508 , -59.4272739 ,   0.78138447]), array([-43.77453445,   4.30217105, -58.60567457,  -0.19772734]), array([-39.41517908,   4.48832401, -58.87315573,  -1.10483035]), array([-34.97693244,   4.52788724, -59.9237518 ,  -1.93793274]), array([-30.49340801,   4.4365456 , -61.79176346,  -2.58489228]), array([-26.04945743,   4.23446093, -64.34571738,  -3.06061561]), array([-21.81950887,   3.74709574, -67.41828444,  -1.41485609]), array([-18.01756994,   3.30653692, -68.86998895,  -0.14329558]), array([-14.76430811,   3.00077993, -68.99736126,   0.88315609]), array([-11.81925533,   2.57619781, -68.12696992,   1.69626692]), array([ -9.25740908,   2.1190776 , -66.39713589,   2.35093148]), array([ -7.20362024,   1.83913228, -64.09243602,   2.82937945]), array([ -5.40897545,   1.50817021, -61.27325473,   3.26617715]), array([ -3.92379928,   1.10895311, -57.99775389,   3.66811822]), array([ -2.73782764,   0.90556611, -54.27319405,   3.95863318]), array([ -1.79057153,   0.70512584, -50.29065573,   4.15030646]), array([ -1.05834729,   0.55673266, -46.12858482,   4.28406695]), array([ -0.52500332,   0.42055179, -41.87028018,   4.50063479]), array([ -0.08215444,   0.38275613, -37.31183534,   4.59486045]), array([  0.31822392,   0.27001046, -32.79380172,   4.58977887]), array([  0.60007504,   0.10642205, -28.24936986,   4.64359751]), array([  0.70002931,   0.04371388, -23.51559697,   4.67473249]), array([  0.70671267,  -0.13752168, -18.94611841,   4.76953582]), array([  0.55439258,  -0.22713014, -14.18661238,   4.76151207]), array([ 0.38862987, -0.35626966, -9.3525094 ,  4.7886558 ]), array([ 0.00010646, -0.01842746, -0.01556986,  0.01362436]), array([-0.09339383,  0.12928379,  0.00912159, -0.01000366]), array([ 0.07867761,  0.10402557, -0.04938674, -0.13166247]), array([-0.02267581, -0.01076469,  0.05142463,  0.06631099]), array([ 0.0453052 , -0.01812259, -0.10353872, -0.00193785]), array([ 0.06746333,  0.08749176, -0.04222074,  0.03540075]), array([ 0.01264244, -0.03419308, -0.06139135,  0.07218478]), array([-0.07893868, -0.01098855, -0.05194869, -0.08858883]), array([-0.04550457, -0.03008626,  0.06620295, -0.0466772 ]), array([ 0.01242361,  0.02934071,  0.02152043, -0.04882984]), array([ 0.08219328,  0.01636557, -0.05664718, -0.07525125]), array([ 0.05225834,  0.01742742, -0.00090201, -0.05319398]), array([-0.07418382,  0.00336168, -0.00893136, -0.01738141]), array([ 0.04424244, -0.12506106, -0.01888692, -0.08046493]), array([-0.09505127, -0.01571839,  0.05834443,  0.00163691]), array([-0.03587441,  0.06872747,  0.02010966,  0.01319586]), array([ 0.03137059,  0.05828213, -0.04857138,  0.01908369]), array([-0.02711218, -0.05937717, -0.05199901, -0.00126635]), array([ 0.09043246,  0.07243155,  0.04145205, -0.05443146]), array([ 0.02201924, -0.01753868, -0.04732669, -0.00565982]), array([ 0.01744412,  0.0005881 ,  0.01474501, -0.02387919]), array([ 0.06770065, -0.04856368, -0.099565  , -0.01044762]), array([-0.00900916, -0.04864681, -0.07205182, -0.01512021]), array([ 0.0273543 , -0.02269688,  0.02851858, -0.14255629]), array([-0.0959946 , -0.0042901 , -0.01280809, -0.06950924]), array([ 0.0829884 , -0.03146384, -0.03481259,  0.01994237]), array([-0.04275244, -0.01910689,  0.02763789,  0.01947491]), array([-0.01126786, -0.00858204,  0.03910026, -0.01204623]), array([-0.13777882,  0.02460572,  0.08614775, -0.0226326 ]), array([ 0.01368566,  0.04886538, -0.00449058,  0.01324929]), array([-0.03850391,  0.02518752,  0.02413287,  0.01445651]), array([0.00997322, 0.06023465, 0.00926427, 0.01549316])]

Actions: [array([ 1.        , -0.06237213]), array([ 1.        , -0.29350507]), array([ 1.        , -0.28491353]), array([ 1.        , -0.28108965]), array([ 1.        , -0.28039894]), array([ 1.        , -0.27433815]), array([ 1.        , -0.26979498]), array([ 1.        , -0.26278139]), array([ 1.        , -0.25987097]), array([ 1.        , -0.25208196]), array([0.61372041, 1.        ]), array([0.47746415, 1.        ]), array([0.36753565, 1.        ]), array([0.27333938, 1.        ]), array([0.189721, 1.      ]), array([0.33258552, 1.        ]), array([0.29241475, 1.        ]), array([0.25046961, 1.        ]), array([0.21097079, 1.        ]), array([0.16552169, 1.        ]), array([0.21412645, 1.        ]), array([0.19563882, 1.        ]), array([0.17425258, 1.        ]), array([0.15697115, 1.        ]), array([0.13603567, 1.        ]), array([1.        , 0.21327598]), array([1.        , 0.12311045]), array([1.       , 0.0418447]), array([ 1.        , -0.02883162]), array([ 1.        , -0.09681121]), array([ 1.        , -0.16237345]), array([ 1.        , -0.22666938]), array([ 1.        , -0.29345143]), array([ 1.        , -0.36238876]), array([1.        , 0.03033525]), array([1.        , 0.04018351]), array([0.67557811, 1.        ]), array([0.57554149, 1.        ]), array([0.49129961, 1.        ]), array([0.42134347, 1.        ]), array([1.        , 0.46630559]), array([ 1.        , -0.39848453]), array([ 1.        , -0.72307181]), array([ 1.        , -0.83209458]), array([ 1.        , -0.94420139]), array([ 0.94682448, -1.        ]), array([ 0.84914943, -1.        ]), array([ 0.76236954, -1.        ]), array([0.36336864, 1.        ]), array([0.28343118, 1.        ]), array([0.22177256, 1.        ]), array([0.17384047, 1.        ]), array([0.13250756, 1.        ]), array([0.09709031, 1.        ]), array([0.05640989, 1.        ]), array([0.03434586, 1.        ]), array([0.0149728, 1.       ]), array([-0.00186318,  1.        ]), array([-0.0169813,  1.       ]), array([-0.03059309,  1.        ]), array([-0.04271898,  1.        ]), array([-0.05542765,  1.        ]), array([-0.06968371,  1.        ]), array([-0.08424403,  1.        ]), array([-0.09795612,  1.        ]), array([-0.11224056,  1.        ]), array([-0.12636173,  1.        ])]
Bad
Feature: [19, 21, 5201.009649962462]

States: [array([-1.70850892e+02, -1.02621920e+00, -1.29339654e+02, -1.28545862e-01]), array([-1.71884489e+02,  1.47683458e-01, -1.29372749e+02,  6.48234380e-01]), array([-171.7341174 ,    1.07141649, -128.66853609,    1.2943825 ]), array([-170.70625072,    1.95890291, -127.40516929,    1.78357379]), array([-168.64197611,    2.59704628, -125.60275962,    2.18838669]), array([-166.07481257,    3.06219448, -123.45338169,    2.42729238]), array([-163.04983109,    3.44727927, -120.97336883,    2.60057795]), array([-159.58103668,    3.72821291, -118.3718845 ,    2.79033084]), array([-155.87205066,    3.98447434, -115.62373164,    2.9202778 ]), array([-151.83955722,    4.14742763, -112.73561972,    3.08520355]), array([-147.71246869,    4.33970094, -109.69501704,    3.12322019]), array([-143.30241687,    4.48640661, -106.60207738,    3.27951274]), array([-138.84293589,    4.46961146, -103.29347514,    3.40228142]), array([-134.34916872,    4.53229932,  -99.92020366,    3.43227615]), array([-129.7674122 ,    4.66778247,  -96.46235603,    3.41682973]), array([-125.15939771,    4.79656063,  -92.9725873 ,    3.50786015]), array([-120.38543902,    4.79394478,  -89.520013  ,    3.5632176 ]), array([-115.58699532,    4.83658102,  -85.98336844,    3.5805907 ]), array([-110.83016186,    4.83175492,  -82.48424275,    3.61121409]), array([-106.09565824,    4.9328424 ,  -78.90673829,    3.60679282]), array([-101.13448916,    4.94671832,  -75.39726524,    3.51387463]), array([-96.22409219,   4.91943497, -71.86665296,   3.54172562]), array([-91.32935987,   4.88005578, -68.30099872,   3.6483832 ]), array([-86.39277368,   4.8957909 , -64.62083222,   3.68267088]), array([-81.53366939,   4.89084576, -60.98375541,   3.65649583]), array([-76.61524091,   4.88659263, -57.19825614,   3.65190802]), array([-71.74414147,   4.91013386, -53.46542299,   3.65324013]), array([-66.84310515,   4.98689244, -49.79744374,   3.63447827]), array([-61.85619008,   5.01274943, -46.17325858,   3.63405472]), array([-56.9141378 ,   5.01231327, -42.53708336,   3.67785656]), array([-51.87887709,   4.98842958, -38.80906938,   3.69689406]), array([-46.9139699 ,   5.03956357, -35.1205126 ,   3.6641545 ]), array([-41.84695578,   5.1098178 , -31.44269946,   3.6847741 ]), array([-36.72167319,   5.09900065, -27.69140305,   3.79024571]), array([-31.6397322 ,   5.07369819, -24.04126091,   3.85258133]), array([-26.55077241,   5.14209142, -20.0875312 ,   3.96056585]), array([-21.37732853,   5.16815893, -16.18113047,   3.86606119]), array([-16.28910429,   5.23256785, -12.23859362,   3.87865034]), array([-11.03911325,   5.12963346,  -8.32543743,   3.84865096]), array([-5.81656166,  5.18869956, -4.37642674,  3.96148421]), array([-0.03272676,  0.01864931, -0.05839889,  0.05103738]), array([0.09135496, 0.03589432, 0.0522346 , 0.03593465]), array([-0.07328585,  0.03754135,  0.0393664 , -0.03517485]), array([ 0.01024063, -0.00657815,  0.07980437,  0.01988124]), array([0.14249117, 0.02570484, 0.0250807 , 0.04106348]), array([-0.0252843 ,  0.03612127, -0.06078218,  0.03615932]), array([ 0.04763631, -0.03565805,  0.01429806,  0.02406717]), array([ 0.00457434,  0.11759343, -0.01644142,  0.0537588 ]), array([-0.01757181,  0.03682226,  0.10012337,  0.06544576]), array([-0.05138606, -0.0139038 , -0.05867393,  0.01576811]), array([-0.00282512,  0.00873002,  0.00808147,  0.006358  ]), array([ 0.08903901, -0.0098976 ,  0.03688274, -0.00553725]), array([ 0.00913624,  0.12952002,  0.04898713, -0.01270658]), array([ 0.02513895,  0.00637777, -0.04066695,  0.08243969]), array([-0.06405276, -0.01761094,  0.04354601, -0.02998769]), array([ 0.03285213,  0.00680488,  0.03001448, -0.06526414]), array([-0.01089649, -0.00298848,  0.00695657,  0.09213271]), array([-0.04378782,  0.01032276, -0.06465085, -0.1202888 ]), array([-0.12638874,  0.06367626,  0.03941466, -0.01115099]), array([ 0.01912525, -0.01569557,  0.03560905, -0.00646368]), array([-0.06595749,  0.02661696,  0.01020753, -0.02967374]), array([-0.03196499, -0.06827667, -0.06321748, -0.01892118]), array([-0.10644921, -0.04180217,  0.07465927,  0.01687638]), array([-0.0039019 , -0.00666983,  0.00398479, -0.01648602]), array([ 0.09367428,  0.00952886, -0.05199476,  0.00704143]), array([-0.00034537, -0.09913247, -0.01865677,  0.0064009 ]), array([ 0.05769376, -0.02683357, -0.03549126, -0.00232747]), array([ 0.08131969, -0.03775473, -0.02684155,  0.11473352]), array([-0.01451331,  0.00873818,  0.05039364,  0.07032936]), array([ 0.1238375 , -0.08410757, -0.0030053 , -0.07505109]), array([ 0.00095531,  0.01030308, -0.02901199,  0.01439604]), array([-0.01517275, -0.0017262 ,  0.03286626, -0.06062692]), array([-0.00305941,  0.0353002 ,  0.05095639,  0.00314111]), array([-0.01682597,  0.03961929,  0.02739096,  0.02009797]), array([ 0.07362103,  0.03793826, -0.07030499, -0.03852908]), array([0.01042312, 0.09507145, 0.03573707, 0.05205202]), array([0.01823218, 0.06233322, 0.00436456, 0.03174068]), array([ 0.04035473, -0.02952353, -0.04040264, -0.03773666]), array([ 0.05279801, -0.03887215,  0.05862468,  0.00834802]), array([-0.06446451, -0.15330504,  0.02851434, -0.0527467 ]), array([-0.04490235, -0.0935748 ,  0.05766111,  0.03405648]), array([ 0.0303585 , -0.00193234, -0.11067799,  0.03363641]), array([-0.11214208, -0.03297483, -0.0428913 , -0.0215899 ]), array([-0.02152514, -0.04500838,  0.01014358,  0.05766099]), array([-0.02588707,  0.05684012,  0.02901467, -0.04206074]), array([ 0.05073941,  0.00115093,  0.08226597, -0.04996865]), array([ 0.04028248,  0.03608247, -0.06889885,  0.0102578 ]), array([ 0.03159761,  0.01521635, -0.01389839, -0.04854381]), array([ 0.10574369, -0.04433445,  0.03686452,  0.00981166]), array([0.02260832, 0.08719866, 0.05253544, 0.03811921]), array([-0.03952968,  0.00939327, -0.00107456, -0.07920427]), array([ 0.04267612, -0.0563299 ,  0.01779683, -0.00870699]), array([-0.04883827,  0.01489929, -0.09757416,  0.05979099]), array([-0.09905765, -0.02020785, -0.04855333, -0.02493968]), array([ 0.06106412,  0.00217942, -0.08796352, -0.09124963]), array([-0.01634521, -0.0469626 , -0.05364654,  0.07639532]), array([ 0.01472094,  0.03119662, -0.01893801,  0.0209797 ]), array([-0.0321914 ,  0.05036808, -0.0417754 ,  0.00048568]), array([0.06226533, 0.11226369, 0.08054897, 0.00406643]), array([-0.03383129,  0.02521517, -0.02256266,  0.00072264])]

Actions: [array([1.        , 0.75773188]), array([1.        , 0.75340548]), array([1.        , 0.74999421]), array([1.        , 0.74713429]), array([1.        , 0.74560538]), array([1.        , 0.74420124]), array([1.       , 0.7428106]), array([1.        , 0.74265647]), array([1.        , 0.74269682]), array([1.       , 0.7433934]), array([1.        , 0.74357736]), array([1.        , 0.74486384]), array([1.        , 0.74495722]), array([1.        , 0.74476871]), array([1.        , 0.74442208]), array([1.        , 0.74395259]), array([1.        , 0.74476508]), array([1.       , 0.7450817]), array([1.        , 0.74548326]), array([1.      , 0.745037]), array([1.        , 0.74685702]), array([1.       , 0.7482565]), array([1.        , 0.74930002]), array([1.        , 0.74951414]), array([1.        , 0.74957304]), array([1.       , 0.7483084]), array([1.        , 0.74711024]), array([1.       , 0.7470171]), array([1.        , 0.74861345]), array([1.        , 0.74970086]), array([1.        , 0.75058009]), array([1.       , 0.7513652]), array([1.        , 0.75435016]), array([1.        , 0.75735854]), array([1.        , 0.76335611]), array([1.        , 0.76089411]), array([1.        , 0.76220776]), array([1.       , 0.7585942]), array([1.        , 0.76413696])]