
Good
Feature: [9, 40, 6572.94732263316]

States: [array([-170.33821782,    0.77323596, -130.18274237,   -2.15853684]), array([-169.67750134,    0.78734937, -132.36587101,   -0.8002037 ]), array([-168.955668  ,    0.91758295, -133.07844071,    0.39690223]), array([-168.09358068,    1.06680635, -132.62326862,    1.26467944]), array([-166.99815856,    0.96025281, -131.29269841,    2.05771356]), array([-166.13171166,    0.84804242, -129.27223864,    2.66790512]), array([-165.31543861,    0.75695415, -126.55007081,    3.11804352]), array([-164.58260047,    0.59889891, -123.41001995,    3.50020546]), array([-163.97910257,    0.53856122, -119.87075693,    3.74816313]), array([-163.53238025,    0.49252185, -116.06455478,    4.01463529]), array([-163.11413043,    0.41882889, -112.00426042,    4.29329204]), array([-162.69702587,    0.40995846, -107.76986627,    4.43470228]), array([-162.2926767 ,    0.48585976, -103.4168485 ,    4.57537719]), array([-161.78614898,    0.51359887,  -98.81302535,    4.65579889]), array([-161.32681236,    1.38505526,  -94.16093873,    4.69958694]), array([-159.99821088,    2.22974023,  -89.52180749,    4.76274148]), array([-157.7857502 ,    2.77469292,  -84.80369698,    4.65581733]), array([-155.02010012,    3.17240655,  -80.14640013,    4.47626677]), array([-151.77711862,    3.45163313,  -75.75904651,    4.10554811]), array([-148.2918626 ,    3.8349745 ,  -71.65231885,    3.81338218]), array([-144.46011609,    4.04373333,  -67.84057438,    3.52088078]), array([-140.35753332,    4.24456707,  -64.28604601,    3.37677003]), array([-136.06803155,    4.43014267,  -60.93137083,    3.1685155 ]), array([-131.66077812,    4.59364885,  -57.76291849,    2.99255844]), array([-127.08280007,    4.70041811,  -54.73936492,    2.84252544]), array([-122.35654669,    4.68451433,  -51.79657772,    2.72209703]), array([-117.67688093,    4.74896794,  -49.04261787,    2.64093645]), array([-112.91207599,    4.85637915,  -46.38681883,    2.61042361]), array([-108.07667417,    4.85218706,  -43.81339607,    2.4514733 ]), array([-103.25132069,    4.96739974,  -41.37046249,    2.35789464]), array([-98.31496184,   4.9949883 , -38.94296024,   2.23676202]), array([-93.34556658,   4.9814892 , -36.73727063,   2.21398419]), array([-88.34569089,   4.95695463, -34.54535051,   2.19015097]), array([-83.23396191,   4.96751775, -32.38465994,   2.21780795]), array([-78.20359959,   4.96179866, -30.21758637,   2.03462525]), array([-73.26958116,   5.06869158, -28.166412  ,   1.95047984]), array([-68.16719886,   5.02324035, -26.17482066,   1.87914445]), array([-63.1216976 ,   5.0201391 , -24.21274728,   1.89089816]), array([-58.04569642,   5.07307558, -22.42272792,   1.96091106]), array([-53.02554044,   5.08939511, -20.49455083,   1.99880322]), array([-47.8982822 ,   5.05075543, -18.52899658,   2.00281629]), array([-42.78957757,   5.08751198, -16.59216937,   1.98756079]), array([-37.62744644,   5.07974207, -14.58228279,   1.92034386]), array([-32.60970133,   5.06683866, -12.71343039,   1.88360016]), array([-27.49456341,   5.13433004, -10.87077632,   1.86956252]), array([-22.3936907 ,   5.0560579 ,  -9.01423254,   1.93606922]), array([-17.31623089,   5.01303514,  -7.06483174,   1.92256601]), array([-12.34797544,   5.00540448,  -5.15525894,   1.89334845]), array([-7.31426028,  5.11599569, -3.26918424,  1.92104731]), array([ 0.06296742,  0.0940856 , -0.10657955, -0.06523915]), array([-0.00452381,  0.0630016 , -0.00807279,  0.09307433]), array([-0.0497221 , -0.01625285, -0.15367309,  0.07572976]), array([ 0.0545274 , -0.01846998, -0.02658116, -0.02271894]), array([ 0.01477895, -0.00471697,  0.13806638, -0.01450242]), array([-0.03451011,  0.00112294, -0.04793805,  0.0400188 ]), array([ 0.0106544 , -0.03917143,  0.02460398,  0.02311878]), array([-0.03890331, -0.01437851,  0.01476115,  0.05047982]), array([-0.00229003,  0.03427494,  0.07792259, -0.01306895]), array([ 0.01466936, -0.10287065, -0.03080628,  0.07812873]), array([ 0.05987127, -0.04587911,  0.01442286, -0.04761248]), array([-0.01624736,  0.01719971,  0.00807934,  0.04604199]), array([-0.0289715 , -0.05296085, -0.05887006,  0.00764098]), array([-0.00671115, -0.0174402 , -0.02963356, -0.02051419]), array([-0.01899825, -0.10560881,  0.00123318, -0.03051762]), array([-0.00386876,  0.02829481,  0.07603142,  0.01102666]), array([-0.02406093, -0.09128418, -0.09590774, -0.03029327]), array([ 0.01146002, -0.03807511, -0.10152933, -0.00014446]), array([ 0.05937074,  0.01902087,  0.10588141, -0.0466525 ]), array([ 0.05155833, -0.11112756, -0.00031781, -0.0933669 ]), array([ 0.05085132,  0.02354272, -0.06911171,  0.01825802]), array([-0.01031468, -0.07810075,  0.00892676,  0.02078792]), array([-0.07439604,  0.04649586,  0.04681446,  0.05744372]), array([-0.00836271,  0.05342024,  0.07519015, -0.03572387]), array([-0.07138605,  0.05593368,  0.01541438,  0.01237892]), array([-0.03506372, -0.05207144,  0.01222223, -0.07982936]), array([ 0.01903891, -0.08925076, -0.02182518,  0.0408117 ]), array([ 0.01372501, -0.07063926, -0.02382832, -0.0080313 ]), array([0.01104614, 0.06262254, 0.03791349, 0.03658905]), array([ 0.00327255, -0.03466195,  0.04109606, -0.02339763]), array([-0.01459407,  0.0080938 ,  0.02865444,  0.01749605]), array([-0.04084409,  0.04328536, -0.0116589 , -0.04141613]), array([ 0.02100744, -0.0372071 ,  0.00855263,  0.01890949]), array([ 0.13044131,  0.03029443, -0.00960975, -0.04176451]), array([-0.07511048,  0.00564658, -0.00431065, -0.00682882]), array([ 0.04167714,  0.06018302, -0.051491  ,  0.02559697]), array([0.05038668, 0.03148354, 0.06966468, 0.03177188]), array([-0.00988523, -0.03683586, -0.07381322, -0.05606107]), array([-0.0524439 ,  0.01106645,  0.00280096,  0.05104703]), array([-0.04512761,  0.0539166 , -0.11607785,  0.03779886]), array([ 0.01667237,  0.02065986, -0.0145976 ,  0.06558086]), array([0.02553963, 0.01222993, 0.02562783, 0.07592252]), array([-0.04242653, -0.02342275,  0.09556287, -0.03728902]), array([ 0.11803159, -0.10562087, -0.01114013,  0.03124333]), array([ 0.02264056, -0.00488643, -0.03578319, -0.05451508]), array([ 0.09446095,  0.00812253, -0.01336068,  0.10324089]), array([-0.02438249,  0.05368619, -0.01283993,  0.04098978]), array([ 0.009563  ,  0.00283194, -0.0136925 , -0.00406903]), array([-0.01175147, -0.00229583, -0.05813643, -0.02965838]), array([0.05700568, 0.00992453, 0.0020157 , 0.04652327]), array([ 0.07126875, -0.02299016, -0.0616393 ,  0.02900937])]

Actions: [array([0.27654242, 1.        ]), array([0.25806647, 1.        ]), array([0.24496849, 1.        ]), array([0.23404211, 1.        ]), array([0.05644812, 1.        ]), array([0.04408933, 1.        ]), array([0.03211739, 1.        ]), array([0.09994671, 1.        ]), array([0.09555224, 1.        ]), array([0.09398646, 1.        ]), array([0.09323829, 1.        ]), array([0.09273986, 1.        ]), array([0.09272374, 1.        ]), array([0.94121006, 1.        ]), array([1.        , 0.94313221]), array([1.        , 0.84225609]), array([1.       , 0.7512111]), array([1.        , 0.51796307]), array([1.        , 0.50017096]), array([1.        , 0.48427599]), array([1.        , 0.47077277]), array([1.        , 0.45924155]), array([1.        , 0.44909467]), array([1.       , 0.4400901]), array([1.        , 0.43217684]), array([1.        , 0.42484374]), array([1.        , 0.41835803]), array([1.        , 0.41251235]), array([1.        , 0.40717717]), array([1.        , 0.40256416]), array([1.        , 0.39810398]), array([1.        , 0.39567884]), array([1.        , 0.39327233]), array([1.        , 0.39147422]), array([1.        , 0.38895769]), array([1.        , 0.38716531]), array([1.        , 0.38693013]), array([1.       , 0.3867756]), array([1.        , 0.38973979]), array([1.        , 0.39027092]), array([1.        , 0.39100517]), array([1.        , 0.39241056]), array([1.        , 0.39282571]), array([1.        , 0.39592288]), array([1.        , 0.40246627]), array([1.        , 0.41108083]), array([1.        , 0.41886017]), array([1.        , 0.43230451])]
Bad
Feature: [18, 21, 4975.874950989131]

States: [array([-1.70514353e+02, -1.07220671e-01, -1.31903437e+02,  8.91552248e-02]), array([-170.61902387,    0.85417015, -131.81625201,    0.84830268]), array([-169.77369789,    1.70627468, -130.94903202,    1.52189254]), array([-168.12369214,    2.39051745, -129.51042836,    1.9855824 ]), array([-165.68868124,    3.01332506, -127.52858999,    2.28643559]), array([-162.7930089 ,    3.3906811 , -125.2142009 ,    2.66737965]), array([-159.34829039,    3.66522038, -122.55630297,    2.91306089]), array([-155.73815477,    3.92781796, -119.64361469,    3.04904959]), array([-151.84770942,    4.20367225, -116.56022173,    3.31754348]), array([-147.64725862,    4.45345237, -113.23035944,    3.39610294]), array([-143.11879328,    4.52636305, -109.94307681,    3.52047211]), array([-138.66209074,    4.60247995, -106.33084376,    3.52640043]), array([-133.98576204,    4.67414457, -102.79787934,    3.63265171]), array([-129.45252477,    4.82589095,  -99.13831317,    3.74257217]), array([-124.62860754,    4.84974494,  -95.34529281,    3.76186181]), array([-119.67770795,    4.90154929,  -91.6286772 ,    3.77327472]), array([-114.81492375,    4.92304877,  -87.83843995,    3.81184325]), array([-109.88568486,    4.96016161,  -84.08728594,    3.83535159]), array([-104.9528198 ,    4.99311429,  -80.16542595,    3.85132985]), array([-100.05936168,    4.92410729,  -76.39694457,    3.86650823]), array([-95.01375706,   4.93677267, -72.55293228,   3.81387143]), array([-90.14788207,   5.04444469, -68.69670467,   3.82616763]), array([-85.11658577,   5.07895586, -64.91116817,   3.81705078]), array([-80.08511117,   5.11405267, -61.14490901,   3.86352541]), array([-75.04773114,   5.11052139, -57.30536576,   3.82069058]), array([-69.88917767,   5.04824728, -53.47444826,   3.88516788]), array([-64.81426045,   4.96699796, -49.49291074,   3.92754383]), array([-59.80008675,   5.08561677, -45.4922065 ,   3.91103461]), array([-54.72666333,   5.07995442, -41.57948627,   3.82733479]), array([-49.66474076,   5.0260342 , -37.69099401,   3.81645034]), array([-44.58988363,   5.05629733, -33.79773068,   3.94476061]), array([-39.53690756,   5.08166617, -29.85981381,   3.98377154]), array([-34.43838217,   5.03334279, -25.8621743 ,   3.98680395]), array([-29.32831808,   5.08805875, -21.90448114,   3.95185189]), array([-24.1744688 ,   5.09919741, -17.94537461,   3.99401988]), array([-19.02503208,   5.03753781, -13.90916976,   4.09077689]), array([-13.95207956,   5.04477212,  -9.82906806,   4.09730676]), array([-8.96116495,  5.0238404 , -5.75012337,  4.02433669]), array([-3.88022283,  5.05004826, -1.68443912,  4.02322105]), array([-0.08447462, -0.02345812, -0.04523733, -0.09889287]), array([-0.01784529, -0.00049427,  0.00951381, -0.01672064]), array([-0.00835915, -0.04731393,  0.09392173, -0.06928723]), array([ 0.005803  , -0.08855259,  0.03207929,  0.01622379]), array([-0.02354732,  0.01705446,  0.02593782, -0.01344946]), array([ 0.01456493, -0.04624498,  0.10077359, -0.00910928]), array([ 0.065544  , -0.00972509,  0.00800711, -0.02797945]), array([0.01539215, 0.02902738, 0.00818753, 0.01985388]), array([-0.01823445,  0.07225867,  0.05108028, -0.05233133]), array([-0.0161097 ,  0.03435313, -0.04427847, -0.03999738]), array([ 0.00828562, -0.07354089,  0.0149652 ,  0.05041549]), array([ 0.08205901, -0.04622404,  0.07527779, -0.03334091]), array([-0.03748516,  0.05254176,  0.0579399 , -0.07277458]), array([ 0.00135397, -0.09891329,  0.02732422,  0.01224744]), array([ 0.00482495,  0.05846543, -0.04175964,  0.05063664]), array([ 0.04589148, -0.03528596,  0.04621149,  0.0313341 ]), array([-0.02739028, -0.05660126,  0.02106174, -0.0262297 ]), array([ 0.08483671,  0.06269266, -0.0536261 ,  0.05207792]), array([-0.0045466 , -0.01355912,  0.03700158, -0.01094723]), array([ 0.09972102,  0.07373495, -0.01477781, -0.04416472]), array([ 0.02271991,  0.04855892, -0.03680391, -0.09346007]), array([ 0.0555562 , -0.02809523,  0.04725203, -0.00254513]), array([ 0.01599657, -0.00402886,  0.0261632 , -0.04312906]), array([0.0209443 , 0.03202027, 0.00560877, 0.00887796]), array([ 0.09368112, -0.0360744 , -0.01265467, -0.05367103]), array([ 0.00769892, -0.02881684, -0.00076764, -0.05149932]), array([ 0.00260807, -0.01319415, -0.01006867,  0.00192534]), array([ 0.04436592, -0.00449653, -0.02372839,  0.02738858]), array([-0.00431478,  0.04832668,  0.06206867,  0.01422919]), array([ 0.05493035,  0.02929238, -0.05705372,  0.01178586]), array([0.04673347, 0.07039334, 0.0504958 , 0.02443264]), array([-0.01971738,  0.03345894,  0.06436994, -0.00828842]), array([ 0.01248634, -0.04131248, -0.0356073 ,  0.01818066]), array([-0.03631187, -0.06592792, -0.00704408,  0.03467285]), array([ 0.0190398 , -0.01583897, -0.01241224,  0.02466343]), array([ 0.0537498 , -0.12558314, -0.02890044, -0.02825911]), array([-0.03453947,  0.07791269, -0.0217676 ,  0.00083222]), array([ 0.00028165, -0.0751438 ,  0.05664567, -0.04515106]), array([ 0.00293024, -0.11050081,  0.0658713 ,  0.05186756]), array([-0.04278784, -0.03566528,  0.03560474,  0.01405058]), array([0.0027313 , 0.04085862, 0.01195285, 0.08202907]), array([ 0.02349251, -0.03207983, -0.01731533,  0.02732476]), array([ 0.03466292, -0.02183021,  0.05437918,  0.02599711]), array([-0.01620099,  0.03550059,  0.10348997, -0.10905804]), array([0.03783268, 0.0999885 , 0.02743217, 0.06777383]), array([-0.04360561, -0.04100088,  0.04544325,  0.02687919]), array([0.06306711, 0.01046903, 0.00891041, 0.07319344]), array([ 0.01602263, -0.01145952,  0.05457989, -0.09918255]), array([-0.0165065 ,  0.00184892, -0.09484456,  0.00770371]), array([-0.01587463,  0.01355245,  0.03878558, -0.04201676]), array([-0.04243186,  0.01683084,  0.02705217, -0.04999701]), array([-0.02605323,  0.05373181, -0.04384787,  0.0496544 ]), array([-0.1285884 ,  0.0179767 ,  0.03112009, -0.02095632]), array([0.04019586, 0.0607738 , 0.02195439, 0.00580451]), array([ 0.02983484,  0.07373987, -0.01778188,  0.01252805]), array([-0.02180329,  0.00966124,  0.12774995,  0.06573261]), array([-0.0244497 ,  0.00431278,  0.01306268,  0.00795278]), array([ 0.01239157, -0.04127629, -0.04593083, -0.02676219]), array([-0.05642567, -0.0006824 , -0.05725486,  0.08338227]), array([ 0.00491283, -0.02065944,  0.02527739,  0.03307207]), array([-0.0774355 ,  0.03633497,  0.0111835 ,  0.00066486])]

Actions: [array([1.        , 0.78427447]), array([1.        , 0.78328469]), array([1.        , 0.78207953]), array([1.        , 0.78120034]), array([1.        , 0.78072104]), array([1.        , 0.78039214]), array([1.        , 0.78058201]), array([1.        , 0.77997563]), array([1.        , 0.77965419]), array([1.        , 0.77928294]), array([1.        , 0.78096681]), array([1.       , 0.7800198]), array([1.        , 0.78087303]), array([1.        , 0.77995137]), array([1.        , 0.77970663]), array([1.        , 0.78090277]), array([1.        , 0.78096461]), array([1.        , 0.78185688]), array([1.       , 0.7812393]), array([1.        , 0.78178159]), array([1.        , 0.78283537]), array([1.        , 0.78231579]), array([1.        , 0.78407592]), array([1.        , 0.78629735]), array([1.        , 0.78790549]), array([1.        , 0.79122782]), array([1.        , 0.79174729]), array([1.        , 0.79123659]), array([1.        , 0.79307875]), array([1.        , 0.79559555]), array([1.        , 0.79880204]), array([1.      , 0.801266]), array([1.        , 0.80378126]), array([1.        , 0.80881566]), array([1.        , 0.81733588]), array([1.       , 0.8262206]), array([1.        , 0.83397217]), array([1.        , 0.84287176])]