
Good
Feature: [9, 39, 6360.142696368238]

States: [array([-170.08950335,   -0.96006017, -130.01214978,   -0.28651896]), array([-171.15102257,   -0.50488202, -130.33717519,    0.83389532]), array([-171.71919745,   -0.18989234, -129.51614929,    1.5623864 ]), array([-1.71907893e+02,  1.52021898e-01, -1.27961899e+02,  2.36301088e+00]), array([-171.7313286 ,    0.42974504, -125.57281084,    2.8818896 ]), array([-171.20106753,    0.72705561, -122.68324407,    3.33707931]), array([-170.47712149,    0.95400238, -119.32816493,    3.70065977]), array([-169.55551835,    1.16458533, -115.71272026,    3.95145738]), array([-168.39481311,    1.22030153, -111.79183268,    4.11316953]), array([-167.22153891,    1.31165352, -107.6701551 ,    4.3418654 ]), array([-165.88439568,    1.55621749, -103.32230387,    4.38085278]), array([-164.32302105,    1.70707134,  -98.92926201,    4.45362698]), array([-162.55466183,    1.77142936,  -94.48221867,    4.44716138]), array([-160.76174698,    1.8802166 ,  -90.13566525,    4.50983721]), array([-158.99357149,    2.00338991,  -85.67224633,    4.43438605]), array([-156.90506888,    2.60448695,  -81.20894169,    4.07148041]), array([-154.30838169,    3.144206  ,  -77.1700771 ,    3.72105985]), array([-151.12852124,    3.48543557,  -73.44675087,    3.51943028]), array([-147.64962266,    3.82419239,  -69.90501812,    3.3097414 ]), array([-143.82295465,    4.04778331,  -66.60606636,    3.06989208]), array([-139.74759109,    4.2512384 ,  -63.48417881,    2.85753112]), array([-135.53227656,    4.3220265 ,  -60.60118876,    2.66267593]), array([-131.15625584,    4.51537029,  -57.88848967,    2.52797666]), array([-126.61331808,    4.66267812,  -55.32320823,    2.44225233]), array([-121.89120761,    4.78477633,  -52.91451825,    2.41729975]), array([-117.07045865,    4.90878378,  -50.54555706,    2.36258648]), array([-112.15486599,    5.0029499 ,  -48.19484819,    2.36842858]), array([-107.12567561,    4.94351649,  -45.72179935,    2.37539782]), array([-102.2090784 ,    4.90960607,  -43.34003397,    2.38311076]), array([-97.35795858,   4.86723247, -40.94405244,   2.35556679]), array([-92.47409229,   4.86961442, -38.59027167,   2.25715784]), array([-87.58882946,   4.86336656, -36.34280316,   2.21509543]), array([-82.73640232,   4.93157512, -34.07963902,   2.23923561]), array([-77.83197965,   4.89706215, -31.8470995 ,   2.14262158]), array([-72.90553041,   4.89575018, -29.65127208,   2.07621877]), array([-67.97469266,   4.93283108, -27.5668025 ,   2.1395373 ]), array([-63.08934484,   4.96736588, -25.44105734,   2.10851413]), array([-58.11534122,   5.02104573, -23.32854817,   2.14213589]), array([-53.07126716,   5.02856993, -21.18995998,   2.11877741]), array([-48.10599259,   4.95073203, -19.12470492,   2.076884  ]), array([-43.15905075,   5.00918565, -16.99828842,   2.03973172]), array([-38.06745815,   5.03642373, -14.98249187,   1.97146242]), array([-32.97348394,   4.95200543, -12.96622953,   2.01313714]), array([-28.00890365,   4.90655453, -10.88366711,   1.98150092]), array([-23.14266624,   4.96546202,  -8.95203988,   1.98948634]), array([-18.31002182,   5.07821918,  -6.90208943,   1.9781977 ]), array([-13.10635835,   5.05234662,  -4.89283251,   1.85795219]), array([-8.09063812,  5.08125471, -3.03363193,  1.85859814]), array([-0.01407393,  0.0386562 ,  0.09290285, -0.01467393]), array([-0.0345275 , -0.05370733, -0.07303734,  0.01654644]), array([0.03154745, 0.01377582, 0.02182337, 0.05070275]), array([ 0.06193382,  0.02252693, -0.05538976, -0.05288309]), array([-0.05106262,  0.04846563,  0.01632268,  0.06755314]), array([ 0.09803798, -0.01980741,  0.02151454,  0.12540167]), array([-0.07483836,  0.00210865, -0.04695899,  0.07502244]), array([-0.01644025, -0.0229789 , -0.02671075,  0.00759044]), array([-0.00027963,  0.06170105, -0.04716928, -0.02031448]), array([0.03438925, 0.00257114, 0.09516454, 0.03736573]), array([0.06482876, 0.03837495, 0.08062239, 0.00506165]), array([ 0.023027  ,  0.02297498, -0.03750457,  0.01659281]), array([ 0.09622251,  0.03562503, -0.02469792, -0.04092858]), array([ 0.04657991,  0.04779576, -0.07698438, -0.00931792]), array([ 0.04421819, -0.02915166,  0.01043669,  0.05780307]), array([-0.01892928,  0.06098506, -0.07064288,  0.02025602]), array([0.00679293, 0.07073712, 0.02913692, 0.01547058]), array([-0.13275285,  0.03376274, -0.01171033, -0.03104151]), array([-0.01163002, -0.03599206,  0.06330174, -0.04000321]), array([ 0.02280928, -0.01783066, -0.02005632, -0.01641098]), array([-0.0442746 , -0.08236121, -0.01744236, -0.06800026]), array([-0.02158728, -0.00504276, -0.04603356, -0.02315944]), array([ 0.06413952,  0.03219488, -0.12127704,  0.04791883]), array([ 0.00328447, -0.05795464,  0.01421525, -0.02585601]), array([ 0.04820599,  0.01897197, -0.01179914, -0.01438241]), array([-0.00142313,  0.06819722,  0.04757137, -0.0051232 ]), array([ 0.01518077, -0.02265149, -0.03244747,  0.04528209]), array([-0.01626694,  0.04217312,  0.04480113, -0.05782565]), array([-0.05609717, -0.04931881, -0.08435284, -0.02589294]), array([-0.04634999,  0.02342762,  0.0114852 , -0.02036824]), array([ 0.01982362,  0.02904708, -0.01301505,  0.05011425]), array([-0.04577693,  0.04402367,  0.04158001,  0.00741574]), array([-0.04525016,  0.01583022,  0.04036152, -0.04682918]), array([-0.05275413,  0.00608489,  0.01044295,  0.02442178]), array([-0.00330517,  0.06962344, -0.07505152, -0.00734502]), array([ 0.00198851, -0.07157746,  0.02391443, -0.04922315]), array([ 0.01181633,  0.07645397, -0.01878103, -0.0436605 ]), array([ 0.06326006,  0.00796058, -0.06805366,  0.0377176 ]), array([ 0.02132714, -0.05167477,  0.01880673, -0.03453237]), array([ 0.00945465, -0.04601423, -0.0266287 ,  0.05203452]), array([-0.03993826, -0.07840551, -0.02101798, -0.05716113]), array([ 0.03222984,  0.04675729,  0.04458251, -0.05886793]), array([ 0.02849189, -0.06836545,  0.010067  ,  0.02786487]), array([-0.05035788,  0.0133143 , -0.06852821, -0.00216745]), array([-0.02374652, -0.10886988,  0.07230337,  0.03588276]), array([ 0.07989186, -0.03311251, -0.03764298,  0.02385418]), array([-0.0407963 ,  0.03606696,  0.06649135, -0.01399451]), array([-0.01299189,  0.00181621,  0.00084885,  0.01552076]), array([-0.0051445 , -0.05321514,  0.05456576, -0.0984823 ]), array([ 0.02724784,  0.0211059 ,  0.02194954, -0.02932821]), array([-0.00024256,  0.03188937, -0.02855991, -0.02495561]), array([-0.01591083,  0.15281862, -0.04777458, -0.01191589])]

Actions: [array([0.26176335, 1.        ]), array([0.27775706, 1.        ]), array([0.3264863, 1.       ]), array([0.33799995, 1.        ]), array([0.34886471, 1.        ]), array([0.35752326, 1.        ]), array([0.36669921, 1.        ]), array([0.37508243, 1.        ]), array([0.38208035, 1.        ]), array([0.39207627, 1.        ]), array([0.40233653, 1.        ]), array([0.40889432, 1.        ]), array([0.41074783, 1.        ]), array([0.41041307, 1.        ]), array([1.        , 0.53411696]), array([1.        , 0.51283518]), array([1.        , 0.49533687]), array([1.        , 0.48116014]), array([1.        , 0.43839088]), array([1.        , 0.42714898]), array([1.       , 0.4172946]), array([1.        , 0.40902625]), array([1.       , 0.4427323]), array([1.        , 0.43837086]), array([1.        , 0.43560168]), array([1.        , 0.43331151]), array([1.        , 0.43135052]), array([1.        , 0.42852611]), array([1.        , 0.42584734]), array([1.        , 0.42247028]), array([1.        , 0.41934258]), array([1.       , 0.4170825]), array([1.        , 0.41420418]), array([1.        , 0.41163364]), array([1.        , 0.40934285]), array([1.        , 0.40837665]), array([1.        , 0.40631841]), array([1.        , 0.40475514]), array([1.        , 0.40294169]), array([1.        , 0.40161125]), array([1.        , 0.39840506]), array([1.        , 0.39873569]), array([1.        , 0.39918172]), array([1.       , 0.3956342]), array([1.        , 0.39536335]), array([1.        , 0.38791943]), array([1.        , 0.38861117])]
Bad
Feature: [18, 20, 4759.813287752564]

States: [array([-168.75998724,    0.33272483, -131.2623056 ,    1.61127801]), array([-168.44890781,    1.27638419, -129.69372979,    2.11810347]), array([-167.1959381 ,    2.02021834, -127.57802599,    2.64908153]), array([-165.11755188,    2.63693232, -124.86063358,    2.93301119]), array([-162.47099318,    3.08378489, -121.93564807,    3.15879755]), array([-159.37969967,    3.50147509, -118.85020048,    3.30735916]), array([-155.91125683,    3.84300208, -115.48343357,    3.35061944]), array([-152.12154956,    4.19537578, -112.07135484,    3.42567305]), array([-147.80815966,    4.3442601 , -108.67307954,    3.5357357 ]), array([-143.42157046,    4.42606355, -105.12182993,    3.62346732]), array([-139.04028287,    4.51708183, -101.55825651,    3.56873956]), array([-134.55753144,    4.53775944,  -98.00294563,    3.62402108]), array([-130.04530873,    4.60347083,  -94.37920316,    3.59272515]), array([-125.4058666 ,    4.62623305,  -90.71790448,    3.52524402]), array([-120.70475444,    4.60869173,  -87.1895428 ,    3.63433505]), array([-116.07307597,    4.60407119,  -83.55876577,    3.66741191]), array([-111.50698524,    4.73518001,  -79.92558085,    3.59265644]), array([-106.70461747,    4.78897714,  -76.28014978,    3.60125027]), array([-101.90499411,    4.81600714,  -72.62403012,    3.57858334]), array([-97.04437188,   4.80314098, -69.02888285,   3.53686397]), array([-92.22534584,   4.94182233, -65.51347741,   3.53389216]), array([-87.24269686,   4.96905556, -62.01720381,   3.58460097]), array([-82.27458133,   4.90356333, -58.38051782,   3.57363898]), array([-77.37930052,   4.85641629, -54.82307615,   3.51074205]), array([-72.46110696,   4.78415687, -51.31926481,   3.52666181]), array([-67.63330312,   4.80778342, -47.76606332,   3.63490209]), array([-62.7852199 ,   4.95389956, -44.10962227,   3.58881772]), array([-57.78739704,   4.87066114, -40.50758305,   3.57154978]), array([-52.91910551,   4.81210477, -36.97716094,   3.6529592 ]), array([-48.1820205 ,   4.92599172, -33.30598134,   3.49052011]), array([-43.23720382,   4.97591777, -29.85115665,   3.55355509]), array([-38.27822755,   4.98135759, -26.31058357,   3.51536668]), array([-33.22158125,   5.00081648, -22.86844081,   3.50570902]), array([-28.19132495,   4.99890486, -19.37677334,   3.50632722]), array([-23.23776505,   4.98412254, -15.86217743,   3.55517963]), array([-18.25599715,   5.03807   , -12.33989261,   3.56884778]), array([-13.26093492,   5.03403037,  -8.73113782,   3.65393126]), array([-8.19950841,  5.01172245, -5.05180063,  3.67661039]), array([ 0.03849887,  0.00346943,  0.06301593, -0.03519565]), array([-0.00512204, -0.09427234,  0.04059487,  0.05578032]), array([-0.01115017, -0.02055494,  0.08035947,  0.04312224]), array([-0.01076055, -0.08849838,  0.11157747, -0.00410848]), array([-0.02971378, -0.02394785, -0.09232118, -0.01178054]), array([ 0.05729642, -0.0210343 ,  0.01071643, -0.04241062]), array([ 0.02487998, -0.00904479,  0.01732661, -0.00773937]), array([ 0.04288688, -0.01934553,  0.04314189,  0.01782407]), array([-0.10115167, -0.05398531,  0.05688587,  0.00476062]), array([ 0.03160138,  0.0847379 , -0.04974375, -0.09434254]), array([-0.08054531,  0.00623307,  0.03094756,  0.08601814]), array([-0.00241325, -0.04217184,  0.02794264,  0.03363889]), array([ 0.04244945, -0.02949023,  0.01298469, -0.01609907]), array([-0.00531694, -0.09101945, -0.01253786,  0.03853683]), array([-0.04367789, -0.0215415 ,  0.04021644, -0.0130565 ]), array([-0.04771585,  0.05849409, -0.04510876,  0.02326887]), array([ 0.1132887 ,  0.02628063, -0.01508415,  0.15133967]), array([ 0.00308539, -0.00676031,  0.06688703,  0.05066819]), array([ 0.03334082, -0.00993332, -0.03092682, -0.00513567]), array([-0.09364571, -0.01527852,  0.05390442,  0.11906629]), array([-0.02181977, -0.01904662, -0.05198028,  0.11011723]), array([-0.04171563, -0.02094892,  0.03304586,  0.00629214]), array([-0.04033256,  0.00215339,  0.07494277,  0.06779062]), array([-0.0030474 , -0.00087292,  0.10767784,  0.00631389]), array([ 0.01046015,  0.04400059,  0.00394608, -0.05557615]), array([-0.03338558, -0.03243246,  0.03738365,  0.00503445]), array([-0.10794948, -0.00361979,  0.05467089,  0.03025962]), array([-0.00801931, -0.01135701,  0.02749117,  0.03894073]), array([ 0.01041891,  0.04324571, -0.11991704, -0.04113867]), array([-0.02462129,  0.00463234,  0.06719662, -0.0705335 ]), array([-0.02734864, -0.04940401,  0.01390677, -0.05528461]), array([-0.02101811,  0.02674344,  0.01490978,  0.04995985]), array([ 0.00371961, -0.00533728, -0.01300004, -0.02670227]), array([ 0.03013588, -0.02782093, -0.02969438, -0.0150115 ]), array([-0.0283233 , -0.06327327, -0.036235  ,  0.04910459]), array([0.02219632, 0.03693669, 0.0339649 , 0.14526104]), array([-0.01006624,  0.05128396, -0.05187863, -0.06219377]), array([-0.01352901,  0.0294279 , -0.03385024, -0.00660122]), array([-0.05943724,  0.04605953,  0.0006402 ,  0.01571719]), array([ 0.03715759,  0.06581795, -0.04531407,  0.04601685]), array([ 0.0185623 , -0.02894203, -0.01962255, -0.03556112]), array([0.02048084, 0.02748063, 0.0275368 , 0.06627676]), array([-0.01432906,  0.05267142, -0.065255  ,  0.03674168]), array([ 0.05182438, -0.04180547, -0.04020605, -0.0634759 ]), array([ 0.02435775, -0.00569212,  0.01196463, -0.01011891]), array([-0.00441725,  0.11380214,  0.03543959, -0.00659465]), array([-0.04327456, -0.02309333,  0.00907807,  0.01851371]), array([-0.017145  , -0.0266766 ,  0.002916  ,  0.03149269]), array([0.02846679, 0.0843952 , 0.06647517, 0.01044116]), array([-0.06414433, -0.02486184, -0.00043828,  0.07299747]), array([0.04345122, 0.01466285, 0.02579749, 0.02895334]), array([-0.01998415, -0.04285048,  0.03203147, -0.01319502]), array([ 0.08935845, -0.11416745,  0.02097681, -0.01764008]), array([-0.01141518, -0.00555389,  0.06818324,  0.09167821]), array([-0.02952226, -0.00447138,  0.02840692, -0.0480225 ]), array([ 0.08795082,  0.00062034, -0.09444416, -0.06583137]), array([-0.04341196,  0.00650618,  0.03473991, -0.05905697]), array([-0.0301012 , -0.13783186,  0.01236641,  0.01791366]), array([ 0.08720261,  0.08579124, -0.03023251, -0.02280484]), array([ 0.07105125, -0.08284633,  0.04337621,  0.06268526]), array([-0.06523903,  0.03003313, -0.05745606,  0.02763243]), array([ 0.01375562, -0.00707421, -0.02190864, -0.07653046])]

Actions: [array([1.        , 0.78057371]), array([1.        , 0.77269674]), array([1.        , 0.76582751]), array([1.        , 0.75900407]), array([1.        , 0.75335978]), array([1.        , 0.74860847]), array([1.        , 0.74366362]), array([1.        , 0.73975646]), array([1.        , 0.73835183]), array([1.        , 0.73617147]), array([1.        , 0.73373665]), array([1.        , 0.73175659]), array([1.        , 0.72927866]), array([1.        , 0.72706054]), array([1.       , 0.7261451]), array([1.        , 0.72383766]), array([1.        , 0.72089172]), array([1.        , 0.71917027]), array([1.        , 0.71716196]), array([1.        , 0.71603409]), array([1.        , 0.71533019]), array([1.        , 0.71611049]), array([1.        , 0.71514905]), array([1.        , 0.71441643]), array([1.        , 0.71455232]), array([1.        , 0.71301905]), array([1.        , 0.70983176]), array([1.        , 0.70888762]), array([1.        , 0.70738415]), array([1.        , 0.70071814]), array([1.        , 0.70095246]), array([1.        , 0.69925945]), array([1.       , 0.7020939]), array([1.        , 0.70352151]), array([1.        , 0.70223734]), array([1.        , 0.70091791]), array([1.        , 0.69271457])]