
Good
Feature: [9, 44, 7048.628107922222]

States: [array([-171.10403048,   -0.4460728 , -129.98343928,    1.04555197]), array([-171.58433272,   -0.28068182, -128.92203427,    1.79612774]), array([-171.86447697,   -0.19552952, -127.1215151 ,    2.42257826]), array([-1.72022156e+02, -1.81602468e-02, -1.24821176e+02,  3.02203458e+00]), array([-1.72006654e+02,  6.46026332e-02, -1.21762252e+02,  3.41132073e+00]), array([-1.71888928e+02,  1.21373029e-01, -1.18388151e+02,  3.71844153e+00]), array([-1.71775039e+02,  1.31694172e-01, -1.14634790e+02,  3.99486858e+00]), array([-171.67745788,    0.23191751, -110.67764032,    4.27368927]), array([-171.35451871,    0.29495477, -106.33515477,    4.40348759]), array([-171.03464706,    0.38166236, -101.90160598,    4.53304081]), array([-170.59412903,    0.54181849,  -97.27302558,    4.68555169]), array([-170.13944073,    0.75623526,  -92.57657273,    4.74878254]), array([-169.45085382,    0.86545911,  -87.81916147,    4.77777311]), array([-168.50473381,    0.96807399,  -83.10096732,    4.8598495 ]), array([-167.47323419,    1.10722957,  -78.2116602 ,    4.93481513]), array([-166.42804435,    1.1476477 ,  -73.29540278,    4.93392791]), array([-165.3304092 ,    1.20967653,  -68.29104764,    4.928924  ]), array([-164.22895044,    1.22306999,  -63.3424498 ,    4.97083248]), array([-163.04709652,    1.89880978,  -58.39578397,    5.03658805]), array([-161.10930129,    2.55197991,  -53.40629208,    5.03638059]), array([-158.62384806,    3.06139261,  -48.3807307 ,    4.60414136]), array([-155.57814368,    3.3808001 ,  -43.80976932,    4.19843998]), array([-152.1778288 ,    3.65691202,  -39.61526263,    3.9210902 ]), array([-148.50621124,    3.93895081,  -35.69948694,    3.56846166]), array([-144.54359709,    4.21529503,  -32.21457003,    3.15498485]), array([-140.28937621,    4.34781136,  -29.0074695 ,    2.78523021]), array([-135.93779349,    4.50918715,  -26.25464012,    2.46863194]), array([-131.41018064,    4.57612436,  -23.76107099,    2.66849206]), array([-126.81502355,    4.67085059,  -21.11538195,    2.78956739]), array([-122.11548324,    4.70352684,  -18.40403688,    2.82321002]), array([-117.37855842,    4.77132301,  -15.56714653,    2.87141744]), array([-112.56686957,    4.75989635,  -12.72156608,    2.75381494]), array([-107.76263455,    4.83340594,   -9.84407357,    3.07715312]), array([-102.89133374,    4.98119175,   -6.75946985,    3.16927903]), array([-97.86355631,   5.02786024,  -3.65531791,   3.27334624]), array([-92.75706796,   5.09357642,  -0.47788992,   3.52298254]), array([-87.65184603,   5.10695314,   3.06407299,   3.1150351 ]), array([-82.56671708,   5.0425066 ,   6.23565489,   2.41540794]), array([-77.60822602,   4.89666854,   8.75438537,   1.75427477]), array([-72.72869062,   4.93565277,  10.53197813,   1.28904892]), array([-67.78629267,   4.84964669,  11.84811642,   0.72791231]), array([-63.03781219,   4.83510711,  12.49444561,   0.35393899]), array([-5.82408376e+01,  4.87828015e+00,  1.28385055e+01, -1.24279869e-02]), array([-53.37028016,   4.91981568,  12.77496553,  -0.32628322]), array([-48.45171047,   5.00148069,  12.35022239,  -0.59039133]), array([-43.39259424,   4.9997706 ,  11.72973235,  -0.85103988]), array([-38.37435737,   4.93460863,  10.93257028,  -1.09297819]), array([-33.44767451,   5.0016889 ,   9.82391748,  -1.22730723]), array([-28.49565821,   4.91452774,   8.56587117,  -1.45764436]), array([-23.58797713,   4.93545866,   7.13112802,  -1.70397336]), array([-18.55107901,   5.05622082,   5.36635988,  -1.85586531]), array([-13.54068798,   5.09804019,   3.46009923,  -1.97887475]), array([-8.37615294,  5.02009564,  1.48114409, -2.24048045]), array([ 0.02141125,  0.02582483, -0.00888932, -0.0665269 ]), array([-0.09727927, -0.01027177, -0.03533005, -0.02540041]), array([ 0.02637194, -0.01927857,  0.07497298, -0.01539152]), array([ 0.00953205, -0.0546771 , -0.05512379, -0.03876317]), array([-0.02562227,  0.01580786, -0.05359834,  0.03384177]), array([-0.02983934, -0.09364428, -0.01927598, -0.01260991]), array([-0.04866253, -0.04557201, -0.00143826,  0.0182547 ]), array([-0.07046404,  0.06168391,  0.10437938,  0.03463009]), array([ 0.07311114, -0.08494431,  0.06044864,  0.05321464]), array([-0.05992779,  0.0381858 ,  0.00887039,  0.02455802]), array([-0.04760418, -0.08340683, -0.00663894,  0.00237362]), array([-0.01552563, -0.00570149,  0.02888389,  0.00348302]), array([ 0.01022028, -0.05421627,  0.00392002, -0.00563015]), array([-0.05611496, -0.06989938,  0.04499215,  0.04469664]), array([ 0.07746169, -0.06125696,  0.0944816 , -0.06807742]), array([ 0.0685707 ,  0.04575679, -0.05421522, -0.00653336]), array([-0.01505349,  0.01695859,  0.06923314,  0.0275029 ]), array([ 0.03588134,  0.06876624, -0.02326313,  0.08324711]), array([ 0.03324482, -0.05732657,  0.04652833,  0.05076691]), array([ 0.02950435,  0.0402709 , -0.06274162,  0.07691247]), array([ 0.00970291, -0.01897919, -0.10485671,  0.01443671]), array([-0.07149911, -0.02213155, -0.0345455 ,  0.02848343]), array([ 0.02271951, -0.05501316, -0.05260997, -0.02222291]), array([-0.06418506,  0.12923923,  0.0327478 , -0.03021123]), array([ 0.10623288, -0.05601411,  0.0123736 ,  0.02591141]), array([-0.07325347, -0.09545213, -0.01299396,  0.02054565]), array([ 0.03697307,  0.0170207 , -0.0758795 ,  0.00123367]), array([-0.01183034, -0.08864083, -0.05992757,  0.00312977]), array([-0.00651798,  0.07211327,  0.01131184,  0.03649535]), array([-0.01267932,  0.09152166,  0.01790312, -0.02330372]), array([-0.07229292, -0.04834666,  0.00467173,  0.01067665]), array([ 0.05399631,  0.03400801, -0.07612038, -0.0374084 ]), array([-0.04627466,  0.02577216, -0.03764692, -0.03569579]), array([ 0.02301488,  0.00579567, -0.08853082, -0.03621138]), array([ 0.05895842, -0.07308378,  0.0794185 , -0.05528607]), array([-0.09125185,  0.02976943, -0.08165168,  0.01197755]), array([-0.00494113, -0.02398498, -0.05428359,  0.02724066]), array([ 0.02912814, -0.06243228,  0.01867823, -0.08071446]), array([0.02820451, 0.04796485, 0.03015486, 0.05116083]), array([-0.00311843,  0.00099552,  0.03295671, -0.07012219]), array([0.08178051, 0.01197342, 0.01271231, 0.05769858]), array([ 0.06214165, -0.04486677, -0.02633864,  0.02303323]), array([ 0.03416946, -0.05251409,  0.10778594,  0.10575728]), array([ 0.07260371, -0.00034525, -0.01276873,  0.04578533]), array([ 0.12045591,  0.01285184,  0.09522706, -0.05284201]), array([-0.06254259,  0.00068794,  0.00322282,  0.09402771]), array([ 0.11459305, -0.01206122, -0.08237028, -0.02291798])]

Actions: [array([0.07657718, 1.        ]), array([0.08225419, 1.        ]), array([0.08666356, 1.        ]), array([0.09042891, 1.        ]), array([0.09327445, 1.        ]), array([0.09550316, 1.        ]), array([0.09839285, 1.        ]), array([0.10200939, 1.        ]), array([0.10358187, 1.        ]), array([0.24472765, 1.        ]), array([0.25391946, 1.        ]), array([0.26436853, 1.        ]), array([0.27301061, 1.        ]), array([0.27860458, 1.        ]), array([0.28448368, 1.        ]), array([0.29136849, 1.        ]), array([0.29914966, 1.        ]), array([0.94852821, 1.        ]), array([1.        , 0.96849761]), array([1.        , 0.61640726]), array([1.        , 0.54441033]), array([1.        , 0.48035978]), array([1.        , 0.41949206]), array([1.        , 0.35763719]), array([1.        , 0.29760319]), array([1.        , 0.23330631]), array([1.        , 0.61524435]), array([1.        , 0.62497214]), array([1.        , 0.63386756]), array([1.        , 0.64677706]), array([1.        , 0.37589615]), array([1.        , 0.89745894]), array([1.       , 0.7366598]), array([1.        , 0.76054416]), array([1.        , 0.80533138]), array([1.        , 0.28515979]), array([ 1.        , -0.04949108]), array([ 1.        , -0.13721893]), array([ 1.        , -0.17880779]), array([ 1.        , -0.21559254]), array([ 1.        , -0.25108664]), array([ 1.        , -0.28057406]), array([ 1.        , -0.30993651]), array([ 1.        , -0.33738321]), array([ 1.        , -0.36323201]), array([ 1.        , -0.39173178]), array([ 1.        , -0.42273936]), array([ 1.        , -0.45247028]), array([ 1.        , -0.48780245]), array([ 1.        , -0.52968591]), array([ 1.        , -0.58024151]), array([ 1.        , -0.65810695])]
Bad
Feature: [15, 40, 5677.139175495328]

States: [array([-170.63430023,    0.23191985, -129.57614201,    0.57123899]), array([-170.37567491,    0.84967199, -129.02206042,    1.50042889]), array([-169.50544079,    1.35675383, -127.48959722,    2.12145138]), array([-168.17812103,    1.79155634, -125.35599244,    2.70419068]), array([-166.31855682,    2.10648874, -122.6277093 ,    3.20503337]), array([-164.25857877,    2.37979901, -119.44679122,    3.52926252]), array([-161.94384341,    2.57871319, -115.9048646 ,    3.91108135]), array([-159.41148602,    2.79451859, -111.9716507 ,    4.16983047]), array([-156.56181466,    2.88920335, -107.74671405,    4.26946638]), array([-153.69946575,    3.10027512, -103.44436778,    4.40140303]), array([-150.59543681,    3.17629085,  -99.0243771 ,    4.39372225]), array([-147.45011887,    3.20082128,  -94.6498282 ,    4.55465669]), array([-144.30821608,    3.24293684,  -90.04116308,    4.68020731]), array([-141.02930749,    3.32658264,  -85.35999192,    4.76588928]), array([-137.70750462,    3.35513912,  -80.72088468,    4.8875118 ]), array([-134.35759091,    3.15623954,  -75.82241423,    5.03104256]), array([-131.21914793,    3.01929631,  -70.8210459 ,    4.98917402]), array([-128.19207037,    2.963015  ,  -65.83134672,    4.91587659]), array([-125.25873569,    3.01418404,  -60.94165659,    4.9040974 ]), array([-122.19997095,    3.43879199,  -55.98988234,    4.39875567]), array([-118.71323434,    3.76684152,  -51.6117048 ,    3.93448003]), array([-114.94394658,    3.89996102,  -47.70059719,    3.62532579]), array([-110.99182643,    4.13691784,  -43.96447427,    3.29390371]), array([-106.83706962,    4.36105926,  -40.66983387,    3.0693796 ]), array([-102.48459169,    4.44845774,  -37.60774837,    2.74896404]), array([-98.06673507,   4.44151658, -34.85564029,   2.4999758 ]), array([-93.5039703 ,   4.50360024, -32.39448309,   2.27004149]), array([-88.92359284,   4.56703609, -30.18264563,   2.0847861 ]), array([-84.38693295,   4.61101084, -28.05278309,   1.95007963]), array([-79.77342926,   4.62472364, -26.23621327,   1.85011743]), array([-75.24638988,   4.65425348, -24.32590333,   1.73681089]), array([-70.48245439,   4.71442054, -22.66705075,   1.62311167]), array([-65.69060277,   4.75709772, -21.0233008 ,   1.28695418]), array([-60.88696238,   4.74107996, -19.75070211,   1.1162115 ]), array([-56.15193503,   4.81804353, -18.67185721,   0.88930324]), array([-51.33234826,   4.8713609 , -17.71534598,   0.79297584]), array([-46.49113618,   4.9597452 , -16.95958118,   0.6670521 ]), array([-41.63317207,   4.93057515, -16.23743349,   0.4583728 ]), array([-36.71504216,   4.97154263, -15.77241107,   0.33059447]), array([-31.78787043,   4.90245309, -15.45552397,   0.18659563]), array([-2.68890235e+01,  4.89691621e+00, -1.53028900e+01, -2.39363395e-02]), array([-22.05599216,   4.8409731 , -15.34988658,  -0.06254893]), array([-17.11111192,   4.88260631, -15.45719383,  -0.06258248]), array([-12.27351165,   4.98387365, -15.47091636,  -0.1301103 ]), array([ -7.2850169 ,   4.91126106, -15.5761193 ,   0.87037038]), array([ -2.28180022,   4.50609138, -14.621235  ,   1.67378827]), array([  2.22030492,   3.87796656, -13.03493175,   2.25763007]), array([  6.14736814,   2.97225975, -10.78367167,   2.82721757]), array([ 9.17972516,  1.70107088, -7.91312642,  3.24412207]), array([10.92181834,  0.74660367, -4.6153064 ,  3.49184842]), array([11.66070618, -0.40940803, -1.14794196,  3.73734628]), array([11.22125777, -1.36790896,  2.63002343,  2.74325788]), array([ 9.83478727, -2.04942317,  5.35999063,  1.59396961]), array([ 7.80881388, -2.58859796,  6.995894  ,  0.79981939]), array([ 5.19569969, -3.03168564,  7.75020918, -0.32996636]), array([ 0.04012211,  0.01493773, -0.02717797, -0.09003866]), array([ 7.37718929e-05, -6.71896399e-02,  7.83334870e-02, -1.12720300e-04]), array([-0.19154432, -0.0532915 ,  0.05951572, -0.0082607 ]), array([ 0.02945425,  0.01873254, -0.02676298,  0.00668724]), array([-0.0096633 , -0.0456312 ,  0.01831885,  0.02419214]), array([-0.04766599, -0.01578324,  0.01761595,  0.07874743]), array([-0.0411555 ,  0.02867167, -0.08400867, -0.02008406]), array([ 0.03162457, -0.0222462 ,  0.01573199,  0.08438349]), array([ 0.01955029, -0.02532123, -0.03316943, -0.0501026 ]), array([-0.02443217, -0.0284739 ,  0.01999484,  0.02386063]), array([ 0.03043893, -0.01247233,  0.02822365,  0.00359872]), array([ 0.0138753 ,  0.04916425, -0.07877567,  0.00683435]), array([ 0.0177882 , -0.06515601, -0.02331331,  0.07272283]), array([ 0.03105645, -0.07009959, -0.03524949, -0.02623042]), array([-0.0135459 , -0.02542774,  0.00610554,  0.03613325]), array([ 0.07498954, -0.10971875, -0.00112416,  0.03393248]), array([-0.0775852 ,  0.00902089, -0.01603094, -0.04520032]), array([ 0.03067476, -0.02757294, -0.00334792,  0.00359029]), array([-0.02629204, -0.02602403,  0.04566251,  0.01558543]), array([-0.00515101, -0.02691888, -0.06925865, -0.02786272]), array([ 0.01167087, -0.07205702, -0.04213283,  0.07540543]), array([ 0.03075586, -0.04500204,  0.03837179, -0.01133726]), array([0.01732366, 0.02848668, 0.05437101, 0.02591808]), array([ 0.02663419, -0.08509087, -0.03155492, -0.0875327 ]), array([-0.05388092, -0.00178338, -0.0172624 ,  0.02925144]), array([-0.08250561,  0.03056055, -0.00513761,  0.03884323]), array([-0.02543768,  0.03382321,  0.05912638, -0.000341  ]), array([-0.08248929, -0.12116129,  0.07191058,  0.06138105]), array([-0.03252597, -0.00381522,  0.01116598, -0.13381066]), array([0.00849971, 0.04331323, 0.01865028, 0.05051911]), array([ 0.10205016, -0.00074737,  0.01670005,  0.00282016]), array([-0.07244547, -0.02425944, -0.04864825,  0.0330571 ]), array([-0.04015072, -0.06144734,  0.03364921, -0.04611182]), array([ 0.05993543,  0.05262163, -0.03798997, -0.01963954]), array([-0.02293878, -0.02088305, -0.00259026, -0.04426908]), array([ 0.00325764, -0.07114603,  0.01907299, -0.07268677]), array([ 0.05988822, -0.07740456,  0.01530997, -0.02439483]), array([-0.00789254,  0.06489799, -0.0283901 , -0.01520817]), array([-0.06224256,  0.05885873,  0.00267085, -0.02047332]), array([ 0.0714885 ,  0.03731011, -0.04077744, -0.12680659]), array([-0.01232053,  0.00276034, -0.03785717,  0.03979899]), array([ 0.0088593 ,  0.08014643, -0.053118  ,  0.01826611]), array([ 0.00543636,  0.06340165, -0.0378671 ,  0.01731011]), array([ 0.01561776,  0.05647001, -0.02197397, -0.00837321]), array([ 0.05124038, -0.03651846, -0.01955945,  0.01313549])]

Actions: [array([0.69510464, 1.        ]), array([0.69582429, 1.        ]), array([0.69694947, 1.        ]), array([0.69787716, 1.        ]), array([0.69813949, 1.        ]), array([0.69910649, 1.        ]), array([0.70009886, 1.        ]), array([0.70149269, 1.        ]), array([0.70223099, 1.        ]), array([0.70328865, 1.        ]), array([0.70331951, 1.        ]), array([0.7028344, 1.       ]), array([0.70354497, 1.        ]), array([0.64502839, 1.        ]), array([0.55115107, 1.        ]), array([0.54599876, 1.        ]), array([0.54263427, 1.        ]), array([0.53988447, 1.        ]), array([1.        , 0.47155394]), array([1.       , 0.4430564]), array([1.        , 0.41937817]), array([1.        , 0.39927014]), array([1.        , 0.37999042]), array([1.        , 0.31596444]), array([1.        , 0.29956933]), array([1.       , 0.2850608]), array([1.        , 0.27270294]), array([1.        , 0.26192505]), array([1.        , 0.27188041]), array([1.        , 0.26486779]), array([1.        , 0.25546598]), array([1.        , 0.08819766]), array([1.        , 0.06909271]), array([1.        , 0.05317902]), array([1.        , 0.03796984]), array([1.        , 0.02236167]), array([1.        , 0.00788154]), array([ 1.        , -0.00927544]), array([ 1.        , -0.02388985]), array([ 1.       , -0.0383698]), array([ 1.        , -0.05193158]), array([ 1.        , -0.06198939]), array([ 1.        , -0.07497915]), array([0.90275075, 1.        ]), array([0.54343288, 1.        ]), array([0.20352418, 1.        ]), array([-0.15655891,  1.        ]), array([-0.61401184,  1.        ]), array([-0.60408715,  1.        ]), array([-1.        ,  0.89714807]), array([-1.        , -0.18355295]), array([-1.        , -0.54023774]), array([-1.        , -0.51498047]), array([-0.93948514, -1.        ])]