
Good
Feature: [14, 29, 5459.199120795955]

States: [array([-168.99188971,   -0.94966962, -129.04506592,   -0.67496269]), array([-1.69837471e+02, -1.31408952e-01, -1.29687744e+02,  5.39898444e-01]), array([-169.99402707,    0.61031157, -129.12099276,    1.4571734 ]), array([-169.39505177,    1.24467041, -127.69691653,    2.1651536 ]), array([-168.04667882,    1.77068122, -125.57688192,    2.7550151 ]), array([-166.31395132,    2.15491058, -122.79384505,    3.20749259]), array([-164.15200197,    2.52052062, -119.6063492 ,    3.68800137]), array([-161.6046515 ,    2.78486113, -115.91192152,    3.98720474]), array([-158.91111853,    2.88931066, -111.87711857,    4.13399405]), array([-156.03093486,    3.10419837, -107.70052021,    4.2531079 ]), array([-153.00481043,    3.25632594, -103.40255464,    4.48264637]), array([-149.77389972,    3.30855189,  -98.90425679,    4.54976949]), array([-146.41038342,    3.38520586,  -94.29360257,    4.69906037]), array([-143.02638023,    3.53374265,  -89.55756559,    4.76596597]), array([-139.49567485,    3.53105304,  -84.74559803,    4.79494542]), array([-136.04359088,    3.57223001,  -79.94952179,    4.85138744]), array([-132.54452478,    3.68085795,  -75.0792951 ,    4.8420865 ]), array([-128.86206973,    3.95034082,  -70.31984945,    4.36532413]), array([-124.90495669,    4.16223968,  -65.95361797,    3.99453749]), array([-120.75330898,    4.31922055,  -61.9719219 ,    3.70379262]), array([-116.42213953,    4.43130806,  -58.22028548,    3.40851166]), array([-112.06432658,    4.57108716,  -54.87372201,    3.17602959]), array([-107.51223229,    4.66884565,  -51.64851928,    3.06097409]), array([-102.84990697,    4.74237393,  -48.66653904,    2.89862025]), array([-98.1155389 ,   4.94014556, -45.76592142,   2.65271816]), array([-93.14237619,   4.99100656, -43.08419   ,   2.59682361]), array([-88.18676346,   4.92570822, -40.47704927,   2.4971445 ]), array([-83.14540117,   4.90133012, -38.06501228,   2.43242812]), array([-78.25402438,   4.9757152 , -35.72766874,   2.43409523]), array([-73.31969242,   5.07078066, -33.32757719,   2.42549379]), array([-68.26523317,   5.054439  , -30.90990629,   2.33175867]), array([-63.17741388,   4.95205524, -28.62075802,   2.33597614]), array([-58.14925399,   4.96669852, -26.26059466,   2.42129475]), array([-53.12514685,   4.99326731, -23.82276267,   2.42658032]), array([-48.09723436,   4.95098688, -21.39080373,   2.49579642]), array([-43.18111841,   4.98933529, -18.88214605,   2.43828196]), array([-38.15604901,   4.88131441, -16.4550231 ,   2.43562593]), array([-33.2971137 ,   4.89905769, -14.11286756,   2.38699366]), array([-28.41517516,   4.89037747, -11.74974928,   2.47252094]), array([-23.5169778 ,   4.87388227,  -9.34573494,   2.44017594]), array([-18.57823721,   4.93176748,  -6.92616127,   2.42076314]), array([-13.69553845,   4.9013499 ,  -4.49805705,   2.42146274]), array([-8.78186823,  4.92937165, -2.14430107,  2.4195563 ]), array([ 0.03371237, -0.02266434,  0.07701549, -0.00116274]), array([ 0.05121407, -0.06228516,  0.01091235, -0.02165543]), array([-0.01373325,  0.0366317 ,  0.12144008, -0.04119728]), array([ 0.04104207,  0.02036422, -0.02663192,  0.0735981 ]), array([ 0.07722444,  0.00887625, -0.00955463,  0.02847039]), array([ 0.06023942, -0.03446057,  0.01240076, -0.02555311]), array([ 0.00825642,  0.07551277, -0.01387087,  0.0233404 ]), array([ 0.05551472, -0.03550484, -0.00904649, -0.03989925]), array([ 0.06880907, -0.06700137, -0.0464051 ,  0.07810602]), array([-0.01183753,  0.03814918, -0.05533731,  0.04202254]), array([-0.00935106, -0.04271768, -0.04502703, -0.08217354]), array([ 0.02851939, -0.1376482 ,  0.02548995,  0.03548369]), array([-0.00063424,  0.00478627, -0.06773229, -0.0361655 ]), array([-0.01575361, -0.07212106, -0.05590897,  0.0610474 ]), array([-0.10955764,  0.06080579,  0.06752611,  0.11778979]), array([ 0.038678  ,  0.00274689, -0.01462373,  0.01905315]), array([ 0.02855529, -0.04604519, -0.06805683, -0.08378487]), array([ 0.06785786, -0.01988084,  0.01530247, -0.07418891]), array([ 0.08621895, -0.11829221, -0.03969441,  0.0411383 ]), array([ 0.05545655,  0.05356729,  0.09379776, -0.03875143]), array([ 0.02209945, -0.07760863, -0.00820219, -0.02878263]), array([ 0.11892657,  0.01165942, -0.01211467, -0.05645314]), array([ 0.00350549, -0.0411541 ,  0.01569654,  0.00039058]), array([-0.0495435 , -0.02391646, -0.0240762 , -0.01607619]), array([-0.021784  , -0.07451055,  0.08064955,  0.0242249 ]), array([ 0.02545704,  0.02984962, -0.05204683,  0.01589343]), array([-0.04854526, -0.03304443,  0.03700233,  0.00023689]), array([ 0.03844061, -0.04226023,  0.02376196, -0.04926291]), array([-0.08545121, -0.05103487,  0.03128529,  0.04568814]), array([ 0.00838389, -0.051582  , -0.0486659 , -0.02438911]), array([ 0.01122937, -0.01450939,  0.01951053, -0.06375305]), array([ 0.11685596, -0.10143503,  0.06082452, -0.09936974]), array([0.02211311, 0.03053604, 0.06674245, 0.02754453]), array([-0.00975616,  0.050517  ,  0.02097008, -0.04605399]), array([ 0.03770165,  0.00750948,  0.01446562, -0.09894413]), array([ 0.00937393, -0.02339575, -0.06607846,  0.07456281]), array([-0.030934  ,  0.02283916,  0.02656265,  0.05317714]), array([0.02198555, 0.01185755, 0.02353144, 0.04092325]), array([ 0.06081018,  0.00584736, -0.00082044, -0.0381569 ]), array([ 0.02834497,  0.00030967, -0.02392408,  0.00930911]), array([ 0.01789076,  0.00887938, -0.02046506,  0.05035643]), array([-0.00580352, -0.05580819, -0.02976664, -0.01546364]), array([ 7.29602021e-03, -4.11156166e-07, -4.75577035e-03, -1.31651386e-02]), array([-0.06063209,  0.02607629, -0.01827875, -0.07847343]), array([-0.08098538, -0.09963614, -0.05231401,  0.06169246]), array([ 0.01034628, -0.05516736, -0.01959132, -0.04466716]), array([0.06085132, 0.04334043, 0.02140019, 0.03796581]), array([-0.08064183, -0.00050006,  0.04897554, -0.04295111]), array([ 0.00639536, -0.06369941,  0.02451594, -0.01048562]), array([ 0.01507132, -0.03242837, -0.02664557,  0.11715585]), array([-0.02975234, -0.08277415, -0.09979372,  0.0531321 ]), array([ 0.11803006, -0.07844924,  0.05584545, -0.0215588 ]), array([-0.05524938,  0.06783896, -0.0032453 , -0.04208266]), array([-0.04678769, -0.0083739 , -0.03716478, -0.02529545]), array([ 0.07647069, -0.05066836, -0.0147102 , -0.08197243]), array([ 0.0489043 ,  0.02217884, -0.01720687, -0.00278275]), array([-0.08546124,  0.01293389,  0.03772474, -0.0961694 ])]

Actions: [array([0.62754544, 1.        ]), array([0.7137811, 1.       ]), array([0.72204814, 1.        ]), array([0.72850858, 1.        ]), array([0.73155692, 1.        ]), array([0.73648385, 1.        ]), array([0.73966414, 1.        ]), array([0.7430538, 1.       ]), array([0.7490692, 1.       ]), array([0.75441634, 1.        ]), array([0.75954844, 1.        ]), array([0.76448187, 1.        ]), array([0.76936164, 1.        ]), array([0.77853664, 1.        ]), array([0.7877123, 1.       ]), array([0.80513758, 1.        ]), array([1.        , 0.53824259]), array([1.        , 0.51657412]), array([1.        , 0.49788068]), array([1.       , 0.4819341]), array([1.        , 0.46755405]), array([1.        , 0.45580092]), array([1.        , 0.44503251]), array([1.        , 0.43615375]), array([1.        , 0.42757626]), array([1.        , 0.42156995]), array([1.        , 0.41564999]), array([1.        , 0.48760502]), array([1.        , 0.48822017]), array([1.        , 0.48834337]), array([1.        , 0.48909272]), array([1.        , 0.49228141]), array([1.        , 0.49428452]), array([1.       , 0.4951523]), array([1.        , 0.49636769]), array([1.        , 0.49475678]), array([1.        , 0.49633306]), array([1.        , 0.49846404]), array([1.        , 0.50100112]), array([1.        , 0.50319055]), array([1.        , 0.50685427]), array([1.        , 0.51044476])]
Bad
Feature: [19, 20, 4986.585200902025]

States: [array([-169.9790206 ,   -0.63009783, -131.05895009,    1.3216772 ]), array([-170.60034898,    0.52035846, -129.72822947,    1.80334779]), array([-170.08277299,    1.43249227, -127.8585477 ,    2.2137278 ]), array([-168.63760643,    2.07083192, -125.72315767,    2.48472623]), array([-166.51090994,    2.66950159, -123.19281542,    2.77354187]), array([-163.90320717,    3.11857952, -120.41579882,    2.99199648]), array([-160.75449766,    3.44183455, -117.47365361,    3.07638167]), array([-157.33846711,    3.75151868, -114.44311433,    3.18988109]), array([-153.53194814,    3.98811218, -111.29759811,    3.23159761]), array([-149.56676945,    4.2012905 , -108.05547441,    3.38511229]), array([-145.35495164,    4.40070334, -104.68342126,    3.48020053]), array([-140.9447751 ,    4.49453248, -101.28853451,    3.45480145]), array([-136.40491669,    4.53197614,  -97.88564142,    3.49794281]), array([-131.80456163,    4.66335617,  -94.37491548,    3.49695538]), array([-127.15267753,    4.71281292,  -90.94284861,    3.49774575]), array([-122.52075651,    4.79431411,  -87.42199077,    3.57260828]), array([-117.65589758,    4.76463739,  -83.87524698,    3.60394475]), array([-112.83897107,    4.87179924,  -80.27936892,    3.67861835]), array([-108.00646167,    4.98261508,  -76.60537306,    3.60491417]), array([-103.03252608,    5.02404959,  -72.95254318,    3.54929281]), array([-97.97839575,   5.05110381, -69.35010751,   3.50433174]), array([-93.04724483,   5.02837805, -65.72455418,   3.56242118]), array([-88.0002892 ,   5.03572374, -62.17768139,   3.64027616]), array([-82.96593581,   5.08863305, -58.58310422,   3.67038569]), array([-77.92081299,   5.09611896, -54.91229766,   3.62895049]), array([-72.78296814,   5.07314502, -51.26145597,   3.63646774]), array([-67.7165301 ,   5.07455474, -47.68787311,   3.57560245]), array([-62.65957666,   5.06106784, -44.13791201,   3.58556602]), array([-57.56430312,   5.06338893, -40.54705028,   3.64483829]), array([-52.4944412 ,   5.0681584 , -36.95210081,   3.68238503]), array([-47.48955778,   5.02644624, -33.27160666,   3.74056499]), array([-42.53974588,   5.03381868, -29.56011239,   3.62164091]), array([-37.46472275,   5.11963188, -25.87271984,   3.58744448]), array([-32.35777108,   5.12455616, -22.22569959,   3.54047142]), array([-27.18643627,   5.15198449, -18.60984053,   3.52252736]), array([-22.00741396,   5.13092829, -15.04194877,   3.52816553]), array([-16.83576156,   5.1588592 , -11.49504103,   3.54990817]), array([-11.64760775,   5.1614693 ,  -7.98247849,   3.52718267]), array([-6.4261138 ,  5.12518614, -4.4062484 ,  3.5533202 ]), array([ 0.01349342,  0.03089133, -0.00658259, -0.04965456]), array([-0.0142396 ,  0.02358844, -0.01136296, -0.02083896]), array([ 0.0796434 , -0.01842519, -0.01567122,  0.00164069]), array([ 0.0169847 , -0.00257482, -0.06063999,  0.12203216]), array([-0.02345974,  0.01258954, -0.05282551,  0.00918028]), array([-0.02177733, -0.01228641, -0.05307057,  0.04682472]), array([ 0.07714352,  0.00671726,  0.06249444, -0.09280421]), array([-0.01941386, -0.08228346,  0.00208354,  0.02436506]), array([-0.01085466,  0.00145231,  0.04009428, -0.02974194]), array([ 0.02206251,  0.07702045, -0.03002705,  0.00903588]), array([-0.04860406, -0.05544936,  0.02775428,  0.01704303]), array([-0.04980399, -0.01437761, -0.01671396, -0.02437317]), array([-0.10659194, -0.00632778,  0.03550465, -0.01508124]), array([-0.13217809,  0.07353153, -0.0474988 , -0.08401434]), array([-0.10155231, -0.02584288,  0.1048166 ,  0.07383001]), array([-0.01196941, -0.03687133,  0.0355251 , -0.03849761]), array([-0.09048953,  0.08007407, -0.03358872, -0.03941771]), array([-0.00568393, -0.0534769 ,  0.01786935, -0.01036156]), array([ 0.00506864, -0.01290077, -0.02440635, -0.01599328]), array([-0.0033914 , -0.12254139,  0.03347428, -0.05696231]), array([ 0.00529395, -0.0249934 , -0.06861737, -0.06407557]), array([-0.04872336, -0.00378175, -0.03295243, -0.05639952]), array([-0.02361357, -0.0823875 , -0.08645599, -0.0204718 ]), array([-0.01735242, -0.06713318,  0.0133252 ,  0.02785201]), array([-0.04806843, -0.06047269, -0.03806145,  0.0617948 ]), array([ 0.09828237, -0.02654422,  0.00821384,  0.08350291]), array([ 0.07691605,  0.01363172, -0.0244259 ,  0.00894162]), array([-0.07898592, -0.066692  , -0.05686973, -0.00936448]), array([-0.08090212,  0.0340015 , -0.03521077, -0.05149926]), array([ 0.04772823, -0.01815706, -0.00792103, -0.00064517]), array([ 0.06597725,  0.00530266,  0.06459324, -0.08403888]), array([-0.00486129,  0.03381777, -0.00773702,  0.07906236]), array([ 0.04444107,  0.05544857, -0.04970261, -0.07764743]), array([-0.07041539, -0.04789766, -0.0101795 ,  0.00595226]), array([-0.04431925, -0.0656036 , -0.03867804, -0.0399154 ]), array([-0.04684379, -0.04696078,  0.04460133, -0.04924136]), array([-0.04436015, -0.04577818, -0.01103436, -0.09953833]), array([ 0.03882281, -0.02932345, -0.03340305, -0.06002673]), array([-0.02499469,  0.03346835,  0.04827233,  0.01319891]), array([ 0.04304518, -0.01981245,  0.00041595, -0.09865352]), array([-0.00954897,  0.00312483, -0.00970976, -0.05325919]), array([-0.04769687,  0.04409476,  0.0074654 ,  0.01652067]), array([ 0.06472524,  0.0224128 , -0.02873621,  0.02830893]), array([ 0.04184771, -0.05049908, -0.01196455,  0.02929304]), array([ 0.00407279,  0.04297196,  0.00046925, -0.00488407]), array([-0.01010718, -0.1225807 ,  0.10984645,  0.02749365]), array([-0.10823981,  0.06175211,  0.00871203,  0.02259254]), array([-0.06038438,  0.02645575,  0.14285024, -0.05428933]), array([-0.05305316, -0.00509739, -0.00945971, -0.03785597]), array([-0.0374505 , -0.02959799,  0.03571054, -0.0285107 ]), array([-0.02984111,  0.10201848, -0.02005933, -0.03191419]), array([ 0.05815344,  0.0014388 ,  0.06332109, -0.06200857]), array([ 0.01163949,  0.09222713,  0.05144554, -0.00051442]), array([-0.10304417,  0.03333943,  0.07702432, -0.07311552]), array([ 0.11490088,  0.03486212, -0.06939476, -0.09260282]), array([ 0.00729401,  0.02039115, -0.03671551, -0.06191559]), array([0.01471966, 0.03257321, 0.09568636, 0.08151431]), array([-0.03836599,  0.0312882 ,  0.02733713, -0.0086631 ]), array([-0.00356992, -0.031008  ,  0.05270647, -0.09992359]), array([-0.06771483, -0.02001717,  0.01187295,  0.05015737]), array([0.15745896, 0.1384465 , 0.01391807, 0.03035215])]

Actions: [array([1.        , 0.76884518]), array([1.        , 0.75830337]), array([1.        , 0.74966629]), array([1.        , 0.74346293]), array([1.        , 0.73779453]), array([1.        , 0.73261974]), array([1.        , 0.72869067]), array([1.        , 0.72527086]), array([1.        , 0.72278018]), array([1.        , 0.72028094]), array([1.        , 0.71796819]), array([1.        , 0.71635767]), array([1.        , 0.71526027]), array([1.        , 0.71360098]), array([1.        , 0.71272293]), array([1.        , 0.71094449]), array([1.        , 0.71020168]), array([1.        , 0.70866469]), array([1.        , 0.70637596]), array([1.        , 0.70503569]), array([1.        , 0.70464051]), array([1.        , 0.70303548]), array([1.        , 0.70305027]), array([1.        , 0.70239277]), array([1.       , 0.7007806]), array([1.        , 0.70009785]), array([1.        , 0.69971074]), array([1.        , 0.69952906]), array([1.        , 0.69907497]), array([1.       , 0.6981256]), array([1.        , 0.69427614]), array([1.        , 0.68795343]), array([1.        , 0.68285055]), array([1.        , 0.67805447]), array([1.        , 0.67416549]), array([1.        , 0.67083839]), array([1.        , 0.66647674]), array([1.        , 0.66212756])]