
Good
Feature: [16, 28, 5368.541719748852]

States: [array([-170.19209788,    0.63107925, -129.95554189,    0.37406313]), array([-169.47206872,    1.34737038, -129.63716475,    1.35494953]), array([-168.19342462,    1.93807322, -128.23517371,    1.99067636]), array([-166.19528921,    2.31664691, -126.22843999,    2.54351851]), array([-163.94519175,    2.66161952, -123.61704125,    3.05223051]), array([-161.29478988,    2.96859251, -120.58375955,    3.38875659]), array([-158.35578707,    3.10829814, -117.19111666,    3.65098493]), array([-155.17958951,    3.3651248 , -113.54757079,    3.90349598]), array([-151.85292295,    3.50886328, -109.61316662,    4.07126538]), array([-148.34961301,    3.59325743, -105.49694218,    4.29383887]), array([-144.77276366,    3.75767729, -101.2934925 ,    4.41545486]), array([-141.10537393,    3.62348065,  -96.81492532,    4.45783193]), array([-137.57004217,    3.40955671,  -92.32711745,    4.64572686]), array([-134.10852402,    3.2899106 ,  -87.72062431,    4.69210836]), array([-130.90957383,    3.15383866,  -83.0589874 ,    4.72832001]), array([-127.79632532,    3.03334813,  -78.37803505,    4.65945318]), array([-124.6835727 ,    2.75532983,  -73.71319266,    4.74406415]), array([-122.01109861,    2.67090607,  -68.9858882 ,    4.78462697]), array([-119.31064642,    2.66209657,  -64.14272877,    4.8513999 ]), array([-116.64731566,    3.11886144,  -59.28565059,    4.35258427]), array([-113.51028155,    3.48580459,  -54.90896846,    3.95096058]), array([-110.03863347,    3.76386913,  -50.84697198,    3.63475062]), array([-106.28671491,    3.96898987,  -47.23531078,    3.33257353]), array([-102.46104704,    4.18655593,  -43.92786639,    3.17156138]), array([-98.28430755,   4.28443529, -40.72766887,   2.82880796]), array([-94.0355688 ,   4.47576682, -37.90274544,   2.71545893]), array([-89.61794108,   4.56108209, -35.1086368 ,   2.48264647]), array([-85.0200502 ,   4.67946837, -32.69119229,   2.24623127]), array([-80.29704888,   4.68371569, -30.56213181,   2.15096585]), array([-75.55085036,   4.67107049, -28.38296669,   2.02674608]), array([-70.85193487,   4.73472394, -26.34102316,   2.01060314]), array([-66.12112997,   4.82310376, -24.40725753,   2.00734825]), array([-61.31708781,   4.90832592, -22.4637313 ,   2.01770062]), array([-56.45226295,   4.92628843, -20.44214758,   1.94902599]), array([-51.5544544 ,   4.9222788 , -18.51927836,   1.96100674]), array([-46.63287387,   4.97100983, -16.59318243,   1.86278276]), array([-41.68597208,   4.90565861, -14.65886182,   1.81597508]), array([-36.78209549,   4.95949722, -12.85333555,   1.81196255]), array([-31.79508286,   5.00363908, -11.11586246,   1.65376376]), array([-26.76989106,   4.97143921,  -9.46992626,   1.59976014]), array([-21.85822663,   5.0220314 ,  -7.88201068,   1.81188833]), array([-16.81269188,   5.02830604,  -6.11691875,   2.04016794]), array([-11.80178447,   5.04829196,  -4.0678325 ,   2.3606297 ]), array([-6.77593341,  5.03889404, -1.6641336 ,  2.60712972]), array([-0.00968322,  0.0727463 ,  0.01163917,  0.04427759]), array([0.02089993, 0.06056114, 0.08356179, 0.067037  ]), array([-0.08443845,  0.0365887 ,  0.00535722, -0.0501746 ]), array([-0.09771302,  0.01035175,  0.04273416,  0.00908059]), array([-0.06437746, -0.01722829, -0.02972798,  0.02048447]), array([-0.05912198, -0.08233042, -0.06878474,  0.09433955]), array([-0.01114985,  0.03588417,  0.08955166, -0.05440674]), array([-0.01134157,  0.05056824, -0.08368836, -0.05578036]), array([ 0.02092615, -0.00849131, -0.0480173 , -0.0320085 ]), array([ 0.03592014, -0.04172402,  0.00555813,  0.06961313]), array([-0.07191685, -0.01021453,  0.03479271,  0.01214019]), array([0.00316499, 0.06598756, 0.0214634 , 0.04391524]), array([-0.06460843, -0.12486988,  0.0008093 , -0.05541728]), array([-0.01664963,  0.00697   ,  0.00428899, -0.00435285]), array([ 0.03373629,  0.01380722,  0.00297557, -0.00989874]), array([-0.07132678,  0.04417126,  0.00526309, -0.03651062]), array([-0.00338601,  0.01208948, -0.07173003,  0.09033618]), array([ 0.03339016, -0.04228141, -0.09423412, -0.0235119 ]), array([0.06224128, 0.02060408, 0.0220784 , 0.12166921]), array([ 0.05281475,  0.0113186 , -0.02109123,  0.02263259]), array([-0.0061412 , -0.00174086,  0.00066319,  0.01355063]), array([-0.00239434,  0.07649235, -0.0026366 ,  0.09442493]), array([ 0.07671318, -0.05853784,  0.03977697,  0.00315271]), array([ 0.01850514, -0.01021549,  0.0110335 , -0.0143171 ]), array([-0.02586136, -0.05337648,  0.04318114, -0.05128562]), array([0.07524416, 0.03105711, 0.02095442, 0.04349254]), array([-0.05506441,  0.07409752,  0.14484735,  0.02443078]), array([-0.00491635, -0.00915513,  0.01678965, -0.04819096]), array([-0.0650521 , -0.0158365 , -0.03694339,  0.04099461]), array([-0.06593983,  0.04545006, -0.04903647,  0.02292075]), array([-0.01778569,  0.02737694, -0.07065388, -0.00637557]), array([ 0.04018391, -0.07356133,  0.00370513, -0.01552195]), array([-0.02461981,  0.00508845, -0.02001888, -0.01369895]), array([ 0.05134011, -0.00683721,  0.03076087, -0.01810818]), array([-0.02666887,  0.04386832, -0.06145863,  0.07214803]), array([ 0.03497531, -0.01673226,  0.00471284,  0.02568187]), array([-0.00521298, -0.01644605, -0.01069547, -0.01160105]), array([-0.08914974, -0.07867413, -0.07819723,  0.06483922]), array([-0.01996267, -0.0119915 ,  0.02148346,  0.03750562]), array([ 0.04468491, -0.00210813, -0.00998187,  0.08008731]), array([-0.00218104, -0.09806955,  0.00986945, -0.02365355]), array([ 0.00629616,  0.02168886,  0.00867938, -0.04085594]), array([-0.06156872,  0.01728705, -0.00357235, -0.00100469]), array([-0.05384325,  0.01064138, -0.01360173,  0.05274356]), array([-0.03034768, -0.04272718, -0.01807864, -0.00806811]), array([-0.06722061, -0.05457259,  0.02990602,  0.06908563]), array([ 0.01371036, -0.01001879,  0.04000795,  0.00122506]), array([-0.01867203,  0.00493011, -0.03654335,  0.0231827 ]), array([-0.01366249,  0.0600864 , -0.0741869 ,  0.12378924]), array([-0.03310508, -0.05872835, -0.0307066 ,  0.01477464]), array([ 0.03148476, -0.04064913, -0.0392157 ,  0.00886537]), array([ 0.07049618,  0.02242113,  0.00923287, -0.00328242]), array([ 0.00679235,  0.03880028, -0.15587609, -0.01767541]), array([ 0.05123252,  0.07703515, -0.04683267,  0.09327807]), array([ 0.09394684, -0.03318266,  0.0100275 ,  0.04087274]), array([ 0.0348312 , -0.00365761, -0.09939614,  0.07701531])]

Actions: [array([0.82245549, 1.        ]), array([0.81691343, 1.        ]), array([0.81527275, 1.        ]), array([0.81070448, 1.        ]), array([0.80896906, 1.        ]), array([0.80629897, 1.        ]), array([0.80340096, 1.        ]), array([0.79966174, 1.        ]), array([0.79678102, 1.        ]), array([0.79296126, 1.        ]), array([0.59944915, 1.        ]), array([0.58220655, 1.        ]), array([0.56463701, 1.        ]), array([0.54667175, 1.        ]), array([0.53162545, 1.        ]), array([0.36933561, 1.        ]), array([0.54638311, 1.        ]), array([0.54530069, 1.        ]), array([1.      , 0.528675]), array([1.        , 0.49893209]), array([1.        , 0.47401279]), array([1.        , 0.45191566]), array([1.        , 0.43377088]), array([1.        , 0.41757858]), array([1.        , 0.40265954]), array([1.        , 0.39072459]), array([1.        , 0.37871511]), array([1.        , 0.37069759]), array([1.        , 0.36594633]), array([1.        , 0.36003825]), array([1.        , 0.35504791]), array([1.        , 0.35116466]), array([1.        , 0.34693392]), array([1.        , 0.34094808]), array([1.        , 0.33597509]), array([1.        , 0.33004293]), array([1.        , 0.28938318]), array([1.       , 0.2791412]), array([1.       , 0.2685925]), array([1.        , 0.54765818]), array([1.       , 0.5874343]), array([1.        , 0.64034059]), array([1.        , 0.70604574])]
Bad
Feature: [19, 21, 5095.439529725273]

States: [array([-169.79274536,   -0.52885276, -130.67572312,    0.31060205]), array([-170.30231552,    0.57060609, -130.4066566 ,    1.09669745]), array([-169.77805998,    1.45802784, -129.38975148,    1.622351  ]), array([-168.36440311,    2.17973836, -127.84896393,    2.06931651]), array([-166.20682477,    2.71179829, -125.70390872,    2.54357712]), array([-163.43444326,    3.17489666, -123.12565335,    2.79074994]), array([-160.26143775,    3.38701737, -120.34318918,    3.04369576]), array([-156.86278271,    3.61191181, -117.3344307 ,    3.15117108]), array([-153.19048666,    3.8401051 , -114.12686306,    3.29927202]), array([-149.3510282 ,    4.10586108, -110.82696041,    3.32747008]), array([-145.34303135,    4.26191815, -107.53005261,    3.34104006]), array([-141.02936477,    4.32392707, -104.13592569,    3.48578133]), array([-136.65043494,    4.47609767, -100.65483638,    3.4876654 ]), array([-132.26995161,    4.57002052,  -97.17656217,    3.50954374]), array([-127.69803013,    4.63076334,  -93.65843186,    3.62088607]), array([-123.02611962,    4.68639069,  -89.98867249,    3.65473701]), array([-118.3707126 ,    4.69207377,  -86.37552118,    3.73560198]), array([-113.70086263,    4.72592276,  -82.65269915,    3.76820414]), array([-109.05526421,    4.68259367,  -78.84309513,    3.71487366]), array([-104.44216758,    4.67420545,  -75.18466851,    3.73524058]), array([-99.75593226,   4.67756962, -71.48665576,   3.73215741]), array([-95.03365261,   4.70860237, -67.76602575,   3.68353566]), array([-90.40480512,   4.83310307, -64.13782737,   3.71867118]), array([-85.5861244 ,   4.89579013, -60.37306971,   3.64881345]), array([-80.65395217,   4.89768481, -56.745264  ,   3.73307502]), array([-75.72690988,   4.83585396, -53.04057897,   3.71044661]), array([-70.90687068,   4.90934886, -49.41141371,   3.73591757]), array([-66.05345273,   5.03988242, -45.69384768,   3.76122094]), array([-60.98158598,   4.99686095, -42.08909084,   3.75898774]), array([-55.98950254,   4.96521694, -38.36456282,   3.69087316]), array([-50.99882032,   4.95874044, -34.71742612,   3.63942708]), array([-46.06234838,   4.92299341, -31.07465951,   3.59225321]), array([-41.07585274,   4.94455099, -27.45825039,   3.58701097]), array([-36.16305252,   4.90200089, -23.84293191,   3.5180177 ]), array([-31.24270122,   4.89060532, -20.28939925,   3.60056865]), array([-26.42325814,   4.98146306, -16.63475924,   3.61534166]), array([-21.49390944,   4.9990951 , -13.02659133,   3.62934978]), array([-16.44599936,   4.99058576,  -9.36542896,   3.56286364]), array([-11.41512764,   5.00926839,  -5.79408435,   3.58369426]), array([-6.34046039,  4.98319848, -2.24515158,  3.54420715]), array([ 0.00176409, -0.05056654, -0.01223843,  0.03187491]), array([-0.02960092,  0.07749916, -0.03814095, -0.03778339]), array([-0.01277657, -0.00397877,  0.05734572,  0.07076204]), array([-0.00846687, -0.09750816, -0.03288799, -0.05363795]), array([-0.02768767, -0.06170154, -0.00071152,  0.04824396]), array([ 0.04684453,  0.0396103 ,  0.07367362, -0.02516307]), array([-0.03553093,  0.08922833,  0.03611451, -0.05328853]), array([-0.05570737, -0.09237863, -0.05441684, -0.02540755]), array([-0.00341492, -0.13788787,  0.02884592,  0.07360872]), array([-0.07204958,  0.11648678,  0.01691875,  0.02980234]), array([-0.04371462,  0.02328368,  0.04339211, -0.00753603]), array([-0.06023296,  0.00529058, -0.01343349, -0.03770646]), array([-0.0340279 , -0.03284946, -0.03020718, -0.06708465]), array([ 0.05297033, -0.00865275,  0.01949676, -0.03405515]), array([ 0.03637443, -0.0194427 ,  0.10731137, -0.01458005]), array([ 0.03916967, -0.11227014,  0.05967997,  0.07865658]), array([-0.03648944, -0.01243886,  0.00356511, -0.00579327]), array([-0.01527735, -0.00511749, -0.02934739,  0.02809411]), array([-0.00138715,  0.06254152, -0.00059377, -0.01191671]), array([ 0.01786445, -0.05705118, -0.06221764,  0.02841111]), array([ 0.01542041,  0.05831541, -0.0013219 , -0.00166079]), array([ 0.0815586 , -0.02380244,  0.01082145,  0.01446936]), array([-0.06665556, -0.03160687, -0.0498948 , -0.02492332]), array([-0.01894111, -0.01747031,  0.00340346, -0.03091863]), array([ 0.09777917,  0.0276016 ,  0.02770866, -0.06032142]), array([ 0.07740494,  0.02984691, -0.00863273, -0.14317537]), array([ 0.00683633,  0.06301556, -0.02388072, -0.03426767]), array([-0.01340637, -0.02653512, -0.0066626 , -0.02622125]), array([ 0.02614278, -0.04233682,  0.00637425,  0.02545942]), array([ 0.00259089,  0.0546472 , -0.01603254, -0.05069169]), array([ 0.08492447, -0.05747979, -0.010105  , -0.01841224]), array([ 0.01934918, -0.08989579, -0.02667369,  0.06250548]), array([-0.05536569, -0.0217706 ,  0.00635107,  0.03266588]), array([-0.00457327,  0.03838337,  0.00653428, -0.08800647]), array([-0.00757515,  0.00677139,  0.01255078,  0.02663567]), array([ 0.07041241,  0.03974953, -0.00310686,  0.03712577]), array([-0.06760091, -0.03610794,  0.01978396,  0.01892178]), array([-0.03237106,  0.0362153 ,  0.04919273, -0.01218705]), array([-3.02890513e-05, -1.27571733e-02, -7.35053375e-02, -5.00183951e-02]), array([0.05611248, 0.01086683, 0.04471059, 0.0116557 ]), array([ 0.01527193,  0.01925714,  0.01691558, -0.02909809]), array([ 0.06989162, -0.02282767,  0.00586388, -0.04051157]), array([-0.00019943, -0.02184274,  0.03013667, -0.02146515]), array([0.04010342, 0.03245526, 0.01600257, 0.01524962]), array([0.08528202, 0.00054816, 0.07983986, 0.04457288]), array([ 0.00456846,  0.03436909, -0.0218974 , -0.05197959]), array([ 0.00412865, -0.03727992, -0.00891441, -0.00917297]), array([ 0.04403258,  0.03913026,  0.00549017, -0.0310619 ]), array([ 0.05576902, -0.01069616,  0.0249741 , -0.10721203]), array([0.05793438, 0.02473992, 0.0732496 , 0.02887955]), array([ 0.017895  , -0.00319055, -0.0765402 ,  0.00947766]), array([ 0.05733264, -0.00407524,  0.03486623, -0.01508576]), array([ 0.03744242,  0.0562737 , -0.03715725,  0.02071704]), array([-0.00112798, -0.01508058, -0.0349153 , -0.01246304]), array([-0.05408599, -0.01504169,  0.04811287,  0.02700569]), array([-0.03185146,  0.06471162, -0.09370669, -0.04755096]), array([ 0.0672648 ,  0.02504533, -0.02242596, -0.04917376]), array([-0.07743607, -0.00753579, -0.00666861, -0.0339065 ]), array([ 0.01085704, -0.04020831,  0.02103753,  0.01133594]), array([-0.06655535, -0.06201831,  0.03244508,  0.02875657])]

Actions: [array([1.        , 0.76777317]), array([1.        , 0.76394175]), array([1.        , 0.76035413]), array([1.        , 0.75761994]), array([1.        , 0.75458606]), array([1.        , 0.75164744]), array([1.        , 0.74919834]), array([1.        , 0.74628774]), array([1.        , 0.74327938]), array([1.        , 0.74033256]), array([1.        , 0.73809576]), array([1.        , 0.73662631]), array([1.        , 0.73478436]), array([1.       , 0.7522454]), array([1.        , 0.75163191]), array([1.        , 0.75035581]), array([1.        , 0.74935061]), array([1.        , 0.74740146]), array([1.        , 0.74433356]), array([1.        , 0.74220106]), array([1.        , 0.74001758]), array([1.        , 0.73766233]), array([1.        , 0.73532334]), array([1.      , 0.732764]), array([1.        , 0.73259627]), array([1.        , 0.73135528]), array([1.        , 0.72990785]), array([1.        , 0.72729568]), array([1.       , 0.7286519]), array([1.        , 0.72712325]), array([1.        , 0.72677105]), array([1.        , 0.72559935]), array([1.        , 0.72564191]), array([1.        , 0.72428423]), array([1.       , 0.7246011]), array([1.        , 0.71866535]), array([1.        , 0.71574149]), array([1.        , 0.71297244]), array([1.       , 0.7142285])]