
Good
Feature: [17, 22, 4919.717850886607]

States: [array([-171.26906646,    0.2516498 , -129.39136084,    0.7345279 ]), array([-171.0543927 ,    0.90171294, -128.73888821,    1.5405594 ]), array([-170.17242651,    1.37174498, -127.22971591,    2.23433106]), array([-168.73741062,    2.07400404, -124.99323914,    2.72416508]), array([-166.67448502,    2.63144326, -122.2729541 ,    3.04000645]), array([-164.05183404,    3.04896109, -119.37315667,    3.3939024 ]), array([-161.02520199,    3.43558287, -116.03098385,    3.58266976]), array([-157.60058631,    3.7236882 , -112.42558403,    3.79607268]), array([-153.90854145,    4.05345472, -108.57795251,    3.96624505]), array([-149.83583203,    4.1697543 , -104.51816105,    4.01933261]), array([-145.7149451 ,    4.30524261, -100.53946574,    4.06207808]), array([-141.50966596,    4.46066984,  -96.50683595,    4.07351532]), array([-137.04410322,    4.5699378 ,  -92.46928216,    4.0373888 ]), array([-132.38109432,    4.64922115,  -88.45415232,    3.8627621 ]), array([-127.76338456,    4.84185464,  -84.57264274,    3.61805503]), array([-123.05595026,    4.92278916,  -80.88924841,    3.50023902]), array([-118.14397659,    4.96127782,  -77.46840013,    3.40521493]), array([-113.20388049,    4.92043049,  -74.08871242,    3.21949733]), array([-108.16905492,    4.93893075,  -70.85891555,    3.03694365]), array([-103.24417142,    5.05234619,  -67.74268804,    2.79127903]), array([-98.15490779,   5.10674349, -64.93810857,   2.92472757]), array([-93.17083451,   5.1211385 , -62.07250788,   3.01087244]), array([-88.12166397,   5.06577708, -59.07206599,   3.32104344]), array([-83.15928127,   5.0564775 , -55.75076435,   3.53532925]), array([-78.03295368,   4.99153542, -52.19244049,   3.83796829]), array([-73.09315486,   5.07939344, -48.30477268,   4.10703618]), array([-68.05297491,   5.0202475 , -44.1921778 ,   4.34545001]), array([-62.99698736,   4.973093  , -39.81534392,   4.0864377 ]), array([-58.00478142,   5.05643574, -35.6962915 ,   3.8820034 ]), array([-52.9817104 ,   5.13583433, -31.82191816,   3.68478192]), array([-47.8324235 ,   5.11021014, -28.0883093 ,   3.53643757]), array([-42.77149128,   5.12627747, -24.47015631,   3.2794071 ]), array([-37.66960882,   5.14593223, -21.28423345,   3.12026588]), array([-32.55424372,   5.13851384, -18.19067223,   3.07556851]), array([-27.40952254,   5.10724278, -15.14760563,   3.0422949 ]), array([-22.27719387,   5.03229638, -12.09938169,   2.74312009]), array([-17.21778092,   4.99170418,  -9.3370167 ,   2.60324006]), array([-12.19605736,   4.93788096,  -6.80947586,   2.44122728]), array([-7.22006491,  4.99475006, -4.31136094,  2.32039495]), array([-0.03728974,  0.02540292, -0.02035175,  0.01559155]), array([-0.00400611, -0.07370554, -0.10198959,  0.00507127]), array([0.00837462, 0.03326622, 0.07648348, 0.04125177]), array([ 0.11313953,  0.05689768, -0.03723381,  0.08819742]), array([-0.05330891,  0.02992731, -0.04449211,  0.00245637]), array([-0.01053871, -0.1128588 ,  0.04896005, -0.0212937 ]), array([ 0.01320116,  0.00054965, -0.01707767,  0.02039893]), array([ 0.00358835,  0.01182062,  0.10069132, -0.00337317]), array([ 0.09631614, -0.00598588, -0.07909475,  0.04698253]), array([-0.03499989,  0.00147387, -0.01583861,  0.01069358]), array([-0.0383409 ,  0.07235129,  0.02448802, -0.02690654]), array([-0.00276943, -0.0764994 , -0.00094063,  0.02284169]), array([ 0.03122369,  0.03421556, -0.00167251,  0.00562515]), array([ 0.00630109, -0.04620183,  0.05125885, -0.04918607]), array([ 0.03917379, -0.03491257, -0.00228572,  0.01020143]), array([-0.02422578, -0.07779717,  0.02192178,  0.03577663]), array([-0.03785782, -0.07734473, -0.03669651,  0.04343239]), array([ 0.01246948,  0.05463375, -0.00851258, -0.03305265]), array([0.02029198, 0.02130726, 0.04449083, 0.042988  ]), array([-0.0990984 , -0.00176355,  0.00580826,  0.01421923]), array([-0.00461016,  0.04333408, -0.06524274,  0.0190942 ]), array([-0.03376047, -0.08356907,  0.01580692,  0.04813821]), array([ 0.0071126 , -0.01170327,  0.06828894, -0.07740998]), array([ 0.01229091,  0.03059967, -0.10019426,  0.08308091]), array([ 0.08758216, -0.09636121,  0.01653584, -0.03418359]), array([-0.00997432, -0.00568735, -0.04014409,  0.03650186]), array([ 0.02954867,  0.03863624, -0.00529508, -0.06203056]), array([ 0.01922531,  0.08737462, -0.01143181, -0.05238927]), array([-0.00320964,  0.05767989, -0.00146999,  0.03701081]), array([-0.08397979,  0.01771524, -0.03316461, -0.01547939]), array([-0.06159637,  0.04942185,  0.04844774, -0.00518358]), array([-0.01947403, -0.0658547 , -0.02108089,  0.06552655]), array([ 0.03172183, -0.07165897,  0.02708771, -0.06186142]), array([-0.05686443,  0.02325113, -0.02728138,  0.09746282]), array([-0.00187236, -0.02280281,  0.05450147, -0.14003918]), array([ 0.10070761, -0.02786507,  0.06998378,  0.01091565]), array([-0.03079874, -0.06491279, -0.02111899,  0.09047822]), array([-0.05665275,  0.01830329, -0.0912726 , -0.05409238]), array([0.08850913, 0.09628012, 0.00227395, 0.08196001]), array([-0.01767024,  0.01118576, -0.03074757, -0.06391926]), array([ 0.14721159, -0.02107368,  0.01747454,  0.05849482]), array([-0.030163  , -0.00379589,  0.00923842,  0.05541279]), array([ 0.03891392, -0.03833788,  0.08340793,  0.046794  ]), array([-0.09366052, -0.0576546 ,  0.03887039,  0.04565079]), array([-0.02608232, -0.06023601,  0.07079942,  0.00508135]), array([-0.03495187, -0.03705088,  0.06642608,  0.05561872]), array([ 0.03056204, -0.08518803,  0.06237007,  0.07599092]), array([ 0.05538535, -0.18117764,  0.10927096, -0.00219042]), array([-0.04545011,  0.01866085,  0.0039993 ,  0.01241292]), array([-0.04545852,  0.04826296, -0.0114441 , -0.02741213]), array([-0.0334572 , -0.06057592, -0.02474035, -0.04618944]), array([ 0.00860834, -0.00211701, -0.01730674,  0.10282052]), array([-0.01680161, -0.08770362,  0.04164643, -0.0708093 ]), array([-0.00820628,  0.03210728,  0.0245593 ,  0.03504394]), array([ 0.01512414,  0.02343245,  0.05413135, -0.01335315]), array([ 0.04607317,  0.03505932, -0.01126442,  0.09134823]), array([ 0.04316975,  0.03871719, -0.00774652,  0.00931062]), array([-0.04328198, -0.06025443, -0.02205612,  0.0991934 ]), array([-0.03054147,  0.01406608,  0.09209735, -0.0705164 ]), array([ 0.10846068, -0.04237938,  0.08125685,  0.00345306]), array([0.0270473 , 0.03067584, 0.0096751 , 0.02549375])]

Actions: [array([0.67364499, 1.        ]), array([0.67605296, 1.        ]), array([1.        , 0.92455077]), array([1.        , 0.91446607]), array([1.        , 0.90500669]), array([1.        , 0.89885306]), array([1.        , 0.89131732]), array([1.        , 0.88432397]), array([1.        , 0.87659427]), array([1.        , 0.86972715]), array([1.        , 0.86385325]), array([1.        , 0.85750399]), array([1.        , 0.56490939]), array([1.        , 0.54842874]), array([1.        , 0.53139015]), array([1.        , 0.51551861]), array([1.        , 0.50274266]), array([1.        , 0.48887455]), array([1.        , 0.36443937]), array([1.        , 0.68648219]), array([1.        , 0.69351293]), array([1.        , 0.92239351]), array([1.        , 0.94260118]), array([1.        , 0.96020785]), array([1.        , 0.97917784]), array([1.        , 0.99335369]), array([1.       , 0.6116429]), array([1.        , 0.59138469]), array([1.        , 0.57140903]), array([1.        , 0.55259951]), array([1.       , 0.5341875]), array([1.        , 0.51300227]), array([1.        , 0.49806654]), array([1.        , 0.48150674]), array([1.       , 0.4611618]), array([1.       , 0.4311187]), array([1.        , 0.39813776]), array([1.        , 0.35621449])]
Bad
Feature: [18, 21, 4959.602371797664]

States: [array([-171.27192769,   -0.29457791, -129.57391542,    1.19668826]), array([-171.53210407,    0.75185006, -128.27340251,    1.79052293]), array([-170.73667613,    1.63181445, -126.52497486,    2.2068962 ]), array([-169.10949185,    2.28556887, -124.33896864,    2.53750293]), array([-166.8106282 ,    2.86616611, -121.68481464,    2.70227151]), array([-164.01193795,    3.27582082, -118.9638291 ,    2.86718178]), array([-160.83818584,    3.5346047 , -116.16334634,    3.04607458]), array([-157.32888474,    3.85377435, -113.12811274,    3.23480628]), array([-153.47426167,    4.05451115, -109.96353748,    3.27888307]), array([-149.38161116,    4.37453677, -106.6138105 ,    3.34728245]), array([-145.01862842,    4.50953638, -103.25681041,    3.36537787]), array([-140.52733394,    4.62112592,  -99.97000152,    3.38799766]), array([-135.92912088,    4.69416621,  -96.60916809,    3.48897865]), array([-131.26314338,    4.72721967,  -93.10719394,    3.49499844]), array([-126.49683729,    4.75287398,  -89.66659926,    3.45778685]), array([-121.73514457,    4.75743497,  -86.16527382,    3.47185924]), array([-116.93739855,    4.84200228,  -82.64815313,    3.55204565]), array([-112.18972985,    4.8802966 ,  -79.15800229,    3.52866062]), array([-107.27197066,    4.94470338,  -75.58570154,    3.52599738]), array([-102.32421576,    4.94131525,  -72.07020484,    3.55697789]), array([-97.44482017,   5.04617786, -68.4514599 ,   3.53420334]), array([-92.35431951,   5.09693847, -64.84452672,   3.51815264]), array([-87.2609922 ,   5.12149572, -61.32450369,   3.47402532]), array([-82.05001187,   5.13345949, -57.82236812,   3.47365775]), array([-76.89875059,   5.00849106, -54.35217323,   3.49670556]), array([-71.85401662,   4.88054602, -50.92863029,   3.42462578]), array([-66.90971941,   4.93245126, -47.54283028,   3.47153259]), array([-61.88600434,   4.93799695, -44.10168629,   3.47958856]), array([-56.99191357,   4.96763325, -40.71098698,   3.56016159]), array([-52.04383506,   5.02684476, -37.16556264,   3.63557455]), array([-46.98303458,   5.07467834, -33.57856068,   3.64401229]), array([-41.89995336,   5.02496882, -29.92715348,   3.63693668]), array([-36.90050991,   5.06840711, -26.20756237,   3.69481692]), array([-31.77456995,   5.01590698, -22.56610435,   3.64938399]), array([-26.72300299,   5.0301217 , -18.94389487,   3.5462922 ]), array([-21.67222943,   5.04588721, -15.40628469,   3.53033421]), array([-16.499304  ,   5.12428384, -11.92103641,   3.45482054]), array([-11.42875094,   5.03248328,  -8.39371029,   3.54432181]), array([-6.4582313 ,  5.09023351, -4.95173587,  3.57192572]), array([ 0.03388381, -0.09364094, -0.02163695, -0.06765655]), array([ 0.0850598 , -0.01674778, -0.01256331, -0.05086976]), array([ 0.04541161, -0.01356818, -0.06006806,  0.03336066]), array([ 0.06754872, -0.03097189, -0.00820403,  0.02589545]), array([-0.01915967, -0.03065484,  0.02721697,  0.00761395]), array([ 0.05488657, -0.0191546 ,  0.01911457,  0.11049497]), array([-0.0728484 , -0.00200831,  0.01650326, -0.00153266]), array([-0.07185498, -0.00313911, -0.0229899 ,  0.01615627]), array([-0.07670372,  0.0220209 ,  0.00651047,  0.04868263]), array([ 0.02312907, -0.03523607, -0.0488198 , -0.019636  ]), array([ 0.03742809, -0.04363121, -0.05626961,  0.04797951]), array([0.07019944, 0.03067823, 0.05195337, 0.10833812]), array([ 0.11156373, -0.04345353,  0.04167987,  0.00672642]), array([-0.03748087,  0.05139955, -0.00618795,  0.00197253]), array([-0.02557464,  0.03440846, -0.03061887, -0.0119664 ]), array([-0.03393657, -0.06318901,  0.06020068, -0.12082169]), array([-0.0582797 ,  0.02752406, -0.02821469, -0.09452137]), array([-0.03434422, -0.06309394,  0.07558922, -0.06007007]), array([-0.03592131, -0.07921486, -0.01045298, -0.01910498]), array([ 4.70935655e-02, -6.37660451e-02,  1.13678562e-02,  5.74018272e-05]), array([ 0.03277182, -0.08322186,  0.00313083, -0.00308765]), array([ 0.01127519, -0.00416922, -0.04039392, -0.07577203]), array([ 0.00133618, -0.02618668,  0.07812316,  0.03244494]), array([-0.0167686 , -0.00406002, -0.00755759,  0.00596342]), array([-0.0460076 ,  0.01959866, -0.11987173,  0.00176894]), array([-0.09313487,  0.07177029, -0.01796589,  0.03517271]), array([ 0.04195969, -0.05782888, -0.04585724,  0.00040352]), array([-0.08276043, -0.01115061,  0.02809399, -0.00628575]), array([ 0.04337936, -0.01694293,  0.04875579, -0.05631093]), array([ 0.06840575,  0.05879654, -0.05392386, -0.01893942]), array([ 0.03669021, -0.073863  , -0.02801291, -0.05453055]), array([-0.03697976, -0.00612106,  0.02952242,  0.02163424]), array([ 0.03572254, -0.00111015, -0.01480373, -0.08290905]), array([ 0.02297395,  0.00725561, -0.04513185, -0.01438079]), array([ 0.01004129, -0.05103255,  0.03224567,  0.04728617]), array([ 0.02165419, -0.01212499,  0.04668136,  0.0905501 ]), array([ 0.00237853,  0.00681587, -0.12885671,  0.09574491]), array([ 0.03940491, -0.03540501,  0.0737924 ,  0.05284899]), array([ 0.01846398,  0.03246798,  0.00094025, -0.08269956]), array([-0.02290232,  0.04958072,  0.03609474, -0.04722584]), array([-0.01800823, -0.02407579, -0.04610703, -0.00248858]), array([-0.05579548,  0.08600334, -0.00800408, -0.03028767]), array([-0.01241145, -0.07841574,  0.08664175,  0.02868417]), array([-0.06937224,  0.00536543, -0.12189705, -0.0303247 ]), array([ 0.01772837,  0.04710963,  0.02468905, -0.00682326]), array([ 0.09059806,  0.04935433, -0.0013627 ,  0.08508906]), array([-0.01333034, -0.06751902, -0.01203669,  0.04059355]), array([-0.03416327,  0.08257098,  0.0027025 ,  0.02988069]), array([-0.05758137, -0.04237155,  0.03349233, -0.02733313]), array([ 0.00401986, -0.03781846,  0.04182777,  0.04677091]), array([ 0.0194739 ,  0.04156982,  0.00441846, -0.08453176]), array([-0.04404766, -0.02707885, -0.03483941, -0.09848836]), array([ 0.04256068, -0.0071021 ,  0.07626438, -0.0128564 ]), array([-0.0245765 ,  0.1036712 , -0.00487403, -0.087715  ]), array([ 0.04275673,  0.02682052, -0.00327988,  0.03249396]), array([-0.11373541,  0.03046039,  0.07535298,  0.03718952]), array([-0.00824577, -0.01952773, -0.05824219, -0.01648979]), array([ 0.02298662,  0.00416662, -0.0623372 , -0.00983363]), array([0.01532866, 0.06802855, 0.10985389, 0.045708  ]), array([-0.00331456, -0.05997584, -0.04149361,  0.02193505]), array([ 0.00883519,  0.00565337, -0.00602984,  0.02474178])]

Actions: [array([1.        , 0.75643878]), array([1.        , 0.74767466]), array([1.        , 0.74089019]), array([1.        , 0.73506892]), array([1.        , 0.72926408]), array([1.        , 0.72510063]), array([1.        , 0.72198365]), array([1.        , 0.71878163]), array([1.        , 0.71620328]), array([1.        , 0.71338843]), array([1.        , 0.71169444]), array([1.        , 0.71104814]), array([1.        , 0.71037319]), array([1.        , 0.70893811]), array([1.        , 0.70844866]), array([1.        , 0.70739198]), array([1.        , 0.70633193]), array([1.        , 0.70510578]), array([1.        , 0.70412291]), array([1.        , 0.70381132]), array([1.       , 0.7019038]), array([1.        , 0.70153408]), array([1.        , 0.70214765]), array([1.        , 0.70407406]), array([1.       , 0.7061298]), array([1.        , 0.70807861]), array([1.        , 0.70981742]), array([1.        , 0.71185623]), array([1.        , 0.71351128]), array([1.        , 0.71322088]), array([1.        , 0.71370614]), array([1.        , 0.71313399]), array([1.        , 0.70887283]), array([1.        , 0.70862135]), array([1.        , 0.70698673]), array([1.        , 0.70856962]), array([1.        , 0.71996026]), array([1.        , 0.73143448])]