
Good
Feature: [19, 21, 4976.374904553083]

States: [array([-170.58823593,    0.89724856, -130.42179247,    0.78031192]), array([-169.75291071,    1.73235311, -129.65989041,    1.27302988]), array([-168.05036798,    2.4895085 , -128.40336518,    1.75321682]), array([-165.61300116,    3.00076743, -126.60705626,    2.08067136]), array([-162.55978374,    3.44296866, -124.54673377,    2.37736158]), array([-159.17721051,    3.74915548, -122.11073354,    2.82068786]), array([-155.42195618,    3.82875471, -119.22673226,    3.13053937]), array([-151.51203004,    4.03951865, -116.08449248,    3.54700098]), array([-147.55472362,    4.25710713, -112.54664393,    3.84930613]), array([-143.32040692,    4.34989009, -108.53535261,    4.06026955]), array([-138.88986208,    4.49052925, -104.41754351,    4.24910737]), array([-134.39338198,    4.62648561, -100.21509251,    4.0408919 ]), array([-129.80866204,    4.74768844,  -96.18915235,    3.83577103]), array([-125.07542634,    4.7631945 ,  -92.31448555,    3.63686498]), array([-120.30425649,    4.8770572 ,  -88.6835678 ,    3.21465506]), array([-115.41180658,    4.88833164,  -85.54772128,    2.80791161]), array([-110.41350949,    4.96742046,  -82.75968633,    2.47446788]), array([-105.37056093,    4.95941894,  -80.29537601,    2.20933484]), array([-100.4457366 ,    4.97263636,  -78.10359992,    2.01476417]), array([-95.53838596,   4.89861012, -76.09441957,   2.02428862]), array([-90.5586629 ,   4.86842126, -74.10155065,   1.85260636]), array([-85.5678419 ,   4.90235228, -72.30869044,   2.0014765 ]), array([-80.66048675,   4.91431471, -70.39333053,   2.22470527]), array([-75.73875983,   4.98546524, -68.13136012,   2.2362752 ]), array([-70.71279698,   5.03748738, -65.89560726,   2.44993739]), array([-65.63756237,   5.0506461 , -63.50517565,   2.61812205]), array([-60.61987261,   5.0031533 , -60.82597526,   2.77672172]), array([-55.66960644,   4.85779229, -58.10675703,   3.19470958]), array([-50.80080583,   4.65118631, -54.81628451,   3.56877298]), array([-46.15897378,   4.8160252 , -51.21208579,   3.65503049]), array([-41.37425907,   4.86351837, -47.49883859,   3.67721057]), array([-36.49756884,   4.74737173, -43.93728634,   3.91536653]), array([-31.8192975 ,   4.64065082, -39.93795058,   4.1395916 ]), array([-27.31519807,   4.50858761, -35.77296906,   4.31830606]), array([-22.82471027,   4.4116664 , -31.42264801,   4.49521688]), array([-18.27267105,   4.333815  , -26.90330402,   4.55585327]), array([-13.93798669,   4.23080752, -22.37369436,   4.56595229]), array([ -9.63975704,   4.11095202, -17.79589404,   4.60179556]), array([ -5.53422791,   3.75232502, -13.20408852,   4.72347444]), array([-1.834942  ,  3.37272052, -8.54745991,  4.76952257]), array([ 0.02249364,  0.02867867, -0.0420733 , -0.02641133]), array([ 0.02504399, -0.00587984, -0.02290485,  0.07431294]), array([ 0.03479458, -0.09545664,  0.00564949, -0.04579471]), array([ 0.00853232, -0.07273467,  0.05126546, -0.00223035]), array([-0.03382452,  0.04574029,  0.10781414,  0.05586746]), array([-0.11202893, -0.00831862,  0.0527102 , -0.03008623]), array([ 0.03410867,  0.06375461,  0.06333434, -0.05578167]), array([-0.03649207,  0.01048195, -0.03775266,  0.04501159]), array([ 0.00841445, -0.02628251, -0.05702576, -0.0706732 ]), array([-0.04845209,  0.08760854, -0.03355595,  0.00742273]), array([ 0.0385325 , -0.09045346, -0.05088653,  0.10270475]), array([ 0.07918261, -0.06129605, -0.00602311,  0.03243976]), array([ 0.04912004,  0.07699191, -0.0726085 ,  0.03424599]), array([-0.12748293,  0.03421355, -0.04483463,  0.01498335]), array([ 0.00379403,  0.05224895,  0.04251315, -0.02206012]), array([-0.01699544,  0.06316501, -0.02316788, -0.02335761]), array([-0.05257195, -0.00215597, -0.04493758, -0.02921414]), array([-0.02359924,  0.06728328,  0.0059293 ,  0.02280883]), array([-0.03623856, -0.01793599,  0.04961242, -0.07194601]), array([ 0.07401966,  0.04943698,  0.02512845, -0.08593674]), array([-0.00653543, -0.02750933, -0.09666494, -0.06411779]), array([ 0.0918681 , -0.01137158,  0.00996548,  0.13128525]), array([ 0.01593965,  0.05546269, -0.02162511,  0.01867856]), array([-0.05182678, -0.03112516, -0.06851428, -0.05551723]), array([-0.02533491,  0.0104168 , -0.11068778, -0.0303662 ]), array([ 0.00991743, -0.03021702, -0.10378894,  0.05050754]), array([ 0.02831113, -0.01862713, -0.1069344 ,  0.03110059]), array([-0.02864571,  0.06793633,  0.02367017, -0.03449691]), array([-0.01683105,  0.0436985 ,  0.01310706, -0.0453225 ]), array([-0.04799062, -0.05087235, -0.04143932, -0.00338682]), array([-0.01325272,  0.02854418, -0.01862792, -0.05316162]), array([ 0.01994399,  0.02481113, -0.02303275,  0.03436084]), array([-0.00488476,  0.01300902,  0.02502139, -0.08564448]), array([-0.03954533,  0.05493599, -0.10214455, -0.01018008]), array([ 0.03715274, -0.0584594 ,  0.00041331, -0.07065359]), array([ 0.06627224,  0.00799223,  0.00760561, -0.01105461]), array([ 0.04876606,  0.01057216,  0.03688132, -0.01531002]), array([-0.05483931, -0.06212688,  0.01438688, -0.03299739]), array([ 0.00517559, -0.03539435,  0.10459057,  0.02174273]), array([-0.12372342, -0.01734125,  0.05900442, -0.03887128]), array([ 0.02972714, -0.12331493,  0.04256735, -0.01519673]), array([-0.02611153,  0.02084066,  0.05563579,  0.03493438]), array([-0.02601491,  0.00847448,  0.01938615,  0.03938821]), array([ 0.12682917, -0.12963682,  0.01723001, -0.0304709 ]), array([-0.02940021, -0.04114993,  0.01110614, -0.04648692]), array([ 0.08794018,  0.0276775 , -0.09945617, -0.04016075]), array([ 0.01070269,  0.02643903, -0.01037573, -0.01555372]), array([-0.02387579,  0.05081198, -0.07235978, -0.0016369 ]), array([ 0.03209624, -0.03628475, -0.06383716,  0.07158412]), array([ 0.02026464, -0.0120731 , -0.03822372, -0.0346507 ]), array([ 0.01334366, -0.01375099, -0.00296485, -0.06731902]), array([-0.08906355, -0.0307998 ,  0.00779175,  0.04328588]), array([-0.04339707,  0.01477506, -0.05542275,  0.02522763]), array([ 0.0170592 , -0.00665376,  0.01752736, -0.06881724]), array([ 0.04196445, -0.02619322,  0.07517179, -0.0581201 ]), array([ 0.04715873,  0.00851531, -0.01672797, -0.04444775]), array([-0.00483333, -0.08722168,  0.05967636, -0.03821154]), array([-0.02487269,  0.09654933,  0.0552924 ,  0.03302663]), array([ 0.00323171,  0.01286254,  0.05219052, -0.05709936]), array([-0.07132533,  0.00786552, -0.0005995 ,  0.0450342 ])]

Actions: [array([1.        , 0.69438717]), array([1.        , 0.69194113]), array([1.        , 0.69086103]), array([1.        , 0.68925973]), array([1.        , 0.92691093]), array([1.        , 0.93836578]), array([1.        , 0.94953218]), array([1.        , 0.96021569]), array([1.        , 0.96551653]), array([1.       , 0.9672205]), array([1.        , 0.67222922]), array([1.        , 0.64883081]), array([1.       , 0.6258966]), array([1.        , 0.29782522]), array([1.        , 0.25943304]), array([1.        , 0.22399374]), array([1.        , 0.18899494]), array([1.        , 0.15354415]), array([1.       , 0.2845911]), array([1.        , 0.27183897]), array([1.       , 0.5712985]), array([1.        , 0.59000591]), array([1.        , 0.60897312]), array([1.        , 0.62470102]), array([1.        , 0.76479388]), array([1.        , 0.67065585]), array([0.81642465, 1.        ]), array([0.77042771, 1.        ]), array([1.        , 0.75693504]), array([1.        , 0.75473085]), array([0.83715877, 1.        ]), array([0.77918194, 1.        ]), array([0.85371949, 1.        ]), array([0.82377005, 1.        ]), array([0.79057193, 1.        ]), array([0.74761852, 1.        ]), array([0.76948522, 1.        ]), array([0.50077383, 1.        ]), array([0.40960973, 1.        ])]
Bad
Feature: [19, 21, 4797.100909811943]

States: [array([-1.69249696e+02,  1.57307905e+00, -1.32459731e+02, -1.26578783e-01]), array([-167.68885506,    2.28443437, -132.6056162 ,    0.96049127]), array([-165.3924741 ,    2.7555356 , -131.73008077,    1.7938262 ]), array([-162.64685489,    3.21921158, -129.94491159,    2.56162858]), array([-159.50634231,    3.51741459, -127.33578446,    3.11452781]), array([-155.92019592,    3.89205868, -124.18539618,    3.49763208]), array([-152.02216162,    4.11740197, -120.61809089,    3.75666218]), array([-147.970026  ,    4.18212453, -116.80036864,    4.02313691]), array([-143.78841907,    4.08347558, -112.77080996,    4.22687892]), array([-139.69394456,    4.02175865, -108.54872957,    4.38347663]), array([-135.63312258,    3.9356722 , -104.15770712,    4.58631788]), array([-131.65799126,    4.17792121,  -99.62246977,    4.25374574]), array([-127.44398884,    4.35309045,  -95.35498704,    3.90511143]), array([-123.06892719,    4.43481523,  -91.52877391,    3.49187049]), array([-118.68551117,    4.55212327,  -88.03616742,    3.02729392]), array([-114.16626547,    4.63178572,  -84.9685717 ,    3.27069925]), array([-109.59713625,    4.66640908,  -81.63632725,    3.53322268]), array([-104.88226585,    4.7244269 ,  -78.08315281,    3.7756047 ]), array([-100.13602781,    4.79681367,  -74.2297708 ,    3.47093034]), array([-95.38475925,   4.80161165, -70.71735927,   3.22816763]), array([-90.5864596 ,   4.75083293, -67.49588982,   3.54586551]), array([-85.86712862,   4.62986211, -64.01041928,   3.7190596 ]), array([-81.23257459,   4.64289277, -60.33589866,   4.12034316]), array([-76.5840445 ,   4.69428476, -56.23427727,   4.38097769]), array([-71.84040317,   4.77200417, -51.84593286,   4.30296216]), array([-67.02584373,   4.77266195, -47.62212508,   4.33739912]), array([-62.28447057,   4.93422006, -43.20777048,   3.8282963 ]), array([-57.34694806,   5.05200048, -39.30186386,   3.24603321]), array([-52.24778682,   5.09718666, -36.04622896,   2.71144036]), array([-47.10518268,   5.15422505, -33.35612662,   2.22547218]), array([-41.91919409,   5.17834873, -31.12651995,   1.54219561]), array([-36.68879589,   5.20233872, -29.51265357,   1.62736008]), array([-31.45222354,   5.27885474, -27.83125904,   1.71920416]), array([-26.23814841,   5.29514143, -26.17881518,   2.18212133]), array([-20.98140207,   5.30493387, -23.99321884,   2.59504383]), array([-15.60244899,   5.26382706, -21.42885723,   3.08047066]), array([-10.34147258,   5.04071957, -18.43263564,   3.45936154]), array([ -5.19757523,   4.73816829, -15.02927783,   3.74360772]), array([ -0.50720502,   4.17666843, -11.255228  ,   3.94472844]), array([ 3.65497819,  3.31262162, -7.347442  ,  4.21860916]), array([-0.01606365,  0.08755548,  0.01454343,  0.00915632]), array([0.00859295, 0.03623609, 0.02441512, 0.01481259]), array([-0.04757086, -0.07594925, -0.05734837, -0.04875627]), array([-0.03649465, -0.0512849 ,  0.06740163,  0.02594389]), array([-0.0576147 ,  0.03306543, -0.06902117, -0.01807633]), array([ 0.07588866,  0.07747953,  0.02822326, -0.06991098]), array([-0.00561831, -0.05342052,  0.01144205, -0.02435571]), array([-0.01042404,  0.004199  ,  0.01922144, -0.11531801]), array([ 0.08631053, -0.00841309, -0.00380841,  0.05287873]), array([-0.00448669, -0.10245692,  0.05321155, -0.05179748]), array([-0.03222984,  0.05275668,  0.03405023,  0.01094771]), array([ 0.10878954, -0.02185548, -0.01923209,  0.00262588]), array([-0.05815738,  0.08034432,  0.00034889,  0.01538717]), array([ 0.01163865, -0.00801999, -0.0290134 , -0.03830981]), array([ 0.10303191,  0.03828936, -0.03942724,  0.01902086]), array([-0.06659287, -0.0417768 , -0.00140751,  0.02083017]), array([ 0.01384856,  0.05674467, -0.01238938,  0.0370472 ]), array([ 0.0427202 , -0.01934333,  0.04907223, -0.04231671]), array([-0.09984717,  0.01209559, -0.04426721,  0.05828187]), array([-0.04423653,  0.01402277, -0.02247734,  0.01398229]), array([ 0.10620778,  0.03995454,  0.07558158, -0.08171485]), array([ 0.04652165, -0.0597075 , -0.00172279,  0.07255707]), array([ 0.00488867,  0.08865624, -0.00382477,  0.06045495]), array([0.0518764 , 0.05680111, 0.05312573, 0.01928308]), array([-0.08456965,  0.01549889,  0.03059585,  0.01695434]), array([ 0.01274057, -0.02188636,  0.06198671,  0.00856718]), array([ 0.00841737,  0.00194517, -0.10180922, -0.02102787]), array([-0.02701527, -0.08788931, -0.04923203, -0.12969764]), array([ 0.02863905, -0.05490669,  0.06045473, -0.04732305]), array([ 0.02771439, -0.02463955,  0.01062541,  0.05777607]), array([0.00718097, 0.01199154, 0.01533985, 0.03411101]), array([-0.00766574, -0.02450842,  0.03847744,  0.03425912]), array([ 0.0119711 ,  0.0281435 , -0.09858304, -0.08102452]), array([-0.03769036,  0.03813418,  0.02443407, -0.05280158]), array([0.05063749, 0.0140162 , 0.05521959, 0.06456521]), array([ 0.04068646, -0.08849003,  0.05392518,  0.00321232]), array([0.01786917, 0.00240118, 0.01119937, 0.07817259]), array([ 0.01921988,  0.00215782, -0.05423611,  0.05257966]), array([ 0.06750054, -0.01069683, -0.07457294,  0.00973773]), array([ 0.04300233,  0.08089945, -0.05341451,  0.01671798]), array([ 0.05432147,  0.04383076, -0.01856334, -0.07239108]), array([ 0.06788507,  0.09293467, -0.03730505,  0.03891869]), array([-0.03068597,  0.03306605,  0.03945274,  0.06313877]), array([-0.03210834,  0.04087049,  0.07469635, -0.02721145]), array([-0.05364319, -0.09097123,  0.04844345, -0.05361216]), array([-0.12975716,  0.01421828,  0.1007572 , -0.03116676]), array([-0.02206883, -0.00154499,  0.12825047,  0.11106818]), array([-0.01790086,  0.05239253, -0.0984842 , -0.06641793]), array([0.03520137, 0.05434921, 0.0412244 , 0.01296895]), array([ 0.05912269, -0.11881266, -0.00074694, -0.04155081]), array([ 3.19868985e-02,  6.26579574e-05, -3.60499335e-03,  5.84073228e-02]), array([ 0.00341853,  0.05199306, -0.05442933,  0.01029722]), array([-0.00110834,  0.05684401,  0.00630528,  0.07196265]), array([ 0.10501169,  0.01785284,  0.1118768 , -0.04321935]), array([ 0.10477131,  0.05837079, -0.04618456, -0.05614063]), array([ 0.01216739, -0.04863502,  0.02244058, -0.0338708 ]), array([ 0.04722495,  0.02735462,  0.09153967, -0.01747905]), array([-0.00487974,  0.00777083,  0.00836903, -0.06871667]), array([-0.03332815,  0.03832877, -0.05970065, -0.02592324]), array([ 0.0373058 , -0.0823179 ,  0.0074748 , -0.03067279])]

Actions: [array([0.9853779, 1.       ]), array([0.95596949, 1.        ]), array([1.        , 0.97488681]), array([1.        , 0.99086001]), array([0.99959648, 1.        ]), array([0.99077519, 1.        ]), array([0.83397271, 1.        ]), array([0.81603625, 1.        ]), array([0.79590596, 1.        ]), array([0.77762481, 1.        ]), array([1.        , 0.54099706]), array([1.        , 0.47101794]), array([1.        , 0.39458269]), array([1.        , 0.31219622]), array([1.        , 0.88231685]), array([1.        , 0.91791372]), array([1.        , 0.95843092]), array([1.        , 0.41390314]), array([1.        , 0.57985505]), array([0.89115373, 1.        ]), array([0.84521791, 1.        ]), array([0.86986853, 1.        ]), array([0.96932172, 1.        ]), array([1.        , 0.88097061]), array([1.        , 0.86751361]), array([1.        , 0.34320878]), array([1.        , 0.24504937]), array([1.        , 0.13011116]), array([ 1.        , -0.01110066]), array([ 1.        , -0.21899967]), array([1.        , 0.41338883]), array([1.        , 0.45050413]), array([1.        , 0.80011641]), array([1.        , 0.89871369]), array([0.97675459, 1.        ]), array([0.81895778, 1.        ]), array([0.63449643, 1.        ]), array([0.38189542, 1.        ]), array([-0.00831765,  1.        ])]