
Good
Feature: [46, 23, 8234.806945229082]

States: [array([-1.70542102e+02,  3.70324426e-01, -1.28931646e+02, -5.59420012e-02]), array([-170.19167351,    0.85207891, -128.99989546,    0.95719   ]), array([-169.38333989,    1.28882797, -128.07385897,    1.78652024]), array([-168.1849593 ,    1.51782662, -126.35127461,    2.46266893]), array([-166.67057181,    1.70713038, -123.88318107,    3.03911217]), array([-165.06581379,    1.90341621, -120.82455707,    3.46401067]), array([-163.11616014,    2.55711359, -117.28934443,    3.14445783]), array([-160.43662394,    3.05067338, -114.12495178,    2.84924102]), array([-157.39137094,    3.40689005, -111.27093137,    1.98812247]), array([-154.0375923 ,    3.72354059, -109.28574642,    1.11552784]), array([-150.26372746,    4.06094725, -108.13303079,    0.2983073 ]), array([-146.20613539,    4.25170403, -107.82369068,   -0.48581509]), array([-141.9179089 ,    4.40900393, -108.28230094,   -1.25188108]), array([-137.48086367,    4.43853395, -109.50164595,   -1.99385903]), array([-133.05798304,    4.3003339 , -111.42935153,   -2.53266784]), array([-128.84879555,    3.9872245 , -113.99591625,   -3.01519311]), array([-124.8307607 ,    3.51579684, -117.0376307 ,   -3.42548734]), array([-121.329428  ,    3.7806401 , -120.4858906 ,   -2.62166253]), array([-117.46353614,    4.08465836, -123.07646649,   -1.92645252]), array([-113.37023255,    4.31897107, -124.96999637,   -1.32936891]), array([-109.04282506,    4.46931809, -126.32907085,   -0.85317653]), array([-104.47496283,    4.61357804, -127.16752525,   -0.51564626]), array([ -99.87673142,    4.69334697, -127.70918233,   -0.21606721]), array([ -95.15841172,    4.78978864, -127.85778665,    0.24681896]), array([ -90.370592  ,    4.81191525, -127.64074573,    0.59745591]), array([ -85.5673025 ,    4.8447886 , -127.01906564,    0.854992  ]), array([ -80.69697234,    4.8562567 , -126.13468713,    1.11298746]), array([ -75.82404601,    4.9167676 , -125.06174692,    1.18194827]), array([ -70.97434858,    5.03286256, -123.95185842,    1.15363   ]), array([ -65.91409351,    5.02803327, -122.77619896,    1.21342339]), array([ -60.95011687,    4.98756336, -121.57528031,    1.2499335 ]), array([ -55.92282967,    5.01688714, -120.29223938,    1.33412883]), array([ -50.85849816,    5.05015764, -118.98814536,    1.7613559 ]), array([ -45.80963307,    5.04826689, -117.06548778,    2.10760423]), array([ -40.83344035,    3.99544508, -114.98040021,    2.630599  ]), array([ -36.89792741,    3.1505062 , -112.38199438,    3.16287145]), array([ -33.75222936,    2.4221702 , -109.24100034,    3.49558358]), array([ -31.3416127 ,    1.05117101, -105.77448993,    3.85548923]), array([-3.02864675e+01, -8.46049941e-02, -1.01869519e+02,  4.02176979e+00]), array([-30.38728179,  -1.04706055, -97.83934152,   4.19899501]), array([-31.49803083,  -1.7545134 , -93.64893816,   4.29670202]), array([-33.37166108,  -1.62685468, -89.45202417,   4.36699347]), array([-34.98621439,  -1.4936065 , -85.08403479,   4.45577943]), array([-36.45374416,  -1.40070149, -80.70993833,   4.50866261]), array([-37.83585466,  -0.94944958, -76.27727707,   4.53461808]), array([-38.78409401,  -0.58425887, -71.70122224,   4.58198106]), array([-39.36872474,  -0.33299218, -67.13918899,   4.76847236]), array([-39.67597771,   0.06864858, -62.37587935,   4.84743749]), array([-39.61213522,   0.18261364, -57.55084325,   4.89377656]), array([-39.41075999,   0.35066793, -52.64157193,   4.92687535]), array([-39.01256313,   0.27602634, -47.71200087,   4.89549353]), array([-38.78462181,   0.21063645, -42.86648082,   4.88945028]), array([-38.58702117,   0.22167561, -37.91210709,   4.97073241]), array([-38.36922357,   0.12742065, -33.02229509,   4.97292942]), array([-38.37290454,   0.14364525, -28.15539141,   5.0061906 ]), array([-38.19823472,   0.17310057, -23.10674199,   4.99227736]), array([-37.94830987,   0.16893817, -18.13439851,   5.02406397]), array([-37.86472552,   0.24121314, -13.12858103,   5.00172831]), array([-37.63483123,   1.15451611,  -8.08743513,   4.37650741]), array([-36.41399827,   1.9267727 ,  -3.75348864,   3.65363965]), array([-34.50972653,   2.52019425,  -0.1199616 ,   2.97045312]), array([-31.93702213,   3.10349122,   2.91263966,   2.29638207]), array([-28.88531388,   3.54216073,   5.15186652,   1.64539656]), array([-25.40401401,   3.87739174,   6.85256095,   1.01472735]), array([-21.53214538,   4.14043722,   7.95155263,   0.36743474]), array([-17.41253655,   4.34830855,   8.2919987 ,  -0.20801188]), array([-13.01195371,   4.52371618,   8.12126754,  -0.74680254]), array([-8.46017042,  4.69835324,  7.37268536, -1.44167519]), array([-3.71157544,  4.7068587 ,  5.8707332 , -2.13839032]), array([-0.02567715,  0.06891518,  0.04268463, -0.02661407]), array([-0.05276968,  0.0023663 ,  0.04456838, -0.02726105]), array([ 0.03857945, -0.00319843, -0.02515606,  0.02848784]), array([ 0.01248663, -0.02232134, -0.11239963,  0.07447187]), array([-0.00724177,  0.00400064, -0.07062543,  0.02283773]), array([-0.07575631,  0.02493749,  0.06884641,  0.04697577]), array([ 0.08585688, -0.01002391,  0.12484937, -0.06053281]), array([-0.06852195,  0.06146883, -0.01518182, -0.06986717]), array([-0.02910565,  0.07794988, -0.03412234,  0.04127231]), array([-0.06655386, -0.03899634, -0.05945263, -0.06891332]), array([-0.00595006,  0.05532655,  0.01462606, -0.01839482]), array([-0.09757892, -0.01236215, -0.00674051,  0.04581543]), array([-0.03916916,  0.0373337 , -0.02699573,  0.02261723]), array([ 0.07388521,  0.01122016,  0.10288533, -0.03825777]), array([-0.02252882, -0.02486973,  0.05402658,  0.01824739]), array([ 0.02652111, -0.04391508,  0.00754983, -0.02535653]), array([-0.04289976, -0.01070073,  0.03673738, -0.05678357]), array([ 0.02090102,  0.01996586, -0.01652048, -0.0526104 ]), array([-0.03585412, -0.00184623,  0.08108043, -0.13096344]), array([-0.05694937, -0.00547943, -0.11236645,  0.01408319]), array([-0.06229457, -0.02025521,  0.02742596, -0.01240589]), array([-0.10912898, -0.0290067 ,  0.02489472,  0.08983711]), array([-0.01907947,  0.03685439, -0.05255444,  0.02986478]), array([-0.03112862, -0.06038287,  0.00740105,  0.00139508]), array([ 0.0028711 ,  0.07706446, -0.02724663, -0.07793516]), array([ 0.06467443,  0.03323145, -0.03246062, -0.01152009]), array([ 0.0346552 , -0.03342281, -0.02303672,  0.0174049 ]), array([ 0.01848553, -0.01711239, -0.047098  , -0.04840121]), array([-0.05731668, -0.05941987,  0.01258227, -0.02926568]), array([ 0.01912156,  0.04933386, -0.01060074, -0.01068328]), array([ 0.08010152, -0.00981325,  0.01706408, -0.02546678])]

Actions: [array([0.58800299, 1.        ]), array([0.57923339, 1.        ]), array([0.57299755, 1.        ]), array([0.56795197, 1.        ]), array([0.56509474, 1.        ]), array([1.        , 0.40941949]), array([1.        , 0.30332493]), array([ 1.        , -0.32018314]), array([ 1.        , -0.43766422]), array([ 1.        , -0.55575956]), array([ 1.        , -0.68338704]), array([ 1.        , -0.82736509]), array([ 0.99223971, -1.        ]), array([ 0.79097059, -1.        ]), array([ 0.58552272, -1.        ]), array([ 0.35099474, -1.        ]), array([1.        , 0.06072774]), array([1.        , 0.11939772]), array([1.        , 0.17154271]), array([1.       , 0.2192239]), array([1.        , 0.26527624]), array([1.        , 0.31029252]), array([1.        , 0.35836776]), array([1.       , 0.4091448]), array([1.        , 0.46454932]), array([1.        , 0.52498234]), array([1.        , 0.28577935]), array([1.        , 0.29589773]), array([1.       , 0.3080563]), array([1.        , 0.32573066]), array([1.        , 0.35061668]), array([1.        , 0.62630528]), array([1.        , 0.71619539]), array([-0.04486145,  1.        ]), array([-0.07987298,  1.        ]), array([-0.10900769,  1.        ]), array([-0.91933456,  1.        ]), array([-1.       ,  0.9980357]), array([-1.        ,  0.92610414]), array([-1.      ,  0.868905]), array([-0.17047025,  1.        ]), array([-0.15841329,  1.        ]), array([-0.14835119,  1.        ]), array([0.12750738, 1.        ]), array([0.1495753, 1.       ]), array([0.16908996, 1.        ]), array([0.18623238, 1.        ]), array([0.20229819, 1.        ]), array([0.21542129, 1.        ]), array([0.02324281, 1.        ]), array([0.01910871, 1.        ]), array([0.01698589, 1.        ]), array([0.01505669, 1.        ]), array([0.01238262, 1.        ]), array([0.01368635, 1.        ]), array([0.01128696, 1.        ]), array([0.00632115, 1.        ]), array([1.        , 0.25190895]), array([1.        , 0.12454772]), array([1.        , 0.01422476]), array([ 1.        , -0.08594948]), array([ 1.        , -0.18328197]), array([ 1.        , -0.27540849]), array([ 1.        , -0.37428858]), array([ 1.        , -0.48496348]), array([ 1.       , -0.6086541]), array([ 1.        , -0.78155267]), array([ 0.94003335, -1.        ])]
Bad
Feature: [19, 19, 4907.151318898463]

States: [array([-1.70394215e+02, -6.06220673e-03, -1.30780206e+02, -3.05820821e-01]), array([-170.49257802,    1.06559011, -131.12628584,    0.54276538]), array([-169.34513153,    1.93245037, -130.63572334,    1.14571088]), array([-167.31268112,    2.55260503, -129.39081172,    1.65839711]), array([-164.72568109,    3.03598598, -127.71808855,    2.07524896]), array([-161.67148304,    3.4589597 , -125.59201704,    2.47878502]), array([-158.10996329,    3.85933094, -123.20677719,    2.71098344]), array([-154.29327321,    4.09940822, -120.49411946,    2.91302503]), array([-150.18585862,    4.33670077, -117.55128168,    2.99873653]), array([-145.9040975 ,    4.50029884, -114.5066994 ,    3.01794554]), array([-141.36672113,    4.64024541, -111.52717099,    3.25856786]), array([-136.62102979,    4.7494211 , -108.28753968,    3.32776547]), array([-131.93231132,    4.84193148, -104.90406369,    3.57634154]), array([-127.17416905,    4.95461296, -101.34631335,    3.6561008 ]), array([-122.21823004,    4.90943741,  -97.75632225,    3.78317373]), array([-117.26917741,    4.98922561,  -93.960174  ,    3.91457996]), array([-112.24783026,    5.01613988,  -90.03772806,    3.87218848]), array([-107.23652454,    5.03688641,  -86.10797132,    3.94469579]), array([-102.18202832,    4.99947447,  -82.06096732,    3.96660399]), array([-97.23316424,   5.055225  , -77.97599546,   3.94327474]), array([-92.20036868,   5.0280514 , -74.05979316,   4.03100881]), array([-87.20669606,   5.0369403 , -70.01525019,   4.06133026]), array([-82.2671592 ,   5.04929355, -66.00873048,   4.15431225]), array([-77.18172151,   5.04088658, -61.78521763,   4.20167423]), array([-72.15877515,   5.09483128, -57.59585416,   4.25054599]), array([-67.08103909,   5.09487393, -53.37757332,   4.26658917]), array([-61.97049932,   5.0588834 , -49.13527213,   4.1711837 ]), array([-56.79192968,   5.02755305, -44.9619301 ,   4.2541285 ]), array([-51.77854413,   4.98960889, -40.76136484,   4.22856919]), array([-46.81422001,   4.96747307, -36.56531775,   4.23533022]), array([-41.90329832,   4.98666492, -32.32476142,   4.22806029]), array([-36.92693074,   5.00448259, -28.11524171,   4.19592744]), array([-31.94699204,   5.07668582, -23.92294017,   4.23374825]), array([-26.82464107,   5.06406555, -19.67794088,   4.27234458]), array([-21.74468387,   5.11070282, -15.43790239,   4.28969878]), array([-16.69817147,   5.10398656, -11.13372565,   4.36423009]), array([-11.62460449,   5.03953507,  -6.86323032,   4.44073322]), array([-6.53757885,  5.07424956, -2.47305089,  4.4465992 ]), array([-0.0200865 ,  0.01583372,  0.02931027,  0.00051246]), array([-0.08276795,  0.01596294,  0.01111146, -0.04856376]), array([-0.00547377, -0.10155204, -0.06790893,  0.03734216]), array([-0.06910881, -0.04316351,  0.00074605,  0.07845746]), array([-0.00735503, -0.00520176, -0.03030494, -0.03303633]), array([-0.0478966 ,  0.05645749,  0.0306983 ,  0.12576513]), array([ 0.02865724, -0.01199763, -0.05985387,  0.06426214]), array([ 0.08252569,  0.03152366,  0.01886116, -0.04985079]), array([0.04093258, 0.08673057, 0.05314905, 0.04250411]), array([ 0.06378632,  0.00185609, -0.01081813,  0.01331484]), array([ 0.06716313, -0.05048643, -0.03080898,  0.06818368]), array([-0.00990017,  0.02846035, -0.06123148,  0.02615666]), array([-0.08399546,  0.09454561,  0.00782335, -0.08199876]), array([ 0.04117192, -0.02525982,  0.01514914, -0.08356229]), array([-0.05188186,  0.02919462,  0.04612832,  0.03762978]), array([-0.03288586, -0.00479805,  0.09880297,  0.02417702]), array([-0.04639065, -0.04707987,  0.05164923, -0.05496088]), array([-0.03221193, -0.03067315,  0.07590064, -0.03709694]), array([ 0.01058155, -0.14056392, -0.02588366,  0.04533586]), array([ 0.00771355, -0.01642031,  0.00758038,  0.00335923]), array([-0.02205631,  0.03815567,  0.01077443,  0.05172876]), array([ 0.00102367, -0.01880343, -0.09105145, -0.04582212]), array([-0.01922669,  0.04884104, -0.05218869,  0.04101521]), array([-0.00655306,  0.01999488, -0.02341441, -0.05558072]), array([-0.06816732,  0.02015018,  0.04483442, -0.06296955]), array([-0.01451411, -0.10963517,  0.01687841, -0.03223161]), array([ 0.00117704,  0.03870964,  0.08499823, -0.00388586]), array([-0.02673049,  0.02501101,  0.0727687 ,  0.08689617]), array([ 0.02111191,  0.00980646, -0.04773099, -0.04877168]), array([-0.03121163,  0.08007379, -0.0685423 ,  0.05253928]), array([-0.00521549, -0.0564533 ,  0.0236457 , -0.01184254]), array([-0.01298022, -0.03542902, -0.10153326, -0.0112758 ]), array([-0.02064412,  0.01405559,  0.02865095, -0.15150441]), array([ 0.01785186, -0.02346843,  0.04723592, -0.00710775]), array([0.01366397, 0.09415479, 0.08914369, 0.04926166]), array([-0.00162732,  0.06511194,  0.0331936 ,  0.0090854 ]), array([ 0.01391487,  0.06048038,  0.06079618, -0.00304643]), array([-0.00829206, -0.02096395, -0.03930085,  0.01104409]), array([-0.02682294, -0.0292436 ,  0.04781455,  0.02601786]), array([ 0.06387785, -0.02202797,  0.02308382,  0.01268852]), array([ 0.03700435, -0.00302607,  0.05852312, -0.10644792]), array([ 0.06772725, -0.0704451 ,  0.0499491 , -0.08704789]), array([ 0.02077795,  0.01899441, -0.02716209, -0.01119497]), array([ 0.11286639,  0.06977919,  0.03628035, -0.04125114]), array([-0.11595629,  0.00053289,  0.04033551, -0.04688888]), array([ 0.0195817 , -0.03006227,  0.02044877, -0.01265605]), array([-0.00808719, -0.03767513, -0.00357669, -0.00734074]), array([-0.02548399,  0.05248053,  0.02208186,  0.01308384]), array([ 0.00029354, -0.02108265,  0.01061132,  0.05120419]), array([ 0.03029994, -0.03358234, -0.06817115,  0.06629763]), array([-0.00589263, -0.05356393,  0.04998731,  0.0306038 ]), array([-0.01039589, -0.00060611,  0.02772947,  0.08983025]), array([ 0.03061904, -0.05662047, -0.07717466,  0.02567478]), array([-0.05698163, -0.04040131,  0.00250579,  0.00897085]), array([ 0.00836775,  0.06185064, -0.0318655 ,  0.02123639]), array([ 0.05428882, -0.0261325 ,  0.03170253, -0.04636782]), array([ 0.08454782, -0.04018248, -0.01748854, -0.04195429]), array([-0.02731211, -0.01787703, -0.03797618, -0.10641835]), array([-0.08221904,  0.06078803,  0.02090093,  0.03141667]), array([ 0.09203675, -0.10054364,  0.01047667,  0.02646381]), array([-0.03470028,  0.07320774,  0.02451605,  0.03752845]), array([ 0.0573402 , -0.05385419, -0.03041015, -0.05363765])]

Actions: [array([1.        , 0.73981063]), array([1.        , 0.74139477]), array([1.        , 0.74349621]), array([1.        , 0.74506816]), array([1.        , 0.74659589]), array([1.        , 0.74753769]), array([1.        , 0.74926818]), array([1.        , 0.75020892]), array([1.        , 0.75111931]), array([1.        , 0.81268587]), array([1.        , 0.81758535]), array([1.        , 0.82216778]), array([1.        , 0.82565842]), array([1.        , 0.82850456]), array([1.        , 0.83262148]), array([1.        , 0.83531711]), array([1.        , 0.83767444]), array([1.       , 0.8401036]), array([1.        , 0.84199613]), array([1.        , 0.84281273]), array([1.        , 0.84622737]), array([1.        , 0.84823375]), array([1.        , 0.85038104]), array([1.       , 0.8516393]), array([1.       , 0.8528132]), array([1.        , 0.85440963]), array([1.       , 0.8563175]), array([1.        , 0.86067616]), array([1.        , 0.86275865]), array([1.       , 0.8645001]), array([1.        , 0.86460972]), array([1.       , 0.8669341]), array([1.        , 0.87049755]), array([1.       , 0.8776427]), array([1.        , 0.88642242]), array([1.        , 0.89495611]), array([1.        , 0.91327013])]