
Good
Feature: [36, 31, 7280.291333812857]

States: [array([-170.68459161,   -1.08910719, -131.0293842 ,    0.26454395]), array([-171.77754246,    0.21251771, -130.68506954,    0.39092871]), array([-171.52270628,    1.09696056, -130.34977001,    0.45285486]), array([-170.39717871,    1.84990458, -129.88605163,    0.53615793]), array([-168.52795381,    2.5423478 , -129.35476778,    0.65833755]), array([-165.97331034,    3.05583999, -128.65996145,    0.58568788]), array([-162.82091698,    3.37208671, -128.06422039,    0.72372068]), array([-159.4763527 ,    3.80860164, -127.33132057,    0.65938917]), array([-155.69571939,    4.0218499 , -126.61036736,    0.61234946]), array([-151.64126682,    4.38399906, -125.92406061,    0.55796844]), array([-147.19939593,    4.54082534, -125.32408508,    0.61052992]), array([-142.77558168,    4.62465513, -124.72903624,    0.99628188]), array([-138.16648779,    4.58080691, -123.81043404,    1.45529116]), array([-133.58117386,    4.63529136, -122.3638113 ,    1.88288492]), array([-128.97909079,    4.78210671, -120.48811396,    2.2978219 ]), array([-124.23046413,    4.29701784, -118.19531746,    2.81338595]), array([-119.9524899 ,    3.82051973, -115.39697109,    3.3132684 ]), array([-116.06490398,    3.22110122, -112.11369497,    3.63254098]), array([-112.93736433,    2.84997022, -108.40325889,    3.83958283]), array([-109.9646303 ,    3.24191152, -104.59688158,    3.50153466]), array([-106.6740875 ,    3.50801801, -101.13313548,    3.13754372]), array([-103.12941741,    3.77187382,  -98.02030608,    2.80799044]), array([-99.4343111 ,   4.03656833, -95.26608423,   2.51352414]), array([-95.40935269,   4.29262568, -92.75855668,   2.23733861]), array([-91.1478505 ,   4.44225339, -90.52099091,   2.09321621]), array([-86.61929664,   4.59415678, -88.39876486,   1.83377842]), array([-82.00323066,   4.61489432, -86.5199933 ,   1.53607958]), array([-77.43727054,   4.68523185, -85.00335073,   1.27551217]), array([-72.74492887,   4.69055894, -83.659338  ,   0.97823593]), array([-68.10271541,   4.683513  , -82.71398106,   0.59083961]), array([-63.47569131,   4.82583534, -82.1496479 ,   0.45313731]), array([-58.63553563,   4.93088725, -81.71960804,   0.36129893]), array([-5.37977885e+01,  4.92761345e+00, -8.14367449e+01,  1.71757936e-02]), array([-48.91740139,   3.6464317 , -81.43995028,   1.12077227]), array([-45.3473896 ,   2.55703924, -80.34661196,   1.86563931]), array([-42.83802655,   1.67116589, -78.50487414,   2.52176925]), array([-41.18690533,   0.89420465, -75.98488056,   3.00237196]), array([-40.30853025,   0.16556514, -72.97887385,   3.40968724]), array([-40.12815184,  -0.55760348, -69.58364763,   3.79335263]), array([-40.75346579,  -1.03722841, -65.77236127,   4.01054591]), array([-41.79876168,  -1.4843315 , -61.76437687,   4.20807207]), array([-43.28204464,  -1.91719775, -57.60187973,   4.34138021]), array([-45.21807311,  -1.44918072, -53.2943007 ,   4.47109659]), array([-46.66707615,  -0.99255921, -48.80341203,   4.6183874 ]), array([-47.70561174,  -0.5420816 , -44.15830603,   4.60161445]), array([-4.82726286e+01,  1.46605804e-04, -3.96006783e+01,  4.74401334e+00]), array([-48.31965865,   0.58866735, -34.89360827,   4.83508481]), array([-47.78405891,   1.48962862, -29.99932056,   4.7594196 ]), array([-46.32787788,   2.16048092, -25.24860165,   4.05764339]), array([-44.1999724 ,   2.68534622, -21.10569139,   3.28501874]), array([-41.51562355,   3.18077786, -17.87428286,   2.11566872]), array([-38.38988308,   3.53138109, -15.75008435,   1.15563364]), array([-3.48847430e+01,  3.85206410e+00, -1.46469024e+01,  2.11231445e-02]), array([-31.0175949 ,   3.87719571, -14.54377233,  -0.99243223]), array([-27.10966005,   3.94891702, -15.53695522,  -1.76941057]), array([-23.20778477,   3.74053654, -17.37179458,  -2.3873989 ]), array([-19.4853093 ,   3.22766302, -19.75550439,  -2.87134273]), array([-16.26714381,   3.56893558, -22.60367114,  -1.56366141]), array([-12.66768856,   3.84663242, -24.19543241,  -0.37052714]), array([ -8.89903381,   3.27767516, -24.64948965,   0.64061263]), array([ -5.55976837,   2.74348824, -24.03992398,   1.4341162 ]), array([ -2.75915242,   2.32222648, -22.59606007,   2.24919602]), array([ -0.44006378,   1.91772978, -20.30912542,   2.80199657]), array([  1.38860366,   1.5561102 , -17.45152459,   3.23142111]), array([  2.9857935 ,   1.16984571, -14.18691901,   3.57510311]), array([  4.2318525 ,   0.73311475, -10.63485111,   3.82171696]), array([ 5.03387425, -0.28985612, -6.77060781,  4.16158876]), array([-0.07753522, -0.03379807, -0.05817352, -0.04498909]), array([-0.02842042, -0.05818217,  0.08879931,  0.0135192 ]), array([ 0.06348003, -0.00252485,  0.0077956 , -0.01000664]), array([-0.05350451,  0.06330717, -0.05172722, -0.06033256]), array([-0.01944283,  0.07116695, -0.03509792, -0.08224651]), array([ 0.01251574, -0.01201286, -0.05680864, -0.02760402]), array([ 0.09593409, -0.06546122,  0.05912598, -0.01721662]), array([ 0.03369456, -0.0962773 ,  0.03791951,  0.01923   ]), array([-0.01226293, -0.06132182, -0.04504657,  0.0616156 ]), array([-0.00632249,  0.02234689,  0.03885351, -0.05068937]), array([-0.0317346 ,  0.00589542, -0.00175039, -0.0119876 ]), array([ 0.02014371, -0.00094858, -0.01430181, -0.04189526]), array([-0.06310527, -0.0131718 , -0.00440635, -0.01171977]), array([-0.0142117 , -0.00779315, -0.01351456,  0.00699332]), array([ 0.06265962,  0.02075837, -0.04647074, -0.01863373]), array([0.0029197 , 0.00620085, 0.07748037, 0.06332149]), array([ 0.04489225,  0.01703835, -0.00274486,  0.03220329]), array([ 0.06429678, -0.04689798,  0.0434613 ,  0.0681733 ]), array([-0.01301046,  0.0113174 , -0.02649813, -0.16500212]), array([ 0.01968883, -0.02947443, -0.04462578,  0.00952857]), array([-0.03566464,  0.03467676,  0.07888241, -0.05241007]), array([ 0.07467872,  0.02030881, -0.01027328, -0.04910045]), array([-0.04295754, -0.05008028, -0.04749209, -0.02147885]), array([0.05554511, 0.04997598, 0.0052907 , 0.08953372]), array([-6.41633217e-05,  5.56612781e-03,  1.54817956e-02, -1.41334311e-02]), array([-0.02396869, -0.00497866, -0.03505977, -0.06421931]), array([-0.04818157,  0.11727885, -0.00532498, -0.02640007]), array([-0.01965164,  0.04493849, -0.00422978, -0.00106142]), array([-0.04963656, -0.04195075, -0.00430715, -0.00526249]), array([-0.00250666,  0.00171178, -0.00261035, -0.0263838 ]), array([ 0.09161348, -0.01819016, -0.05854695, -0.05592127]), array([-0.00581134,  0.0349573 ,  0.05751962, -0.01771052]), array([ 0.0074369 , -0.03125896, -0.03493039, -0.04355497])]

Actions: [array([1.        , 0.17178923]), array([1.        , 0.15788594]), array([1.        , 0.15012407]), array([1.        , 0.14213392]), array([1.        , 0.13454956]), array([1.        , 0.12373553]), array([1.        , 0.11671888]), array([1.        , 0.10352871]), array([1.       , 0.0886759]), array([1.        , 0.07065511]), array([1.        , 0.52721084]), array([1.        , 0.59970101]), array([1.        , 0.69504487]), array([1.       , 0.8128712]), array([0.46019189, 1.        ]), array([0.33399063, 1.        ]), array([0.20767575, 1.        ]), array([0.23884251, 1.        ]), array([1.        , 0.48907506]), array([1.        , 0.36734561]), array([1.        , 0.31901142]), array([1.        , 0.27303431]), array([1.        , 0.22875247]), array([1.        , 0.18391369]), array([1.        , 0.13720874]), array([1.        , 0.06593925]), array([1.        , 0.00965262]), array([ 1.       , -0.0532642]), array([ 1.        , -0.13844427]), array([ 1.        , -0.04795315]), array([ 1.        , -0.10727249]), array([ 1.        , -0.22009425]), array([-0.20200139,  1.        ]), array([-0.30587942,  1.        ]), array([-0.39097627,  1.        ]), array([-0.46430496,  1.        ]), array([-0.53225117,  1.        ]), array([-0.59659888,  1.        ]), array([-0.65941228,  1.        ]), array([-0.71971286,  1.        ]), array([-0.78708633,  1.        ]), array([0.09440604, 1.        ]), array([0.18460361, 1.        ]), array([0.2906477, 1.       ]), array([0.43251634, 1.        ]), array([0.63922811, 1.        ]), array([1.        , 0.84275966]), array([1.        , 0.28075764]), array([ 1.        , -0.02530064]), array([ 1.        , -0.48047274]), array([ 1.        , -0.50253848]), array([ 1.        , -0.84321087]), array([ 0.77738871, -1.        ]), array([ 0.85748038, -1.        ]), array([ 0.57687005, -1.        ]), array([ 0.26291604, -1.        ]), array([1.       , 0.6865691]), array([0.89586961, 1.        ]), array([0.26058951, 1.        ]), array([0.17688196, 1.        ]), array([0.10636588, 1.        ]), array([0.04672343, 1.        ]), array([-0.00583017,  1.        ]), array([-0.08060703,  1.        ]), array([-0.13232245,  1.        ]), array([-0.85920952,  1.        ])]
Bad
Feature: [45, 25, 7883.940321619243]

States: [array([-169.09205176,   -1.01498313, -129.70605964,    0.55393443]), array([-1.70071611e+02,  1.54741797e-01, -1.29183927e+02,  3.02854422e-01]), array([-1.69904719e+02,  1.13275618e+00, -1.28910775e+02,  1.61226722e-01]), array([-1.68867113e+02,  1.78456281e+00, -1.28782340e+02, -3.00287606e-02]), array([-1.66988554e+02,  2.49948212e+00, -1.28783719e+02, -9.91701077e-02]), array([-1.64540757e+02,  3.11849387e+00, -1.28908469e+02, -1.41503772e-01]), array([-161.4147099 ,    3.46133516, -128.94144029,   -0.25245959]), array([-158.0220897 ,    3.81061284, -129.18461667,   -0.20913374]), array([-154.23973247,    4.02269197, -129.40708375,   -0.27409941]), array([-150.16911162,    4.16162975, -129.63330983,   -0.38122762]), array([-146.05030411,    4.40162632, -129.94534518,   -0.47281481]), array([-141.67270413,    4.28050617, -130.42814885,    0.60839281]), array([-137.43867268,    4.23827023, -129.85548305,    1.47044075]), array([-133.18202077,    4.02506781, -128.32500231,    2.16045315]), array([-129.14713656,    3.7546288 , -126.18429103,    2.70308553]), array([-125.38461306,    3.47003121, -123.50390409,    3.23381576]), array([-121.88982004,    3.10247997, -120.21651709,    3.60508518]), array([-118.79120219,    2.76391255, -116.54243161,    4.00726792]), array([-116.05369546,    2.52362   , -112.62243015,    4.20855897]), array([-113.55250597,    2.26622923, -108.39686546,    4.33739732]), array([-111.25090915,    1.80802461, -104.03630785,    4.50760497]), array([-109.50855444,    2.44293289,  -99.52161867,    3.73642675]), array([-107.11164641,    2.97904812,  -95.78656227,    3.13503087]), array([-104.10593928,    3.44791897,  -92.63322211,    2.60219356]), array([-100.69309501,    3.80591106,  -89.94408634,    1.76582864]), array([-96.82252833,   4.06452756, -88.17635665,   1.06833725]), array([-92.83296486,   4.20895621, -87.1140885 ,   0.5412781 ]), array([-8.85662365e+01,  4.36796219e+00, -8.65714594e+01, -1.48616823e-02]), array([-84.18945108,   4.47025216, -86.56162217,  -0.53944955]), array([-79.64909451,   4.67295906, -86.94237387,  -0.97796343]), array([-74.91475228,   4.78114862, -87.93181975,  -1.33680484]), array([-70.09198955,   4.73899248, -89.1676288 ,  -1.69755702]), array([-65.34568994,   3.86936119, -90.94166069,  -0.346983  ]), array([-61.40688191,   3.0538958 , -91.31283184,   0.71949492]), array([-58.46353921,   2.51290917, -90.53602462,   1.57417163]), array([-55.94893628,   1.94394162, -88.91737637,   2.30458044]), array([-54.01470223,   1.38311733, -86.6143274 ,   2.79641249]), array([-52.64367474,   0.93994511, -83.74893703,   3.28328623]), array([-51.84497299,   0.84908819, -80.35447903,   3.69038827]), array([-51.07251623,   0.67708997, -76.70263704,   3.98573268]), array([-50.40184271,   0.54613705, -72.84400713,   4.21975836]), array([-49.79690289,   0.44232962, -68.64791116,   4.39416922]), array([-49.24133678,   0.76501159, -64.26241641,   4.56353383]), array([-48.43502283,   1.0410884 , -59.73872155,   4.64371765]), array([-47.42664314,   1.22989955, -55.08683105,   4.69315907]), array([-46.1911124 ,   0.9995714 , -50.45846517,   4.7546659 ]), array([-45.18779742,   0.76968364, -45.75748991,   4.76840877]), array([-44.32501729,   0.50823431, -41.04755287,   4.7487763 ]), array([-43.85697715,   0.30364347, -36.23416772,   4.80736798]), array([-43.57844538,   0.16733506, -31.44267544,   4.83293692]), array([-43.3544899 ,   0.09495408, -26.57901246,   4.90215922]), array([-43.23359996,  -0.42821379, -21.59109045,   4.91062476]), array([-43.61347714,  -0.43327561, -16.6471767 ,   4.88142847]), array([-43.99305004,  -0.48972558, -11.79972053,   4.88289404]), array([-44.47902801,  -0.53928026,  -6.97578879,   4.8991384 ]), array([-44.99996272,  -0.57077823,  -2.15314225,   4.9102402 ]), array([-45.62224137,   0.48541973,   2.71653667,   4.10460614]), array([-45.23337084,   1.36050863,   6.88099917,   3.23571492]), array([-43.87084532,   2.07541016,  10.04874601,   2.47987092]), array([-41.84142983,   2.6343316 ,  12.48803929,   1.82546299]), array([-39.20518035,   3.13742471,  14.35341207,   1.2020707 ]), array([-35.9332314 ,   3.52851258,  15.60132941,   0.66320451]), array([-32.37829994,   3.83642866,  16.21430328,   0.1894471 ]), array([-28.54552461,   4.05649113,  16.42594346,  -0.39058894]), array([-24.47371558,   4.16573078,  16.18284338,  -1.00813352]), array([-20.31867216,   4.27362091,  15.21696776,  -1.87531843]), array([-15.88961688,   4.23575324,  13.39511093,  -2.54621517]), array([-11.62450547,   4.04985784,  10.78230258,  -3.06514469]), array([-7.52301372,  3.81789455,  7.74358922, -3.50694205]), array([-3.66686614,  3.57854829,  4.23250504, -3.85195112]), array([ 0.04606337,  0.0565481 ,  0.04915653, -0.06750321]), array([ 0.10662521,  0.0448502 , -0.01291624, -0.00060185]), array([ 0.00478871,  0.09482247,  0.00766738, -0.01935646]), array([-0.08617992,  0.00122694,  0.00576857,  0.10179811]), array([ 0.03477549, -0.15358561,  0.00184553,  0.00871948]), array([-0.02319964,  0.0158466 , -0.10552215, -0.04156759]), array([-0.03482537, -0.13956488,  0.0984346 ,  0.05035028]), array([ 0.00864662, -0.0049194 , -0.03861664, -0.02604534]), array([ 0.10317369, -0.07940888, -0.05234746, -0.02684995]), array([ 0.05029934,  0.01022752, -0.02292134, -0.05642278]), array([0.07821761, 0.02629538, 0.05039048, 0.01415561]), array([-0.08231894, -0.03153297,  0.01915979, -0.05938213]), array([ 0.02300205, -0.07515116, -0.04399195, -0.00647453]), array([-0.04877959,  0.00598434,  0.0744185 , -0.01082217]), array([0.03936473, 0.06478096, 0.00843284, 0.050373  ]), array([-0.00215884, -0.02976781, -0.014095  , -0.00329759]), array([-0.07423527,  0.01303959,  0.06733604,  0.04572645]), array([ 0.05296413, -0.08545145,  0.03673985, -0.12478117]), array([ 0.1055282 , -0.02936242, -0.00095738, -0.08906496]), array([ 0.08935135, -0.05495578, -0.02510234, -0.02980006]), array([-0.01271242,  0.02619216, -0.01178626, -0.04192304]), array([ 0.00192722,  0.00160517,  0.06243817, -0.01663925]), array([0.03829359, 0.02972687, 0.03331688, 0.04948038]), array([ 0.0316203 , -0.02560025,  0.0120535 ,  0.08368281]), array([-0.00209929, -0.0586976 ,  0.03827781,  0.00989158]), array([-0.04557835,  0.05046431,  0.03340239,  0.04064426]), array([-0.03324395, -0.02932984, -0.01559   , -0.03465269]), array([-0.03480541,  0.00400783, -0.0483688 ,  0.0887278 ]), array([ 0.04562241,  0.0692455 , -0.04266823, -0.08995118]), array([-0.01766553, -0.08775288, -0.03940936,  0.12766322])]

Actions: [array([ 1.       , -0.0837512]), array([ 1.        , -0.09136614]), array([ 1.        , -0.09637079]), array([ 1.        , -0.10040744]), array([ 1.        , -0.10382989]), array([ 1.        , -0.10630592]), array([ 1.        , -0.11239806]), array([ 1.        , -0.11541808]), array([ 1.        , -0.12052003]), array([ 1.        , -0.12749704]), array([0.84697492, 1.        ]), array([0.72644969, 1.        ]), array([0.62890493, 1.        ]), array([0.54132019, 1.        ]), array([0.46023551, 1.        ]), array([0.38311005, 1.        ]), array([0.3073408, 1.       ]), array([0.23108982, 1.        ]), array([0.14748464, 1.        ]), array([0.04127935, 1.        ]), array([1.        , 0.19617395]), array([1.        , 0.13716675]), array([1.        , 0.08730998]), array([ 1.        , -0.28071629]), array([ 1.       , -0.3417821]), array([ 1.        , -0.39711523]), array([ 1.        , -0.44814334]), array([ 1.        , -0.49971504]), array([ 1.        , -0.55054557]), array([ 1.        , -0.60532446]), array([ 1.        , -0.66059788]), array([0.05206676, 1.        ]), array([0.00421612, 1.        ]), array([-0.03460858,  1.        ]), array([-0.0641001,  1.       ]), array([-0.09052256,  1.        ]), array([-0.11265963,  1.        ]), array([0.07308122, 1.        ]), array([0.06739189, 1.        ]), array([0.06174016, 1.        ]), array([0.05689611, 1.        ]), array([0.38143683, 1.        ]), array([0.40251157, 1.        ]), array([0.42343449, 1.        ]), array([0.00666923, 1.        ]), array([-0.01158485,  1.        ]), array([-0.02884248,  1.        ]), array([-0.04649127,  1.        ]), array([-0.05985465,  1.        ]), array([-0.07188837,  1.        ]), array([-0.49211056,  1.        ]), array([-0.13600505,  1.        ]), array([-0.14361624,  1.        ]), array([-0.15304296,  1.        ]), array([-0.16181479,  1.        ]), array([1.        , 0.12640841]), array([1.        , 0.00765953]), array([ 1.        , -0.09314731]), array([ 1.        , -0.17568053]), array([ 1.        , -0.24946874]), array([ 1.        , -0.32103695]), array([ 1.        , -0.39290116]), array([ 1.        , -0.53819565]), array([ 1.        , -0.61676289]), array([ 0.95511709, -1.        ]), array([ 0.83696871, -1.        ]), array([ 0.72324713, -1.        ]), array([ 0.61963148, -1.        ]), array([ 0.50806759, -1.        ])]