
Good
Feature: [1, 67, 8436.84013558852]

States: [array([-169.34567886,   -0.47902159, -131.46943358,   -1.39410052]), array([-1.69904333e+02, -2.74553837e-01, -1.32879369e+02, -1.39190512e-01]), array([-1.70181575e+02, -1.23947962e-01, -1.32948703e+02,  9.16441604e-01]), array([-1.70364465e+02,  9.06529533e-02, -1.32031731e+02,  1.66181255e+00]), array([-170.21301603,    0.18150323, -130.42381812,    2.30455575]), array([-170.04665547,    0.38725273, -128.19383863,    2.86456322]), array([-169.63658948,    0.53244777, -125.27533099,    3.28085022]), array([-169.03470968,    0.53643868, -121.99211213,    3.60630025]), array([-168.46725109,    0.77128943, -118.45197414,    3.96511785]), array([-167.70676625,    0.97997156, -114.41186288,    4.25140756]), array([-166.71940826,    1.11459312, -110.12230141,    4.40672521]), array([-165.63190942,    1.2788895 , -105.6320426 ,    4.49975156]), array([-164.34080344,    1.38043682, -101.13793614,    4.60683236]), array([-162.93139075,    1.49246297,  -96.51333047,    4.70947003]), array([-161.46335641,    1.70200213,  -91.84358509,    4.7539605 ]), array([-159.81416364,    1.78478183,  -86.94786673,    4.8202458 ]), array([-158.08513097,    1.83543757,  -82.09752131,    4.86530765]), array([-156.23014476,    1.92121303,  -77.31418764,    4.86006596]), array([-154.29761277,    1.89317416,  -72.48015901,    4.93680173]), array([-152.39004638,    2.04650919,  -67.55958518,    4.93708202]), array([-150.26922805,    2.13492699,  -62.64773289,    4.91533696]), array([-148.12500771,    2.20881786,  -57.73069348,    4.91149149]), array([-145.92106641,    2.40057984,  -52.78184505,    4.97169521]), array([-143.4779733 ,    2.39463087,  -47.8414285 ,    4.99014431]), array([-141.03614414,    2.48868381,  -42.80321171,    4.99246213]), array([-138.5267872 ,    2.56908023,  -37.85947044,    4.97721857]), array([-136.01792185,    2.54758877,  -32.85151676,    5.0529953 ]), array([-133.49075164,    2.47612886,  -27.76680931,    5.14945025]), array([-131.08312455,    2.45896943,  -22.6713107 ,    5.00112855]), array([-128.68150707,    2.46252313,  -17.6939897 ,    5.03021746]), array([-126.25819946,    2.46546893,  -12.69707217,    4.96238078]), array([-123.74806815,    2.4929036 ,   -7.71918688,    4.98123447]), array([-121.29221666,    2.6318524 ,   -2.66623912,    4.94088679]), array([-118.63210738,    3.14061375,    2.27899899,    4.81685722]), array([-115.48293984,    3.53929538,    7.06185954,    4.71196279]), array([-112.04086264,    3.78258654,   11.75421278,    4.59881975]), array([-108.26314517,    3.96513917,   16.32140479,    4.46676125]), array([-104.32567853,    4.10244304,   20.83004534,    4.29847233]), array([-100.13741107,    4.26628182,   25.03136358,    4.07774256]), array([-95.82931565,   4.37421089,  29.11838349,   3.96095046]), array([-91.33268803,   4.47217603,  33.06893863,   3.72471713]), array([-86.84949357,   4.61035262,  36.74511913,   3.70157928]), array([-82.14831521,   4.69334878,  40.45661224,   3.68813534]), array([-77.49294455,   4.76062802,  44.13992746,   3.67295673]), array([-72.73618112,   4.80461369,  47.76206996,   3.58430549]), array([-67.97239322,   4.71322027,  51.34497872,   3.86424007]), array([-63.27063966,   4.82418058,  55.1022077 ,   3.28673905]), array([-58.42602826,   4.78827828,  58.36627116,   2.7408052 ]), array([-53.65605815,   4.85532358,  61.1869766 ,   2.17091022]), array([-48.81634832,   4.8996063 ,  63.35811216,   1.19404209]), array([-43.91099422,   4.93649401,  64.48584549,   0.26945291]), array([-39.02470756,   4.96561729,  64.78261887,  -0.61452452]), array([-34.03155847,   4.55882895,  64.15868748,  -1.52212063]), array([-29.46002309,   4.09735098,  62.64031826,  -2.14834755]), array([-25.3507917 ,   3.72365877,  60.52636137,  -2.73698959]), array([-21.64198724,   3.40238066,  57.79998868,  -3.26037762]), array([-18.25854887,   3.07268927,  54.60971079,  -3.62469249]), array([-15.22424452,   2.68945201,  50.94125639,  -4.03037385]), array([-12.47371282,   2.39846565,  46.91031453,  -4.17488083]), array([-10.12116417,   2.0501963 ,  42.73543785,  -4.42964855]), array([-8.01632961,  1.76300269, 38.32395115, -4.49780758]), array([-6.33219596,  1.54538165, 33.85761701, -4.52795905]), array([-4.81825976,  1.29934481, 29.39545347, -4.6564101 ]), array([-3.43291526,  1.21611751, 24.72501341, -4.70986718]), array([-2.30556652,  1.14563059, 20.01450607, -4.73175082]), array([-1.15897838,  1.03509337, 15.24061477, -4.81021444]), array([-0.16334499,  0.93698171, 10.37352472, -4.84795025]), array([ 0.76837778,  0.85141283,  5.57646497, -4.83001838]), array([ 0.09667095, -0.09887967,  0.02513767,  0.0372961 ]), array([-0.04760615, -0.06121537,  0.06182631, -0.002931  ]), array([ 0.06474942, -0.03083761,  0.02978123, -0.0080961 ]), array([-0.0586034 ,  0.00192661, -0.01727187, -0.04567899]), array([-0.04754276, -0.02741786, -0.09763775, -0.0111664 ]), array([ 0.01686658, -0.09327262, -0.03312446, -0.00090835]), array([ 0.00909002, -0.01630618, -0.09309895,  0.04004403]), array([-0.11027684,  0.07822548, -0.0477536 , -0.00048039]), array([-0.04451523, -0.05444839,  0.01581813, -0.06046358]), array([-0.00119244,  0.0006283 , -0.01572581, -0.00498995]), array([0.05775931, 0.00502465, 0.04638462, 0.04290161]), array([ 0.0336715 , -0.05847019, -0.04577482,  0.00240653]), array([-0.02993623,  0.05355075, -0.02784601, -0.05494217]), array([-0.12210004,  0.031902  , -0.04588505, -0.0134933 ]), array([-0.02299153, -0.03455457, -0.12009358, -0.01737994]), array([ 0.03768116,  0.01057232, -0.05921135, -0.02074779]), array([-0.02867187, -0.00089193,  0.03862541,  0.03566857]), array([ 0.11531058,  0.0358968 , -0.10886403, -0.04844898]), array([ 0.02083122, -0.00647704,  0.00088771, -0.07858684]), array([-0.08568039,  0.02024176, -0.05051711,  0.00585378]), array([ 0.04569745, -0.00259464, -0.02895431, -0.00168222]), array([ 0.01589678,  0.00511511, -0.02242404,  0.07324175]), array([-0.08497604, -0.04061026, -0.02406932, -0.06774227]), array([ 0.00445331,  0.04814076, -0.00761027,  0.05551603]), array([ 0.02139962, -0.01661877, -0.01491044, -0.01545056]), array([-0.01619358,  0.04799445,  0.07184407, -0.02586607]), array([0.02237368, 0.00587307, 0.0293266 , 0.09906456]), array([ 0.03801033,  0.0237986 , -0.02857688, -0.03819873]), array([-0.01877317, -0.00647865, -0.01174559, -0.00457706]), array([-0.02397319, -0.02112489, -0.02273734,  0.05745221]), array([-0.02963059, -0.10489469, -0.02196273,  0.00156603]), array([ 0.06187422, -0.03094897, -0.03370368, -0.03481478])]

Actions: [array([0.14943218, 1.        ]), array([0.15270096, 1.        ]), array([0.15520429, 1.        ]), array([0.15828382, 1.        ]), array([0.1592748, 1.       ]), array([0.16113024, 1.        ]), array([0.1617392, 1.       ]), array([0.36497807, 1.        ]), array([0.37235152, 1.        ]), array([0.3802453, 1.       ]), array([0.3874023, 1.       ]), array([0.39503263, 1.        ]), array([0.39663924, 1.        ]), array([0.40684468, 1.        ]), array([0.41287031, 1.        ]), array([0.41844329, 1.        ]), array([0.42329741, 1.        ]), array([0.42626905, 1.        ]), array([0.47122218, 1.        ]), array([0.47616972, 1.        ]), array([0.49288383, 1.        ]), array([0.49669607, 1.        ]), array([0.50041594, 1.        ]), array([0.56167638, 1.        ]), array([0.56822723, 1.        ]), array([0.57374983, 1.        ]), array([0.49485645, 1.        ]), array([0.49461315, 1.        ]), array([0.4974305, 1.       ]), array([0.49955111, 1.        ]), array([0.59264977, 1.        ]), array([0.61022167, 1.        ]), array([1.        , 0.89871032]), array([1.       , 0.8525538]), array([1.        , 0.81235916]), array([1.        , 0.77346741]), array([1.        , 0.73688747]), array([1.        , 0.67012827]), array([1.        , 0.63628263]), array([1.        , 0.59980753]), array([1.        , 0.72646006]), array([1.        , 0.71144043]), array([1.        , 0.69563792]), array([1.        , 0.67167094]), array([0.89920494, 1.        ]), array([1.        , 0.19644018]), array([1.        , 0.12606882]), array([1.        , 0.05116313]), array([ 1.        , -0.55577292]), array([ 1.        , -0.71404959]), array([ 1.        , -0.94278965]), array([ 0.56443189, -1.        ]), array([ 0.49644792, -1.        ]), array([ 0.43925108, -1.        ]), array([ 0.38610869, -1.        ]), array([ 0.28351309, -1.        ]), array([ 0.24535589, -1.        ]), array([ 0.21053888, -1.        ]), array([ 0.17732871, -1.        ]), array([ 0.14696245, -1.        ]), array([ 0.117043, -1.      ]), array([ 0.09077619, -1.        ]), array([ 0.14837568, -1.        ]), array([ 0.12812476, -1.        ]), array([ 0.11035551, -1.        ]), array([ 0.08526887, -1.        ]), array([ 0.05600042, -1.        ])]
Bad
Feature: [19, 18, 4644.0178567670255]

States: [array([-169.38573768,    1.47167325, -131.14199149,   -0.16960738]), array([-167.97839642,    2.19271181, -131.33552263,    0.664368  ]), array([-165.82210128,    2.82126571, -130.71798743,    1.36188267]), array([-162.99893705,    3.26477873, -129.33973854,    1.90872375]), array([-159.70658526,    3.59004626, -127.40946009,    2.37413841]), array([-156.18759188,    3.89699831, -125.02505926,    2.59266042]), array([-152.31320294,    4.11764086, -122.51263633,    2.83621594]), array([-148.16818568,    4.25390985, -119.6395767 ,    3.19311495]), array([-143.94019327,    4.454094  , -116.52990337,    3.48096591]), array([-139.45615688,    4.57492091, -113.04362522,    3.66897222]), array([-134.89359504,    4.72572015, -109.32752743,    3.85232548]), array([-130.15873351,    4.84735539, -105.43540058,    3.85212314]), array([-125.35999811,    4.86326744, -101.58059926,    3.94460586]), array([-120.54783263,    4.88870819,  -97.61339357,    3.92533225]), array([-115.75858045,    4.96735505,  -93.73059684,    4.00201903]), array([-110.75453701,    4.94692005,  -89.77187851,    4.06799369]), array([-105.75290258,    4.94490927,  -85.84649359,    4.11218638]), array([-100.83160493,    4.99389741,  -81.68325323,    4.13281294]), array([-95.81993492,   5.03175767, -77.61475016,   4.07484935]), array([-90.80043839,   4.96847716, -73.51936795,   4.11874143]), array([-85.91878197,   5.03876614, -69.38952768,   4.2052057 ]), array([-80.95153846,   4.96067914, -65.17065055,   4.33895757]), array([-76.02234106,   4.88686235, -60.83311355,   4.35296945]), array([-71.07964126,   4.93155118, -56.46714381,   4.41415781]), array([-66.19501374,   5.00869776, -51.95305183,   4.40308176]), array([-61.18888322,   4.9521818 , -47.56651533,   4.34894994]), array([-56.22019734,   5.04893395, -43.21918249,   4.32968968]), array([-51.0855199 ,   5.07200135, -38.91297357,   4.30563156]), array([-45.93933087,   5.03778212, -34.49137908,   4.30202988]), array([-40.85052618,   5.0719213 , -30.17281433,   4.38642759]), array([-35.80906489,   5.05497645, -25.84805951,   4.343249  ]), array([-30.69859339,   5.05672855, -21.54186286,   4.34542812]), array([-25.52950948,   5.05238384, -17.24768179,   4.35448979]), array([-20.44757516,   5.14217583, -12.95446117,   4.33949103]), array([-15.32606947,   4.99843576,  -8.57949686,   4.37408204]), array([-10.26765072,   4.94112568,  -4.28211541,   4.45079925]), array([-5.27784864,  4.90830906,  0.18948836,  4.59624232]), array([ 0.07249103, -0.06427273, -0.10231045, -0.04620387]), array([ 0.02278201, -0.07127357,  0.01477228,  0.03214864]), array([ 0.0414173 ,  0.07779632, -0.11249252, -0.02960651]), array([-0.04980821, -0.03422748, -0.03073145, -0.01965924]), array([-0.02659165,  0.00092691,  0.02662289,  0.00244355]), array([ 0.02844892, -0.06383875, -0.03101927,  0.02494417]), array([ 0.03980095, -0.01682114, -0.00349971,  0.08900318]), array([0.12430332, 0.02715587, 0.0721156 , 0.03640103]), array([-0.02202301,  0.01810849,  0.00987659,  0.02549453]), array([-0.08060841, -0.04307444,  0.01150894, -0.03168373]), array([ 0.02393398, -0.01954772,  0.03110083,  0.01315654]), array([-0.0122528 ,  0.01427161,  0.03950278,  0.00477592]), array([ 0.06216125, -0.01900695,  0.09089529, -0.00810641]), array([ 0.02006832,  0.05263738,  0.01206072, -0.05464175]), array([ 0.13115149,  0.10629615, -0.02640766,  0.03285421]), array([-0.09968545, -0.03401211, -0.05638508,  0.04797534]), array([ 0.0343729 ,  0.09246987,  0.03361882, -0.00658321]), array([-0.02535465, -0.03985533, -0.02378874, -0.01748979]), array([ 0.10804721, -0.01224231, -0.03906783, -0.00205672]), array([-0.00441049, -0.00945634,  0.0196919 ,  0.0770407 ]), array([-0.02348776,  0.00359191,  0.01475937,  0.05100451]), array([-0.04138523,  0.02421715, -0.06191007,  0.06525414]), array([-0.04233131,  0.03239949, -0.05230723, -0.09137346]), array([-0.03261337, -0.01394497,  0.0294704 ,  0.04693372]), array([-0.02058299, -0.0555564 , -0.04862581, -0.00105818]), array([ 0.02693202, -0.02409863,  0.01094361,  0.00947572]), array([-0.02388454,  0.04163976,  0.04945059, -0.09130272]), array([-0.03274847, -0.0754632 , -0.0463864 , -0.01292333]), array([ 0.02087806,  0.07831955, -0.06566307,  0.01765275]), array([-0.0507913 , -0.05468788,  0.00730669,  0.08712621]), array([ 0.0340937 , -0.0354171 ,  0.03439907, -0.01415888]), array([-0.04729305,  0.04981423,  0.04715623, -0.09290017]), array([-0.02304843, -0.07235416,  0.02542337,  0.03432703]), array([-0.04978365, -0.08153042, -0.04825139, -0.03727543]), array([ 0.03466579,  0.02556658,  0.025741  , -0.03304393]), array([ 0.08538774, -0.10797756,  0.09177122, -0.09293172]), array([-0.01324121, -0.04212432, -0.04372271, -0.0102432 ]), array([ 0.01874966, -0.01150321, -0.01006206,  0.06302029]), array([ 0.02371005, -0.03797926, -0.08551357, -0.00565524]), array([-0.0050029 ,  0.02098721,  0.04613587,  0.0653399 ]), array([0.07885287, 0.03565255, 0.05225748, 0.05969942]), array([-0.05096891, -0.01776445, -0.00078272,  0.04505897]), array([-0.04284023, -0.05313031, -0.10612794,  0.02796549]), array([-0.00827289,  0.03859399, -0.00551136,  0.0250993 ]), array([ 0.02021658,  0.0260058 , -0.00735185, -0.04021679]), array([ 0.00060858,  0.10007969, -0.02729698,  0.02271114]), array([-0.09623515,  0.03593084,  0.04221316,  0.01739453]), array([ 0.10314655, -0.13549044,  0.02850512, -0.06782711]), array([ 0.04249493, -0.02584751, -0.01714231,  0.0146098 ]), array([ 0.01332053,  0.05832499, -0.00367875,  0.02950902]), array([0.0006679 , 0.05685   , 0.02951071, 0.048235  ]), array([-0.01693028, -0.04777351,  0.07946571,  0.00673682]), array([-0.10802402,  0.02694735, -0.02132455, -0.07870809]), array([-0.09161477, -0.02584   , -0.04083385, -0.002743  ]), array([ 0.04299233, -0.03941748,  0.01144322,  0.06543229]), array([-0.07743426, -0.03327611,  0.03451447,  0.04730867]), array([ 0.01179276, -0.06277032, -0.03254035, -0.01472954]), array([ 0.06402096, -0.06818427,  0.07039178,  0.00714057]), array([-0.09897365, -0.0114028 ,  0.03400798,  0.04555296]), array([-0.03740637, -0.06281953,  0.03670268, -0.00440997]), array([ 0.03889469, -0.10510741, -0.02330234,  0.03517415]), array([ 0.05187733,  0.0285697 , -0.00798414, -0.00052263]), array([-0.00864671,  0.05400863,  0.02788721,  0.04301495])]

Actions: [array([1.        , 0.80884732]), array([1.        , 0.81663125]), array([1.        , 0.82339882]), array([1.        , 0.82909542]), array([1.        , 0.83400476]), array([1.        , 0.83745996]), array([1.        , 0.84217066]), array([1.       , 0.8462538]), array([1.        , 0.84943798]), array([1.        , 0.85170078]), array([1.        , 0.85293134]), array([1.        , 0.85402963]), array([1.        , 0.85592449]), array([1.        , 0.85715066]), array([1.        , 0.85902068]), array([1.        , 0.86200505]), array([1.        , 0.86555075]), array([1.        , 0.86647799]), array([1.       , 0.8692472]), array([1.        , 0.87209841]), array([1.        , 0.87352966]), array([1.        , 0.87495881]), array([1.        , 0.87464683]), array([1.        , 0.87406933]), array([1.        , 0.87054093]), array([1.        , 0.87009786]), array([1.        , 0.86969194]), array([1.        , 0.87263193]), array([1.        , 0.87404099]), array([1.        , 0.87698033]), array([1.        , 0.87945907]), array([1.        , 0.88502483]), array([1.        , 0.89481689]), array([1.        , 0.90559976]), array([1.        , 0.91985747]), array([1.        , 0.94641254])]