
Good
Feature: [0, 71, 8913.194699775453]

States: [array([-1.69741819e+02, -9.05657956e-02, -1.31000118e+02, -2.64440632e+00]), array([-1.69780667e+02,  1.20244746e-01, -1.33616562e+02, -1.16235903e+00]), array([-1.69628831e+02,  3.77949949e-01, -1.34739625e+02,  1.63528114e-01]), array([-169.23469845,    0.48761392, -134.63583579,    1.21164822]), array([-168.78416444,    0.62044146, -133.41040339,    1.93819392]), array([-168.13309728,    0.63553612, -131.50809324,    2.5628865 ]), array([-167.46648238,    0.69543065, -128.87430738,    3.03552089]), array([-166.73266415,    0.74544032, -125.85168671,    3.44555357]), array([-165.91920648,    0.79174988, -122.48058213,    3.76040941]), array([-165.14665271,    0.83697732, -118.7914013 ,    4.01164059]), array([-164.25634975,    0.84357952, -114.80749144,    4.20589265]), array([-163.35408212,    0.82936696, -110.65571217,    4.37614311]), array([-162.52020477,    0.66687058, -106.36937547,    4.48569753]), array([-161.89136833,    0.57468704, -101.86756359,    4.54149714]), array([-161.2298822 ,    0.52876567,  -97.30397575,    4.64412348]), array([-160.63048015,    0.94150251,  -92.73181183,    4.67519763]), array([-159.68777425,    1.27441089,  -88.08800155,    4.72960964]), array([-158.42322319,    1.94394842,  -83.33121343,    4.81384567]), array([-156.52214982,    2.40454995,  -78.59864598,    4.78249063]), array([-154.16607758,    2.83410758,  -73.8243524 ,    4.83401191]), array([-151.24012121,    2.72479958,  -68.93941526,    4.93290569]), array([-148.53677937,    2.60413183,  -64.04987215,    4.88892591]), array([-145.84219687,    2.5969902 ,  -59.21076415,    4.9101089 ]), array([-143.23060904,    2.52353795,  -54.26876808,    4.87407231]), array([-140.71122572,    2.56861731,  -49.36867211,    4.91798717]), array([-138.10386785,    2.73115523,  -44.56989879,    4.97304533]), array([-135.45338993,    2.76917046,  -39.51215843,    5.14982844]), array([-132.61598211,    2.83848479,  -34.34065188,    5.12186515]), array([-129.7537367 ,    2.84384695,  -29.25250858,    5.11725378]), array([-126.92460635,    3.29467927,  -24.08171941,    4.977579  ]), array([-123.64110054,    3.62565608,  -19.06112013,    4.86245839]), array([-119.92233923,    3.45870551,  -14.17952899,    4.92777294]), array([-116.43494766,    3.20223028,   -9.29056287,    4.87103451]), array([-113.27597801,    2.924583  ,   -4.48158717,    4.95102146]), array([-110.271161  ,    2.66100435,    0.4530577 ,    4.91501914]), array([-107.62194431,    2.3939267 ,    5.36032858,    4.91301559]), array([-105.19873094,    2.15962119,   10.22172631,    4.91735583]), array([-102.98619619,    1.94275734,   15.12806713,    4.93482209]), array([-101.08358595,    1.7288779 ,   20.07053395,    4.95980726]), array([-99.40477364,   2.08706772,  25.04087859,   4.89927487]), array([-97.36866107,   2.57109351,  30.0021006 ,   4.93754042]), array([-94.82726914,   3.09554586,  34.89348929,   4.90019885]), array([-91.69983337,   3.4566394 ,  39.78366054,   4.90512322]), array([-88.26680073,   3.7830213 ,  44.68760669,   4.87447877]), array([-84.49526724,   4.03671891,  49.48121134,   4.80315804]), array([-80.49910488,   4.20475703,  54.22151864,   4.58293025]), array([-76.334479  ,   4.37824433,  58.75145872,   4.30200005]), array([-72.05237306,   4.56864397,  63.07736415,   3.79993688]), array([-67.50226718,   4.66390966,  66.92162387,   2.88635759]), array([-62.78795401,   4.72440881,  69.91603896,   2.00609805]), array([-58.03929974,   4.71476894,  71.94429637,   1.26378713]), array([-53.34599383,   4.75131922,  73.13654389,   0.57310319]), array([-48.59765354,   4.78631027,  73.71840863,  -0.17392998]), array([-43.85036943,   4.84107883,  73.58064014,  -0.86088369]), array([-38.94738986,   4.41065922,  72.68766041,  -1.71906637]), array([-34.54058434,   3.92207715,  70.92475259,  -2.4040101 ]), array([-30.58898532,   3.50770619,  68.52045038,  -2.97098158]), array([-27.13062555,   3.08561499,  65.56643509,  -3.30222733]), array([-24.04043281,   2.86385432,  62.29497336,  -3.67016272]), array([-21.15832289,   2.68675929,  58.72542187,  -3.89103952]), array([-18.39739204,   2.4772698 ,  54.80291373,  -4.15966087]), array([-15.88661515,   2.28782904,  50.57834708,  -4.26557435]), array([-13.64825273,   2.15958157,  46.324186  ,  -4.42604765]), array([-11.49624607,   1.97657408,  41.92434424,  -4.58098002]), array([-9.62157788,  1.87882764, 37.2527994 , -4.65379307]), array([-7.75473624,  1.82210286, 32.5856904 , -4.6810613 ]), array([-5.84714432,  1.65285425, 27.98929023, -4.80559739]), array([-4.19761073,  1.58025101, 23.19916336, -4.87271749]), array([-2.64948814,  1.43956894, 18.30948883, -4.91774878]), array([-1.17110853,  1.28787914, 13.37263417, -4.97093521]), array([ 0.08957729,  1.21789841,  8.37071019, -4.98592902]), array([-0.03669619,  0.03921249,  0.00723011,  0.01306354]), array([ 0.0276123 , -0.02674098,  0.02068886, -0.01367575]), array([-0.02766365,  0.07777163,  0.00514787,  0.03318101]), array([-0.01648261,  0.00280575, -0.0895673 , -0.06498893]), array([ 0.0180552 , -0.00629038, -0.1028297 ,  0.04922853]), array([0.0216865 , 0.00299696, 0.01409622, 0.00811271]), array([ 0.01746172, -0.04526938,  0.01853824, -0.12909644]), array([-0.03628051, -0.06917974, -0.04994331, -0.01526193]), array([-0.01948136,  0.02525126, -0.11465062,  0.02544309]), array([ 0.05111795, -0.0869963 ,  0.02243388,  0.0428028 ]), array([-0.01282847,  0.02377369, -0.0430944 ,  0.05032139]), array([-0.04288016,  0.00175172, -0.02422726,  0.00744717]), array([-0.02942864,  0.00931291, -0.02405974, -0.08643098]), array([-0.00067669,  0.01397162, -0.01724668,  0.03982582]), array([ 0.00274079, -0.04487013, -0.01570271, -0.02955873]), array([ 0.01835939,  0.05063883, -0.03645587,  0.01497695]), array([ 0.0785403 , -0.02696638, -0.06999359,  0.03220037]), array([0.01875059, 0.05535038, 0.01434484, 0.02720748]), array([ 0.01935325,  0.02508087, -0.01215939, -0.03543263]), array([ 0.12311918,  0.03328837,  0.00285857, -0.10109731]), array([0.01101203, 0.02249315, 0.01032063, 0.05370176]), array([0.07350947, 0.06694248, 0.00640943, 0.02032409]), array([ 0.01988516, -0.07184331,  0.05085595,  0.04555385]), array([0.0276006 , 0.01353416, 0.00359159, 0.01595922]), array([ 0.04885437,  0.02316443, -0.02466755, -0.02359479]), array([ 0.068595  ,  0.00519828,  0.04000132, -0.01564552]), array([ 0.0279257 , -0.06131716, -0.10244765,  0.00112443]), array([-0.04476533, -0.08499773, -0.0394643 , -0.09193506]), array([ 0.01639861, -0.02193641,  0.04512314, -0.0713809 ])]

Actions: [array([0.21508987, 1.        ]), array([0.20592846, 1.        ]), array([0.1993584, 1.       ]), array([0.19294269, 1.        ]), array([0.18918543, 1.        ]), array([0.18389893, 1.        ]), array([0.18042363, 1.        ]), array([0.17661031, 1.        ]), array([0.17187467, 1.        ]), array([0.16860584, 1.        ]), array([0.1629102, 1.       ]), array([0.04143102, 1.        ]), array([0.02716763, 1.        ]), array([0.01496509, 1.        ]), array([0.45232171, 1.        ]), array([0.49422046, 1.        ]), array([0.89425208, 1.        ]), array([0.84229452, 1.        ]), array([0.88325249, 1.        ]), array([0.48400792, 1.        ]), array([0.47837233, 1.        ]), array([0.47452784, 1.        ]), array([0.47009869, 1.        ]), array([0.46670552, 1.        ]), array([0.59821696, 1.        ]), array([0.60229548, 1.        ]), array([0.60894582, 1.        ]), array([0.61468295, 1.        ]), array([1.       , 0.9965561]), array([1.        , 0.81791246]), array([0.50728276, 1.        ]), array([0.48380977, 1.        ]), array([0.35491341, 1.        ]), array([0.32966536, 1.        ]), array([0.30345832, 1.        ]), array([0.22790723, 1.        ]), array([0.20333581, 1.        ]), array([0.17834914, 1.        ]), array([0.62482934, 1.        ]), array([0.88912563, 1.        ]), array([0.94596699, 1.        ]), array([1.       , 0.9975043]), array([1.        , 0.94520977]), array([1.        , 0.79154285]), array([1.        , 0.73218318]), array([1.        , 0.66363008]), array([1.        , 0.35041521]), array([ 1.        , -0.14430007]), array([ 1.        , -0.22976411]), array([ 1.        , -0.31480393]), array([ 1.        , -0.39635727]), array([ 1.        , -0.55274642]), array([ 1.        , -0.64476102]), array([ 0.52859609, -1.        ]), array([ 0.44154728, -1.        ]), array([ 0.36114582, -1.        ]), array([ 0.29640824, -1.        ]), array([ 0.41098364, -1.        ]), array([ 0.38358912, -1.        ]), array([ 0.35843919, -1.        ]), array([ 0.33434326, -1.        ]), array([ 0.3132245, -1.       ]), array([ 0.29425481, -1.        ]), array([ 0.27447916, -1.        ]), array([ 0.25916361, -1.        ]), array([ 0.23983946, -1.        ]), array([ 0.21246854, -1.        ]), array([ 0.18681525, -1.        ]), array([ 0.15466129, -1.        ]), array([ 0.10636528, -1.        ])]
Bad
Feature: [19, 20, 5054.853533732252]

States: [array([-169.79475856,   -0.58716687, -129.90436259,   -0.26236367]), array([-170.39494969,    0.46443066, -130.16350987,    0.51730776]), array([-169.92572278,    1.40890473, -129.62599542,    1.18570363]), array([-168.44037511,    2.08535807, -128.4808496 ,    1.7065362 ]), array([-166.47108443,    2.69425921, -126.75997266,    2.0799999 ]), array([-163.75386721,    3.13497005, -124.59580093,    2.38915332]), array([-160.64175769,    3.5299657 , -122.21676462,    2.7313477 ]), array([-157.07089634,    3.81659751, -119.57408584,    2.86696726]), array([-153.23018007,    3.94004262, -116.77761798,    3.05963808]), array([-149.2825692 ,    4.1836632 , -113.69124386,    3.15197472]), array([-145.09984651,    4.33365937, -110.45534381,    3.27369982]), array([-140.72682036,    4.50896316, -107.1933422 ,    3.39220435]), array([-136.1782942 ,    4.6894801 , -103.77994278,    3.4683062 ]), array([-131.51534586,    4.9243228 , -100.30048107,    3.47110371]), array([-126.61549213,    5.01635643,  -96.80408018,    3.50450727]), array([-121.63413502,    4.99496078,  -93.22889932,    3.58791237]), array([-116.67468825,    5.07848943,  -89.59206796,    3.63733916]), array([-111.49230057,    5.02662995,  -86.00654149,    3.70529177]), array([-106.47587524,    5.03943031,  -82.28657131,    3.7043154 ]), array([-101.47786032,    5.03611472,  -78.61076109,    3.71154026]), array([-96.47373637,   5.02330533, -74.84654554,   3.65962818]), array([-91.50778198,   4.96509093, -71.19630934,   3.64601486]), array([-86.5303434 ,   4.97254015, -67.58381641,   3.68173791]), array([-81.52948308,   4.91479035, -63.93000192,   3.75599735]), array([-76.59116283,   4.99479514, -60.18623297,   3.84066992]), array([-71.60154446,   5.02199555, -56.35177551,   3.8887235 ]), array([-66.58702228,   5.07465118, -52.52137041,   3.90826453]), array([-61.52314979,   5.08125207, -48.57187034,   3.89662568]), array([-56.490295  ,   5.09256555, -44.68510929,   3.92436727]), array([-51.37960442,   5.10111115, -40.7813404 ,   3.86592123]), array([-46.34093089,   5.13317676, -36.83220425,   3.9071784 ]), array([-41.19669082,   5.09133857, -32.94078825,   3.9447134 ]), array([-36.07008536,   5.13554719, -28.95052847,   3.92321633]), array([-31.01507321,   5.13470227, -24.96986365,   3.90465639]), array([-25.98209602,   5.15008899, -21.03946409,   3.89689935]), array([-20.80745231,   5.15140425, -17.09961149,   4.04070668]), array([-15.7552235 ,   5.15864894, -13.02624028,   4.0807743 ]), array([-10.47845542,   5.05727419,  -8.91683574,   4.04257023]), array([-5.46333386,  5.013213  , -4.89300974,  4.05747465]), array([-0.00625156,  0.06392981,  0.00078791,  0.0198843 ]), array([-0.0916195 ,  0.0137368 , -0.02937099,  0.02677437]), array([-0.03416103,  0.02735088,  0.02216629,  0.00333029]), array([-0.05838989, -0.00653115, -0.02901999, -0.01995596]), array([ 0.03474613, -0.08688532, -0.04844225, -0.00040118]), array([ 0.01424862,  0.02354959, -0.00990891,  0.02850682]), array([-0.00760612, -0.03626777,  0.0014664 ,  0.02092896]), array([ 0.04611967, -0.07687088,  0.08572122, -0.0387804 ]), array([ 0.00581007, -0.02544877, -0.12363849,  0.00805116]), array([-0.0228054 ,  0.13397871, -0.06866535, -0.02858386]), array([ 0.08173623, -0.04137811, -0.06057219,  0.04468161]), array([ 0.03842651, -0.02559749,  0.10481057, -0.04159951]), array([-0.00530301, -0.03508305, -0.10403884,  0.00163837]), array([ 0.06996043,  0.00440182, -0.01399262,  0.02465102]), array([-0.12104132,  0.03121807, -0.06523603,  0.10887472]), array([ 0.00647767,  0.01364236,  0.05338199, -0.0127203 ]), array([0.04787183, 0.07898611, 0.0656398 , 0.02740617]), array([-0.0088003 , -0.07253706,  0.04264224,  0.07488388]), array([ 0.05581446,  0.04733675, -0.00682109,  0.00077067]), array([-0.03897622,  0.00295748,  0.02445422, -0.05643069]), array([-0.05168646, -0.01030073, -0.04026742, -0.02259373]), array([-2.25329473e-02, -5.33984526e-03,  5.86647347e-02,  2.08606178e-05]), array([ 0.04827428, -0.02360097, -0.00809817,  0.03027484]), array([ 0.0398781 , -0.01613618, -0.02493813, -0.00111099]), array([ 0.0587758 , -0.00360998,  0.05379123,  0.04372323]), array([ 0.05928101,  0.15727172, -0.00780418,  0.03805614]), array([ 0.07844952, -0.0872877 ,  0.0745095 , -0.02343431]), array([ 0.00757379, -0.10779107,  0.10387257, -0.01491149]), array([-0.00919553, -0.04593339, -0.05176305,  0.04877809]), array([-0.10498844,  0.05612307,  0.0503634 ,  0.03986769]), array([-0.02607702,  0.05916644,  0.10258115,  0.02262092]), array([0.03008273, 0.07125146, 0.0685255 , 0.0810938 ]), array([-0.0026021 , -0.00659928,  0.01438429, -0.03597065]), array([0.00183512, 0.03860203, 0.07494606, 0.03465806]), array([ 0.01946013, -0.02472705, -0.01733202, -0.02516304]), array([-0.03157851, -0.03385828, -0.04121038, -0.02443732]), array([ 0.02366483,  0.06132329, -0.00716324, -0.04228517]), array([-0.09077987, -0.03753137,  0.05819629,  0.00953996]), array([ 0.01421832,  0.03688588, -0.02225639,  0.08217502]), array([-0.05356194,  0.05114146, -0.06908906, -0.00265281]), array([ 0.01018871, -0.07349982, -0.03422916, -0.03418656]), array([ 0.00280263, -0.00089217,  0.01263362, -0.04283589]), array([ 0.01318101, -0.07695599, -0.09812502, -0.00206344]), array([-0.0139251 ,  0.01100266,  0.05063622, -0.02690591]), array([ 0.0617888 , -0.006479  ,  0.06625551, -0.03455587]), array([-0.01449339,  0.08332253, -0.01660305, -0.01767882]), array([-0.04660655,  0.10615189,  0.06254527, -0.01063272]), array([ 0.08691034, -0.08008736, -0.03845306,  0.07265686]), array([-0.03545035,  0.01645621, -0.0354942 , -0.02682225]), array([ 0.03270531, -0.05847578, -0.06244667, -0.02787889]), array([-0.02332435, -0.03835591,  0.02862698, -0.03425638]), array([0.03989268, 0.08690652, 0.0686008 , 0.01809126]), array([ 0.01019076, -0.03043646,  0.07165592,  0.07031015]), array([ 0.02426726,  0.04489874, -0.01710837, -0.00887833]), array([ 0.03204748,  0.02460503, -0.00493964,  0.00294453]), array([ 0.01458753,  0.00309767,  0.0055236 , -0.04776061]), array([ 0.00383064, -0.01419925,  0.04497274,  0.06713513]), array([ 0.00877392,  0.00502347, -0.00342718,  0.02312664]), array([-0.0758318 , -0.11301385,  0.03267417, -0.01152259]), array([ 0.00524366,  0.03550492, -0.04334874,  0.00836036]), array([ 0.05496655, -0.07765639, -0.01670087, -0.01759487])]

Actions: [array([1.        , 0.74436884]), array([1.        , 0.74327038]), array([1.        , 0.74216221]), array([1.        , 0.74190886]), array([1.        , 0.74035175]), array([1.        , 0.73942291]), array([1.        , 0.73893937]), array([1.        , 0.73891379]), array([1.        , 0.73918385]), array([1.        , 0.73805907]), array([1.        , 0.73703638]), array([1.        , 0.73676059]), array([1.        , 0.73630501]), array([1.        , 0.73595548]), array([1.        , 0.73681892]), array([1.        , 0.76686386]), array([1.        , 0.76828505]), array([1.        , 0.77182428]), array([1.        , 0.77324485]), array([1.        , 0.77509876]), array([1.        , 0.77628041]), array([1.        , 0.77850797]), array([1.        , 0.78152732]), array([1.        , 0.78463346]), array([1.        , 0.78633491]), array([1.        , 0.78757169]), array([1.        , 0.78934643]), array([1.        , 0.79011589]), array([1.        , 0.79169388]), array([1.        , 0.79444254]), array([1.       , 0.7955935]), array([1.        , 0.80043264]), array([1.        , 0.80353745]), array([1.        , 0.80612278]), array([1.        , 0.81092841]), array([1.        , 0.82301727]), array([1.        , 0.82825913]), array([1.        , 0.85225604])]