
Good
Feature: [0, 69, 8443.258835592462]

States: [array([-170.34441226,   -0.35862421, -131.10530806,   -0.94870262]), array([-1.70772602e+02, -1.22181534e-01, -1.32082538e+02,  2.35143808e-01]), array([-1.70822427e+02, -6.65007305e-02, -1.31859004e+02,  1.15475576e+00]), array([-1.70939696e+02,  3.34878150e-02, -1.30704689e+02,  1.97392858e+00]), array([-170.93343862,    0.20772325, -128.68398507,    2.58283555]), array([-170.61100097,    0.2780622 , -126.10825478,    3.09238194]), array([-170.37123431,    0.40878866, -123.03459416,    3.41785192]), array([-169.92789799,    0.51357606, -119.66489142,    3.73390455]), array([-169.36755121,    0.51813139, -115.86961001,    4.01937621]), array([-168.88622434,    0.53144624, -111.81625158,    4.29622736]), array([-168.41299423,    0.54980269, -107.48649741,    4.47074998]), array([-167.80185542,    0.58457731, -103.06877081,    4.57122415]), array([-167.28485759,    1.28416778,  -98.47655031,    4.65439131]), array([-166.00958556,    1.86295789,  -93.83455632,    4.81063777]), array([-164.19075197,    2.30024646,  -89.01793985,    4.89867912]), array([-161.92883357,    2.65438265,  -84.21871466,    4.86699747]), array([-159.32833538,    2.98311585,  -79.36480194,    4.91548692]), array([-156.38636108,    3.24994298,  -74.39106937,    5.04015053]), array([-153.14978689,    3.51640844,  -69.43824217,    5.00146414]), array([-149.58942472,    3.72147888,  -64.38506593,    5.01333538]), array([-145.8530075 ,    3.85105322,  -59.32530504,    4.97258984]), array([-141.9303062 ,    4.03529689,  -54.40443618,    3.86520521]), array([-137.94987584,    4.24069502,  -50.52101674,    2.84037128]), array([-133.75711064,    3.95611187,  -47.70345756,    3.27727784]), array([-129.81552795,    3.46051291,  -44.42815004,    3.59388597]), array([-126.39537282,    3.04493351,  -40.89821728,    3.87100934]), array([-123.28227458,    2.67009988,  -37.0043346 ,    4.11207359]), array([-120.53882853,    2.45180125,  -32.85071075,    4.33682943]), array([-118.10873017,    2.16852204,  -28.48323749,    4.50586511]), array([-115.91439586,    1.96810432,  -23.98876318,    4.52054404]), array([-113.92758651,    1.75750544,  -19.42525156,    4.61569352]), array([-112.26442293,    1.79893566,  -14.73804454,    4.73352686]), array([-110.46578645,    1.77902053,   -9.88580599,    4.79939949]), array([-108.70231346,    1.81474945,   -5.08909924,    4.81470566]), array([-106.90707852,    1.82886674,   -0.25891817,    4.85607534]), array([-105.09943117,    1.85481783,    4.53500696,    4.81160135]), array([-103.20193396,    1.82681303,    9.40361861,    4.7330531 ]), array([-101.31152421,    2.29491825,   14.17844467,    4.77286989]), array([-99.03797379,   2.79424841,  18.96661516,   4.80601295]), array([-96.31094709,   3.19818491,  23.73349469,   4.86271098]), array([-93.11084352,   3.550591  ,  28.52434348,   4.82597477]), array([-89.5562061 ,   3.90844357,  33.27909911,   4.74913784]), array([-85.60974205,   4.12032898,  37.96044964,   4.65032645]), array([-81.51059357,   4.27800942,  42.59980506,   4.62221823]), array([-77.23239284,   4.3861909 ,  47.25108851,   4.44762776]), array([-72.84294491,   4.43504888,  51.6596581 ,   4.30786555]), array([-68.4036796 ,   4.50108851,  56.03044456,   4.06843539]), array([-63.84604669,   4.66627067,  60.08839625,   3.79872974]), array([-59.07380795,   4.7662849 ,  63.88906973,   2.71092441]), array([-54.38446038,   4.83587156,  66.44654792,   1.77168105]), array([-49.51337772,   4.92247148,  68.18814694,   0.84224347]), array([-44.55112092,   4.83035647,  69.07297132,  -0.29823785]), array([-39.68803059,   4.5929474 ,  68.74334065,  -1.2501299 ]), array([-35.14889273,   4.19061424,  67.47719019,  -1.96452009]), array([-30.99979   ,   3.5893369 ,  65.54310336,  -2.54315316]), array([-27.42675878,   3.15392662,  62.96379283,  -2.97503801]), array([-24.25877603,   2.76367602,  60.00343097,  -3.40861705]), array([-21.52975837,   2.37064694,  56.62646949,  -3.68612226]), array([-19.19737246,   1.91847246,  52.94440146,  -3.99201713]), array([-17.32066984,   1.55958972,  48.95038704,  -4.29451831]), array([-15.81215703,   1.2649318 ,  44.6201053 ,  -4.44758026]), array([-14.58923386,   0.9741923 ,  40.09018375,  -4.62411622]), array([-13.65126636,   0.71468392,  35.44587973,  -4.59617238]), array([-12.89532164,   0.48596898,  30.86314902,  -4.69189143]), array([-12.42807089,   0.74007516,  26.16034584,  -4.82934416]), array([-11.68321616,   1.13204726,  21.29072082,  -4.79673443]), array([-10.59890001,   1.64359272,  16.53375226,  -4.88153356]), array([-9.01964191,  2.28848848, 11.6524602 , -4.8413376 ]), array([-6.73119284,  2.79547261,  6.81939433, -4.82283994]), array([-0.02745259,  0.03301943,  0.02037109,  0.05307497]), array([ 0.00380621,  0.03093112, -0.01247749,  0.02494761]), array([-0.04662089, -0.06190325,  0.13136292, -0.0260511 ]), array([ 0.02486075,  0.02639982,  0.03638839, -0.02835543]), array([0.04309674, 0.0105862 , 0.04093555, 0.10192823]), array([ 0.026913  , -0.00861103, -0.03639155, -0.02609571]), array([-0.00028054, -0.03008114, -0.08216131, -0.03681995]), array([-0.06966369, -0.01676455, -0.04200147,  0.10391837]), array([-0.11874902, -0.05696515, -0.03412166, -0.07506073]), array([-0.03364757, -0.00425244,  0.07181146,  0.03658104]), array([0.00358919, 0.10230616, 0.0498534 , 0.05883135]), array([ 0.02356393,  0.02089285,  0.06764928, -0.08623768]), array([ 0.06675542, -0.01357749,  0.0012929 , -0.0365005 ]), array([-0.01196847,  0.0927449 ,  0.10312094,  0.00971362]), array([-0.01427967,  0.00965183,  0.06500013, -0.00599044]), array([ 0.08092199, -0.08180989,  0.02585946,  0.10988213]), array([ 0.02772852, -0.04831568, -0.07352114,  0.01916515]), array([-0.05983815,  0.00632706, -0.00803648, -0.03880807]), array([ 0.04253387,  0.01044584, -0.01243341,  0.05095388]), array([ 0.05061562, -0.01236922,  0.0267214 , -0.03995522]), array([ 0.05008746,  0.04969551,  0.02804461, -0.03832605]), array([ 0.00304903, -0.0418912 , -0.01156621, -0.02582068]), array([ 0.02627073, -0.02930737,  0.00248226,  0.00817373]), array([ 0.08686222, -0.07257912, -0.06242025, -0.06041107]), array([-0.01115344,  0.06182521, -0.06765187, -0.02896884]), array([-0.05596694, -0.06138327,  0.07105427,  0.05802903]), array([-0.01638644, -0.03638241, -0.05242778, -0.06216189]), array([-0.01037116,  0.05283327, -0.00496138,  0.03701314]), array([-0.0043638 , -0.03088948,  0.11544849, -0.0598088 ]), array([-0.04747317, -0.03636148,  0.03727955,  0.00757447]), array([-0.02650883, -0.05213455,  0.00818045, -0.07506896])]

Actions: [array([0.10931733, 1.        ]), array([0.11397158, 1.        ]), array([0.11506572, 1.        ]), array([0.11876152, 1.        ]), array([0.12232177, 1.        ]), array([0.12220493, 1.        ]), array([0.12446913, 1.        ]), array([0.12404687, 1.        ]), array([0.12235186, 1.        ]), array([0.12265135, 1.        ]), array([0.12395211, 1.        ]), array([0.72643483, 1.        ]), array([0.76163489, 1.        ]), array([0.79159488, 1.        ]), array([0.81982813, 1.        ]), array([0.84523792, 1.        ]), array([0.86987569, 1.        ]), array([0.89460068, 1.        ]), array([0.9179961, 1.       ]), array([0.95673895, 1.        ]), array([ 1.        , -0.08257982]), array([ 1.        , -0.25626935]), array([0.58193906, 1.        ]), array([0.33169913, 1.        ]), array([0.305522, 1.      ]), array([0.28333459, 1.        ]), array([0.26356202, 1.        ]), array([0.24665107, 1.        ]), array([0.23212393, 1.        ]), array([0.21913692, 1.        ]), array([0.3598323, 1.       ]), array([0.36014902, 1.        ]), array([0.35941017, 1.        ]), array([0.35879676, 1.        ]), array([0.35775248, 1.        ]), array([0.35606102, 1.        ]), array([0.83004441, 1.        ]), array([0.97570082, 1.        ]), array([1.        , 0.97618214]), array([1.        , 0.93207681]), array([1.        , 0.89146541]), array([1.        , 0.85275376]), array([1.        , 0.81720671]), array([1.        , 0.77803812]), array([1.        , 0.73186109]), array([1.        , 0.68254585]), array([1.        , 0.61488063]), array([ 1.        , -0.32183488]), array([ 1.        , -0.45750092]), array([ 1.        , -0.59323905]), array([ 0.90202537, -1.        ]), array([ 0.65877887, -1.        ]), array([ 0.54209009, -1.        ]), array([ 0.31181937, -1.        ]), array([ 0.246721, -1.      ]), array([ 0.19012961, -1.        ]), array([ 0.1368898, -1.       ]), array([ 0.0871314, -1.       ]), array([ 0.06923449, -1.        ]), array([ 0.03222424, -1.        ]), array([-0.0029626, -1.       ]), array([-0.03892802, -1.        ]), array([-0.07655671, -1.        ]), array([ 0.4255194, -1.       ]), array([ 0.57093676, -1.        ]), array([ 0.68138669, -1.        ]), array([ 0.81472853, -1.        ]), array([ 1.        , -0.97371016])]
Bad
Feature: [19, 19, 4740.502801062601]

States: [array([-169.14149485,    0.98694912, -130.45947905,    0.56007548]), array([-168.18480803,    1.84242357, -129.85964731,    1.20014879]), array([-166.35109925,    2.46164429, -128.61327879,    1.73407224]), array([-163.91596731,    2.99586883, -126.83410266,    2.1511093 ]), array([-160.83541229,    3.44961818, -124.53030887,    2.54979425]), array([-157.3481935 ,    3.71381399, -122.04181814,    2.72096306]), array([-153.60560576,    3.81006366, -119.35950628,    3.00072512]), array([-149.78469109,    4.11088873, -116.3078128 ,    3.17148536]), array([-145.62807122,    4.24804635, -113.03989118,    3.29273426]), array([-141.38341134,    4.31013468, -109.77233961,    3.43391115]), array([-137.11877589,    4.41168399, -106.35348756,    3.54150353]), array([-132.63775485,    4.5473524 , -102.81071687,    3.57802013]), array([-128.01763935,    4.70493262,  -99.21789354,    3.57732794]), array([-123.37893366,    4.73558963,  -95.70259454,    3.70074326]), array([-118.66090465,    4.88928909,  -91.97259925,    3.68698585]), array([-113.74302574,    4.91508323,  -88.19864771,    3.75995821]), array([-108.77459658,    4.96351442,  -84.4202131 ,    3.69362341]), array([-103.79556045,    4.93755829,  -80.72442748,    3.73572708]), array([-98.87353342,   5.02012352, -77.027865  ,   3.68936308]), array([-94.0235683 ,   4.98592074, -73.33077207,   3.7970902 ]), array([-89.04094216,   4.98443285, -69.51837868,   3.77823022]), array([-84.02246338,   4.99437741, -65.72821274,   3.76268297]), array([-79.0271592 ,   5.0316299 , -61.94538227,   3.82812615]), array([-74.04209688,   5.0685656 , -58.07261689,   3.78669637]), array([-68.92271358,   4.91666654, -54.27906733,   3.78936485]), array([-64.03930323,   4.87589887, -50.5681709 ,   3.86955615]), array([-59.26923995,   4.9178016 , -46.71969092,   3.91847592]), array([-54.33725167,   4.96750583, -42.9439485 ,   3.9669665 ]), array([-49.43998254,   5.0180138 , -39.06084992,   3.97342955]), array([-44.46356667,   4.97253745, -35.04900337,   3.94898057]), array([-39.51351803,   5.0243491 , -31.10821003,   3.97485604]), array([-34.48078183,   5.0348472 , -27.13073491,   3.96832238]), array([-29.51635976,   4.92315941, -23.19798187,   4.05056215]), array([-24.51673315,   4.90866732, -19.15470557,   4.05855616]), array([-19.57980465,   4.85870089, -15.07736755,   4.03019655]), array([-14.79376147,   4.90864578, -11.0782329 ,   4.11275093]), array([-9.88270006,  4.88302013, -6.97307668,  4.07073232]), array([-4.93360667,  4.92686187, -2.9051727 ,  4.10430836]), array([ 0.01190329, -0.01561256,  0.07062489, -0.07659442]), array([ 0.071944  , -0.03373358, -0.08289002,  0.01689289]), array([-0.07547171,  0.00636089,  0.07089537,  0.06034891]), array([-1.53714463e-02,  1.13384101e-01,  9.22627896e-06, -1.08907550e-02]), array([-0.0420885 , -0.08067226,  0.02322902,  0.00813952]), array([-0.01331906,  0.06413929, -0.02377061,  0.03922646]), array([ 0.0141884 ,  0.05895601, -0.02320679,  0.04245133]), array([-0.02495367,  0.06142882,  0.0118068 , -0.04871212]), array([ 0.01167905, -0.07951063,  0.04863971,  0.01345257]), array([ 0.01663925,  0.10542445,  0.00625149, -0.04233527]), array([-0.06161395, -0.00622978, -0.01775072, -0.06935998]), array([-0.04307234, -0.01417308, -0.02205498, -0.04035195]), array([-0.05481824, -0.02986315, -0.02232655,  0.0897065 ]), array([-0.03262502,  0.04463342, -0.03406699,  0.02815176]), array([ 0.05660554, -0.08478144, -0.01824027,  0.03888574]), array([-0.04869474, -0.04815245,  0.03811801, -0.00674706]), array([ 0.00876274,  0.03675335,  0.06459622, -0.0009188 ]), array([-0.01910605,  0.01371282,  0.02153569, -0.02645179]), array([ 0.00235867, -0.06164797,  0.06697651,  0.04963879]), array([ 0.0023382 ,  0.04101191, -0.03317728, -0.01152168]), array([-0.04726435, -0.01594342, -0.03596079, -0.01285696]), array([ 3.26346795e-02, -6.54084784e-05,  6.35088224e-02, -2.56397079e-02]), array([-0.00845812,  0.00247439,  0.04272543, -0.0459072 ]), array([ 0.00394815, -0.03234638, -0.04696277, -0.04479842]), array([ 0.03943772,  0.03324767, -0.00584095, -0.01029243]), array([-0.00063818, -0.01852266, -0.01344108, -0.07681557]), array([ 0.03702615, -0.04567359,  0.04117909,  0.0533832 ]), array([ 0.1066797 ,  0.02531511, -0.06675784,  0.01417101]), array([-0.05405935,  0.11724995, -0.0026166 ,  0.04168923]), array([-0.14014325, -0.03592015,  0.02615739, -0.01178034]), array([-0.06701151,  0.02326298,  0.01473153,  0.09852811]), array([-0.03714185, -0.06783348,  0.04096783, -0.02131499]), array([-0.00056217, -0.04836133,  0.09962875,  0.07898315]), array([-0.02984923,  0.04828928, -0.00564014,  0.02269944]), array([-0.03055767, -0.03864058, -0.03372688, -0.03907144]), array([-0.07564784, -0.0309717 , -0.02702801,  0.0526974 ]), array([-0.03545881,  0.0454094 ,  0.0393746 , -0.03319192]), array([-0.11830959,  0.00929234, -0.02462469, -0.08582929]), array([ 0.01528293,  0.12524028, -0.04556373,  0.00214852]), array([-0.04757337, -0.02582743,  0.03029539,  0.00970418]), array([0.00336869, 0.05556889, 0.10018232, 0.00568539]), array([ 9.63210199e-03, -3.03587788e-02,  6.90424537e-05, -5.96859847e-03]), array([-0.05369926, -0.04306295, -0.01711216,  0.02383886]), array([-0.06958196,  0.05858431, -0.00641594, -0.05265878]), array([-0.03052022,  0.11858888, -0.04227656, -0.03106716]), array([-0.022333  , -0.01915367, -0.05219463, -0.08393717]), array([ 0.01571547, -0.01443429,  0.0677007 ,  0.0485731 ]), array([ 0.00761256, -0.05159944,  0.00509705, -0.05208876]), array([ 0.01172143, -0.00321096,  0.01567181,  0.00640287]), array([-0.00040888, -0.09876797, -0.02214313,  0.05950274]), array([ 0.05040809, -0.03717979,  0.06290781, -0.03816938]), array([-0.01515863, -0.0150964 ,  0.02409446,  0.0842403 ]), array([ 0.00391027,  0.04418541, -0.00136569, -0.00692684]), array([ 0.03088999, -0.12488599,  0.03552179, -0.11476929]), array([-0.02156291, -0.04962936, -0.02997382, -0.05519243]), array([-0.02474991,  0.01146485, -0.02598745, -0.04082032]), array([ 0.09650513, -0.00560734, -0.01674143, -0.02133626]), array([-0.05820581,  0.00226689,  0.00972643, -0.07738401]), array([ 0.0147646 , -0.14449581,  0.08053461, -0.01600919]), array([ 0.03366778, -0.03261416, -0.11329615, -0.05002732]), array([-0.00371211, -0.00043146,  0.00135574,  0.01388946]), array([ 0.02500869,  0.0535078 ,  0.05826249, -0.0765271 ])]

Actions: [array([1.       , 0.7743559]), array([1.        , 0.77518947]), array([1.        , 0.77623612]), array([1.        , 0.77690978]), array([1.        , 0.77746311]), array([1.        , 0.77886993]), array([1.        , 0.78037541]), array([1.        , 0.77991137]), array([1.        , 0.77973313]), array([1.        , 0.78002927]), array([1.        , 0.77936067]), array([1.        , 0.77898309]), array([1.        , 0.77903092]), array([1.        , 0.77982235]), array([1.        , 0.77939787]), array([1.        , 0.77991259]), array([1.        , 0.78079214]), array([1.        , 0.78262335]), array([1.        , 0.78418144]), array([1.        , 0.78529925]), array([1.        , 0.78641561]), array([1.        , 0.78825677]), array([1.        , 0.79019178]), array([1.       , 0.7910771]), array([1.      , 0.794745]), array([1.        , 0.79736353]), array([1.        , 0.79661614]), array([1.       , 0.7993865]), array([1.        , 0.80001586]), array([1.        , 0.79934125]), array([1.        , 0.79973632]), array([1.        , 0.80107386]), array([1.        , 0.80252198]), array([1.        , 0.80130593]), array([1.        , 0.79539441]), array([1.        , 0.78317546]), array([1.        , 0.75926718])]