
Good
Feature: [0, 75, 8489.560667526865]

States: [array([-1.69798547e+02,  9.42712874e-02, -1.28976431e+02,  9.64361075e-01]), array([-169.67341388,    0.19966531, -128.01637469,    1.76714843]), array([-169.40298248,    0.31318772, -126.26049624,    2.33644581]), array([-169.15041546,    0.32617409, -123.95355065,    2.80827155]), array([-168.74539821,    0.36750543, -121.17152633,    3.31985626]), array([-168.33973529,    0.54417706, -117.9016143 ,    3.63733163]), array([-167.79607994,    0.98379946, -114.34702012,    3.8944364 ]), array([-166.81454934,    1.17746252, -110.43592145,    4.11539044]), array([-165.65671013,    1.24064965, -106.26272528,    4.29604161]), array([-164.4362341 ,    1.48593979, -101.9662394 ,    4.35554942]), array([-162.92406699,    1.27609905,  -97.6545545 ,    4.48193557]), array([-161.59816186,    1.10231807,  -93.27932766,    4.55192501]), array([-160.51491298,    0.97440822,  -88.65360876,    4.67452892]), array([-159.54356546,    0.81732601,  -83.99628036,    4.73164616]), array([-158.74281455,    1.73627283,  -79.29771284,    4.48308916]), array([-156.95540879,    2.36729714,  -74.87552606,    4.13011452]), array([-154.66563337,    2.91787102,  -70.67200065,    2.98438413]), array([-151.71959175,    3.25125492,  -67.69223635,    2.08579656]), array([-148.44412747,    3.6136104 ,  -65.57694808,    1.25269302]), array([-144.81296854,    3.80778172,  -64.27546594,    2.05676757]), array([-141.11268029,    4.02846849,  -62.20376747,    2.57017878]), array([-137.12601291,    4.18650581,  -59.62481092,    2.61713118]), array([-132.9427533 ,    4.32688462,  -56.94129712,    2.91623791]), array([-128.55178673,    4.443313  ,  -53.96671776,    3.04466088]), array([-124.11187833,    4.60598216,  -50.88503705,    3.17332032]), array([-119.4971011 ,    4.66127998,  -47.67232488,    3.16957533]), array([-114.88605847,    4.78855685,  -44.54779793,    3.13660168]), array([-110.13907429,    4.859179  ,  -41.50634899,    3.06437417]), array([-105.2358777 ,    4.4469864 ,  -38.43080373,    3.48462585]), array([-100.73605074,    4.02767539,  -34.92685203,    3.77582866]), array([-96.72914843,   3.39229068, -31.1645833 ,   4.01890865]), array([-93.3053557 ,   2.90985932, -27.19558997,   4.29180687]), array([-90.27692557,   2.42942419, -22.90980501,   4.52264072]), array([-87.80384792,   1.96314763, -18.43621789,   4.5596876 ]), array([-85.7994658 ,   1.63424703, -13.90656209,   4.66608168]), array([-84.19010832,   1.2399769 ,  -9.11915861,   4.73265054]), array([-82.96245019,   0.9163965 ,  -4.31461328,   4.79712903]), array([-81.90843224,   0.61566438,   0.48300051,   4.870135  ]), array([-81.26214639,   0.40077267,   5.32432897,   4.92082992]), array([-80.90293295,   0.32312253,  10.2894385 ,   4.87163095]), array([-80.58838013,   0.1676453 ,  15.12747458,   4.91835364]), array([-80.40480793,   0.21064433,  20.04765144,   4.86542419]), array([-80.13910909,   0.17808379,  24.85312332,   4.89472211]), array([-79.96623108,   0.26577794,  29.7460623 ,   4.87466637]), array([-79.67931754,   0.38598214,  34.57513037,   4.98297728]), array([-79.33835993,   0.93863248,  39.58927731,   4.93489365]), array([-78.34776091,   1.46266466,  44.52256029,   4.95532651]), array([-76.93962362,   2.10923798,  49.47049325,   4.78636011]), array([-74.84079124,   2.64910591,  54.25475071,   4.35387496]), array([-72.17503022,   3.12893818,  58.56683878,   3.33837921]), array([-69.07135721,   3.51554918,  61.91282689,   1.84197867]), array([-65.42955923,   3.81194775,  63.76319767,   0.56576326]), array([-61.60770169,   4.05642139,  64.34976501,  -0.49740393]), array([-57.53071749,   4.26910515,  63.77518566,  -0.42031367]), array([-53.24203548,   4.32385534,  63.23959973,  -0.38750329]), array([-48.92080649,   4.47056057,  62.83760495,  -0.31389639]), array([-44.42762853,   4.68890124,  62.48979629,  -0.2723964 ]), array([-39.75280708,   4.77366546,  62.29372495,  -0.1930298 ]), array([-34.89227992,   4.8743694 ,  62.05688122,  -0.29727654]), array([-29.91761593,   4.93374061,  61.75500392,  -0.27862071]), array([-24.92034495,   4.69062587,  61.48770994,  -1.26373052]), array([-20.30585944,   4.34314892,  60.27774335,  -2.0851006 ]), array([-15.93572167,   3.73172362,  58.23024868,  -2.64852897]), array([-12.2449143 ,   3.04838419,  55.57564346,  -3.04492381]), array([-9.14523414,  2.44529344, 52.60120231, -3.38540062]), array([-6.73956454,  1.89033896, 49.19518722, -3.71457956]), array([-4.90500129,  1.36357949, 45.5718355 , -3.94332747]), array([-3.51824563,  1.0688656 , 41.57417952, -4.22790148]), array([-2.3700077 ,  0.70519213, 37.30828015, -4.331709  ]), array([-1.61427188,  0.61653169, 33.01868963, -4.46376125]), array([-1.05382296,  0.64382558, 28.4524253 , -4.55519247]), array([-0.35324867,  0.6062105 , 23.9305231 , -4.64098201]), array([ 0.2602175 ,  0.57925743, 19.28090543, -4.67790226]), array([ 0.76123506,  0.5092465 , 14.68625978, -4.90917449]), array([ 1.29974992,  0.37140369,  9.74161979, -4.88821574]), array([-0.02638059, -0.03267079, -0.04853837,  0.03414635]), array([-0.01198173, -0.12129179,  0.04834783, -0.01271442]), array([-0.00221276, -0.07638068, -0.03763431,  0.07526416]), array([-0.01734523,  0.06109933, -0.04823574,  0.06627853]), array([-0.02210277,  0.04423319, -0.06939607,  0.03610619]), array([ 0.1147066 , -0.03308786, -0.06927849,  0.05278297]), array([ 0.07138883,  0.01545964,  0.07398793, -0.03861902]), array([ 0.03499357, -0.0470406 , -0.04558638, -0.0407378 ]), array([ 0.02465692, -0.08714949, -0.00722631, -0.04881066]), array([-0.02736827,  0.06089954, -0.05993506,  0.01287923]), array([-0.04494665,  0.0485716 , -0.05443739,  0.0243816 ]), array([-0.02624763,  0.12206553, -0.08486906,  0.06071809]), array([0.03086656, 0.06274041, 0.03431221, 0.01508144]), array([ 0.00971176, -0.02211268, -0.05625396,  0.03184092]), array([-0.01737211,  0.0564106 , -0.02283463, -0.05370282]), array([ 0.02290999,  0.02815997, -0.07904348, -0.02110537]), array([ 0.06570815,  0.1411351 , -0.02552525,  0.04054471]), array([ 0.05454034,  0.02804938, -0.01370133,  0.00058184]), array([ 0.04740839, -0.01283663, -0.04708615,  0.00328109]), array([ 0.02815627, -0.05949426,  0.03098091,  0.00697408]), array([-0.00728842,  0.03582074, -0.00027472, -0.03932325]), array([ 0.01823712, -0.03904927, -0.00274547, -0.05189956]), array([0.06022304, 0.01932569, 0.05154608, 0.07652961]), array([-0.01683029,  0.00545003, -0.02939088,  0.00329431]), array([ 0.08132247,  0.05823804,  0.03285193, -0.01753077])]

Actions: [array([0.11316905, 1.        ]), array([0.10300141, 1.        ]), array([0.12560395, 1.        ]), array([0.08995297, 1.        ]), array([0.23055857, 1.        ]), array([0.43110667, 1.        ]), array([0.44883402, 1.        ]), array([0.46375567, 1.        ]), array([0.48005852, 1.        ]), array([0.13561053, 1.        ]), array([0.12093332, 1.        ]), array([0.10738586, 1.        ]), array([0.09656247, 1.        ]), array([1.       , 0.7025759]), array([1.        , 0.54824962]), array([ 1.        , -0.27945366]), array([ 1.        , -0.34003576]), array([ 1.        , -0.39174262]), array([1.        , 0.96797123]), array([1.        , 0.99084409]), array([1.        , 0.53193146]), array([1.        , 0.74128362]), array([1.        , 0.74672414]), array([1.        , 0.75093001]), array([1.        , 0.59682312]), array([1.        , 0.59020451]), array([1.        , 0.58397126]), array([0.51832603, 1.        ]), array([0.47949481, 1.        ]), array([0.20298333, 1.        ]), array([0.16782109, 1.        ]), array([0.0856141, 1.       ]), array([0.05669001, 1.        ]), array([0.0313372, 1.       ]), array([-0.01948428,  1.        ]), array([-0.01112638,  1.        ]), array([-0.0285751,  1.       ]), array([-0.04593211,  1.        ]), array([-0.05955111,  1.        ]), array([-0.07068537,  1.        ]), array([0.09254877, 1.        ]), array([0.09771274, 1.        ]), array([0.10197526, 1.        ]), array([0.10957045, 1.        ]), array([0.60146679, 1.        ]), array([0.68454695, 1.        ]), array([1.        , 0.69533902]), array([1.        , 0.53056519]), array([ 1.        , -0.13796856]), array([ 1.        , -0.84045918]), array([ 1.        , -0.93345313]), array([ 0.98002114, -1.        ]), array([ 1.        , -0.04565336]), array([ 1.        , -0.03991826]), array([ 1.        , -0.03417476]), array([ 1.        , -0.02987321]), array([1.        , 0.00672436]), array([ 1.        , -0.02446823]), array([ 1.        , -0.02185335]), array([ 0.66922389, -1.        ]), array([ 0.57997411, -1.        ]), array([ 0.23923874, -1.        ]), array([ 0.03929284, -1.        ]), array([-0.01437668, -1.        ]), array([-0.06359177, -1.        ]), array([-0.10697428, -1.        ]), array([-0.14608194, -1.        ]), array([-0.18338949, -1.        ]), array([ 0.06325011, -1.        ]), array([ 0.05471691, -1.        ]), array([ 0.04876705, -1.        ]), array([ 0.03869891, -1.        ]), array([ 0.02862403, -1.        ]), array([ 0.01901071, -1.        ])]
Bad
Feature: [19, 21, 5206.1249130919605]

States: [array([-170.601979  ,   -1.05291264, -129.84644181,   -0.93918868]), array([-1.71699326e+02,  1.74388084e-01, -1.30842135e+02,  9.11890081e-03]), array([-171.44523079,    1.16936782, -130.82596327,    0.77448613]), array([-170.32300692,    1.95380063, -130.0953116 ,    1.41301542]), array([-168.35636791,    2.61537647, -128.57708804,    1.82974569]), array([-165.74260275,    3.05429275, -126.79642126,    2.24556405]), array([-162.73691559,    3.40665828, -124.55240068,    2.63536877]), array([-159.33544039,    3.68772207, -121.98375774,    2.90658271]), array([-155.63689447,    3.97458243, -119.04033405,    3.06027949]), array([-151.65559133,    4.19109655, -116.03066378,    3.23919148]), array([-147.48143552,    4.39176891, -112.79770747,    3.37896513]), array([-143.07543661,    4.49561382, -109.43865785,    3.51601481]), array([-138.67698314,    4.62887265, -105.95399274,    3.56130052]), array([-134.11721339,    4.69343403, -102.40445451,    3.65337621]), array([-129.43642525,    4.73452229,  -98.80371966,    3.73319328]), array([-124.71315476,    4.76337549,  -94.96941955,    3.72552761]), array([-119.95241128,    4.79828363,  -91.28499109,    3.66030557]), array([-115.08169081,    4.82966802,  -87.67417293,    3.7541594 ]), array([-110.17234445,    4.93602993,  -83.83018701,    3.71138039]), array([-105.24309796,    4.89958917,  -80.03782517,    3.72530255]), array([-100.33240466,    4.95193391,  -76.36917629,    3.83700311]), array([-95.37781421,   4.93841114, -72.46911867,   3.75098031]), array([-90.38972592,   5.01980107, -68.78165995,   3.77327742]), array([-85.3063228 ,   5.05877981, -64.92056548,   3.74777995]), array([-80.24935051,   4.9865738 , -61.06809029,   3.80496567]), array([-75.23694956,   4.85400996, -57.23113564,   3.81256835]), array([-70.36264414,   4.91735054, -53.37763653,   3.83055983]), array([-65.42783638,   4.93667371, -49.48824172,   3.74141169]), array([-60.48533258,   4.93143409, -45.7334457 ,   3.79902924]), array([-55.60378562,   4.87279385, -41.93312484,   3.83029679]), array([-50.75497196,   4.90280848, -38.0927245 ,   3.90760955]), array([-45.87801277,   4.92091492, -34.19404226,   3.88747861]), array([-40.98142454,   4.98361654, -30.31027486,   3.93672984]), array([-36.09642989,   4.94596539, -26.3122996 ,   3.90081703]), array([-31.11041841,   4.89656634, -22.38032882,   3.82465148]), array([-26.24949561,   4.88120153, -18.53317608,   3.78636921]), array([-21.29907156,   4.9514645 , -14.71253706,   3.80151575]), array([-16.40005198,   4.99487321, -10.90155376,   3.78554992]), array([-11.41972761,   4.98486456,  -7.2387837 ,   3.77176653]), array([-6.4238665 ,  4.93717151, -3.42818273,  3.75488262]), array([-0.09208887,  0.05331999, -0.01589552, -0.04092494]), array([ 0.01930797, -0.05319277,  0.11018694,  0.06344424]), array([-0.05740364, -0.00361593, -0.06579129, -0.04918294]), array([ 0.0684697 , -0.08465613,  0.03387193,  0.00044473]), array([-0.03795553,  0.03556115,  0.1393099 ,  0.08308569]), array([-0.00913223, -0.08530659,  0.05450978, -0.04320326]), array([-0.01479454,  0.00519434,  0.06467855,  0.01333585]), array([ 0.03871242,  0.01262925, -0.02157297, -0.08268396]), array([-0.06016107,  0.01208892,  0.01174255, -0.13293883]), array([ 0.02460945, -0.06207889,  0.02347522, -0.04190254]), array([-0.04172693, -0.07274826, -0.05764587,  0.00232602]), array([ 0.02735641,  0.05534184, -0.07616911, -0.04517694]), array([ 0.00494029, -0.03456619, -0.05262255, -0.02791045]), array([ 0.01269266,  0.013515  , -0.02641227,  0.0927714 ]), array([-0.0403414 ,  0.03485009, -0.01352011, -0.02079934]), array([ 0.0474142 ,  0.02961603, -0.06103894,  0.01057075]), array([0.04542399, 0.01263171, 0.01279285, 0.02052314]), array([-0.01537441, -0.02035347,  0.0958273 , -0.03333093]), array([ 0.08076329, -0.00986346,  0.04482426,  0.02675541]), array([-0.01104442,  0.06621165,  0.0467166 , -0.03711908]), array([ 0.06778777, -0.06187044,  0.00036829,  0.05888551]), array([ 0.00176911,  0.02016503, -0.02872051,  0.00554378]), array([ 0.06028023, -0.07462147,  0.04010101,  0.03325556]), array([ 0.03411804, -0.08022335, -0.0900837 , -0.12335011]), array([ 0.09302506, -0.01660151, -0.05248225, -0.03518246]), array([-0.01892023,  0.04682474,  0.05048388, -0.01457214]), array([-0.00549266, -0.00670182, -0.07735276, -0.00600119]), array([ 0.01339958, -0.03353484,  0.02745375, -0.08094674]), array([0.07523571, 0.02680685, 0.11584577, 0.08744255]), array([0.01234359, 0.0473379 , 0.0359848 , 0.00257914]), array([ 0.02934389, -0.00103867,  0.07155651,  0.08102048]), array([-0.06249107,  0.01491386,  0.10809396, -0.05189957]), array([-0.05058826, -0.01369303, -0.15488711, -0.08333942]), array([ 0.00739268,  0.02613992, -0.03759703,  0.02297781]), array([-0.05189194,  0.02447792,  0.03259329,  0.05553402]), array([-0.05453288, -0.03356081, -0.0397641 , -0.03093384]), array([-0.0164914 ,  0.02424936, -0.02057619, -0.00029053]), array([-0.01022884, -0.01337922, -0.04324852,  0.011085  ]), array([ 0.01471537,  0.01172031, -0.00600819,  0.05815299]), array([0.06983277, 0.03930028, 0.01770486, 0.00784276]), array([-0.03705022,  0.03530182, -0.04175891,  0.01709583]), array([ 0.00306248, -0.01479702,  0.10785449, -0.00502221]), array([0.03807385, 0.08665117, 0.09592764, 0.02545352]), array([-0.04833096,  0.14339413,  0.00708606,  0.06861921]), array([ 0.01553763, -0.1209395 , -0.07491635,  0.00446394]), array([-0.10285331, -0.00780666, -0.04521739, -0.13624591]), array([-0.07803284,  0.02800438, -0.05765954, -0.02371372]), array([-0.01254445, -0.05719996,  0.02131604,  0.03473644]), array([-0.01961945, -0.02082942,  0.02840357, -0.00964194]), array([0.01340474, 0.05891352, 0.05478441, 0.03112617]), array([ 0.00632174,  0.04491557,  0.01154667, -0.0529647 ]), array([ 0.02310664, -0.12552735,  0.01767355,  0.03869331]), array([ 0.06108967, -0.00398805, -0.07134169,  0.06704009]), array([-0.04024286,  0.02006692, -0.07427112, -0.00687586]), array([ 0.08527301,  0.09606907, -0.06407263, -0.00148544]), array([ 0.04377251, -0.06104666, -0.01024202, -0.01307426]), array([0.08153251, 0.02493657, 0.07374242, 0.01563399]), array([-0.04472243,  0.01240787,  0.03395043, -0.01752993]), array([ 0.05384678, -0.09901178,  0.01967427,  0.01111941]), array([0.04384664, 0.02614684, 0.00367011, 0.02438787])]

Actions: [array([1.        , 0.76627984]), array([1.        , 0.76718513]), array([1.        , 0.76823202]), array([1.        , 0.76900707]), array([1.        , 0.76897209]), array([1.        , 0.77036098]), array([1.        , 0.77080185]), array([1.        , 0.77113731]), array([1.        , 0.77054785]), array([1.        , 0.77093279]), array([1.        , 0.77083086]), array([1.        , 0.77109233]), array([1.        , 0.77041801]), array([1.        , 0.77014364]), array([1.        , 0.77017583]), array([1.        , 0.76859109]), array([1.        , 0.76837843]), array([1.        , 0.76953002]), array([1.        , 0.76892633]), array([1.        , 0.76890592]), array([1.        , 0.76998184]), array([1.      , 0.769083]), array([1.        , 0.77074173]), array([1.       , 0.7714141]), array([1.        , 0.77202423]), array([1.       , 0.7724634]), array([1.        , 0.77119646]), array([1.        , 0.76990382]), array([1.        , 0.77074758]), array([1.        , 0.77005782]), array([1.        , 0.76793011]), array([1.        , 0.76453312]), array([1.        , 0.76105477]), array([1.       , 0.7531412]), array([1.        , 0.74733018]), array([1.        , 0.73894188]), array([1.        , 0.73105566]), array([1.        , 0.71644964]), array([1.      , 0.707635])]