
Good
Feature: [0, 76, 8881.911613454615]

States: [array([-170.73968382,   -1.60719106, -131.79984141,    0.78725381]), array([-172.28452888,   -1.1211426 , -131.03321762,    1.68543131]), array([-173.50406021,   -0.72616489, -129.31612793,    2.31332953]), array([-174.18740716,   -0.38420158, -126.96766772,    2.90730284]), array([-1.74515621e+02, -1.26064429e-01, -1.24102626e+02,  3.37602193e+00]), array([-174.57196882,    0.21483901, -120.7642766 ,    3.6779513 ]), array([-174.38338153,    0.36625541, -117.14199546,    3.87213383]), array([-173.98121897,    0.59779939, -113.23140375,    4.10013953]), array([-173.41684093,    0.78858791, -109.19551771,    4.35046906]), array([-172.65795007,    0.9320325 , -104.86203338,    4.41880249]), array([-171.7174699 ,    1.1067876 , -100.55218587,    4.5248447 ]), array([-170.56046542,    1.1507066 ,  -96.02665545,    4.70442463]), array([-169.5585991 ,    1.18462239,  -91.36055528,    4.77058324]), array([-168.3362716 ,    1.21453432,  -86.62516074,    4.82318549]), array([-167.0509848 ,    1.2388657 ,  -81.77335483,    4.82782839]), array([-165.85722789,    1.6654533 ,  -76.93711799,    4.79924931]), array([-164.14032716,    2.05088197,  -72.05068621,    4.86263574]), array([-162.14544841,    2.32674791,  -67.24658186,    4.89193095]), array([-159.79174345,    2.53736222,  -62.35170409,    4.97104277]), array([-157.18105112,    2.77160309,  -57.36743322,    4.93817793]), array([-154.38195979,    2.91130222,  -52.45359744,    4.95480116]), array([-151.44697643,    3.12969549,  -47.49063275,    4.99369812]), array([-148.32384165,    3.25883321,  -42.42334138,    4.9799388 ]), array([-145.11692807,    3.43297561,  -37.33643892,    4.99397712]), array([-141.68947252,    3.53493013,  -32.2700317 ,    4.99684207]), array([-138.2406288 ,    3.53910209,  -27.24314139,    5.02883396]), array([-134.73385219,    3.59908199,  -22.24126079,    4.9819335 ]), array([-131.12889561,    3.58424774,  -17.27535364,    4.93329034]), array([-127.5100354 ,    3.73182272,  -12.28292296,    4.88594294]), array([-123.83100598,    3.77056017,   -7.42708959,    4.90439953]), array([-120.05513674,    3.76740636,   -2.56573462,    4.93689806]), array([-116.36555813,    4.06773363,    2.31689488,    4.34882683]), array([-112.26855485,    4.24791792,    6.63350525,    2.57030724]), array([-108.06765496,    4.1808086 ,    9.16573067,    1.11454992]), array([-103.97187637,    4.0426584 ,   10.29059806,    1.81278819]), array([-99.90215491,   3.87160634,  12.18477776,   2.47534919]), array([-96.02828788,   3.69432357,  14.63735579,   2.96624628]), array([-92.21955197,   3.41197124,  17.63163338,   3.3631565 ]), array([-88.81886522,   3.10426371,  21.03015677,   3.69396667]), array([-85.67427308,   2.88915406,  24.75045749,   3.92964898]), array([-82.7424928 ,   2.66888008,  28.69468731,   4.09035331]), array([-80.10869768,   2.47455819,  32.7433777 ,   4.31238321]), array([-77.66825742,   2.29886564,  37.07458268,   4.45029781]), array([-75.35199255,   1.97750378,  41.60599789,   4.61893055]), array([-73.40741617,   1.63874807,  46.10453792,   4.66110271]), array([-71.72721097,   1.2857488 ,  50.74925832,   4.6470684 ]), array([-70.44526529,   1.08631933,  55.40147189,   4.68155113]), array([-69.38073345,   1.89732482,  60.02479446,   3.07230165]), array([-67.47754846,   2.5761133 ,  63.038773  ,   1.68092315]), array([-64.88130184,   3.069125  ,  64.72605073,   0.36516479]), array([-61.78363053,   3.47979231,  65.05014941,  -0.72226124]), array([-58.30164878,   3.69816269,  64.3163584 ,  -1.56746724]), array([-54.66102851,   3.8540239 ,  62.75673865,  -2.26483474]), array([-50.83157782,   4.11576306,  60.55589432,  -1.608376  ]), array([-46.6837833 ,   4.30941931,  58.89186686,  -0.96987356]), array([-42.40382466,   4.47052838,  57.92244819,  -0.32245196]), array([-37.91818905,   4.5897455 ,  57.66987079,   0.29844903]), array([-33.30956744,   4.65717319,  57.9213132 ,   0.88642731]), array([-28.68198915,   4.73373894,  58.79529704,   1.50931449]), array([-23.96196008,   4.12474912,  60.37275669,   0.16885492]), array([-19.89096791,   3.62193801,  60.56354077,  -0.90809249]), array([-16.28399571,   3.13381929,  59.70125551,  -1.66705416]), array([-13.13850556,   2.73303902,  58.11751746,  -2.21292813]), array([-10.39287966,   2.39000235,  55.90926539,  -2.81477577]), array([-8.01677494,  2.02970758, 53.05726712, -3.24916008]), array([-6.00090708,  1.71841298, 49.77858395, -3.6512841 ]), array([-4.24668174,  1.45605159, 45.99022099, -3.93128332]), array([-2.75504798,  1.1343762 , 42.03196246, -4.12466733]), array([-1.63262873,  0.89016304, 37.90977029, -4.25593146]), array([-0.72710939,  0.65133459, 33.60325591, -4.36815936]), array([-0.04094016,  0.44294844, 29.25130401, -4.50032466]), array([ 0.43814625,  0.35738318, 24.81167564, -4.48363336]), array([ 0.86654728,  0.17360508, 20.26435138, -4.56461755]), array([ 0.98184842,  0.06927472, 15.67323501, -4.6750293 ]), array([ 1.05873615, -0.0128917 , 10.97510256, -4.69207676]), array([ 1.02427099, -0.14257144,  6.22183557, -4.80404888]), array([-0.04074312, -0.04467402,  0.04404637,  0.04272095]), array([ 0.13529266, -0.04183448,  0.00668585, -0.01988206]), array([-0.00764045,  0.03971845, -0.05668833, -0.05961374]), array([-0.1047631 ,  0.04452583,  0.02808674, -0.05437626]), array([ 0.01488042, -0.00686676, -0.03117351,  0.06099035]), array([ 0.06690589,  0.06277354, -0.07195994, -0.00810135]), array([-0.06305794, -0.03617974, -0.04445717,  0.01909904]), array([0.11204303, 0.03753234, 0.03667166, 0.01513045]), array([ 0.05563708, -0.06315557, -0.02415937, -0.04542991]), array([-0.10882646, -0.04807941,  0.05272838,  0.02279518]), array([-0.04937477, -0.05545287,  0.00270418,  0.02491226]), array([-0.05407019,  0.05172038,  0.01793588,  0.04075453]), array([-0.03613483, -0.04733623, -0.02748435,  0.0068643 ]), array([-0.02833948,  0.03047954,  0.02295595, -0.03908172]), array([ 0.04686141, -0.00152536,  0.08576199,  0.05713256]), array([-0.08710491, -0.07188812, -0.00398856, -0.05537331]), array([-0.10507646, -0.09985508,  0.01186468, -0.02196957]), array([ 0.02771377, -0.04825288, -0.06034616, -0.04215168]), array([-0.05690872, -0.12199845, -0.02110336, -0.02853989]), array([-0.0298425 ,  0.02871667,  0.03472159, -0.05576071]), array([0.00500377, 0.02103637, 0.09710219, 0.02701033]), array([-0.01219192, -0.01568523,  0.04590461, -0.03379407]), array([-0.06565154, -0.05302044,  0.00821322, -0.05065176]), array([ 0.05340363, -0.04402177,  0.068178  ,  0.01721552])]

Actions: [array([0.17309578, 1.        ]), array([0.19204397, 1.        ]), array([0.2098896, 1.       ]), array([0.22381521, 1.        ]), array([0.23569539, 1.        ]), array([0.24646891, 1.        ]), array([0.25590317, 1.        ]), array([0.26436575, 1.        ]), array([0.27190107, 1.        ]), array([0.27862613, 1.        ]), array([0.28311099, 1.        ]), array([0.28543176, 1.        ]), array([0.2921854, 1.       ]), array([0.29584059, 1.        ]), array([0.67346301, 1.        ]), array([0.68851067, 1.        ]), array([0.70096978, 1.        ]), array([0.71174202, 1.        ]), array([0.72096574, 1.        ]), array([0.72932669, 1.        ]), array([0.73629362, 1.        ]), array([0.74297348, 1.        ]), array([0.74922803, 1.        ]), array([0.75542539, 1.        ]), array([0.75975036, 1.        ]), array([0.76398659, 1.        ]), array([0.76780354, 1.        ]), array([0.77048752, 1.        ]), array([0.7736305, 1.       ]), array([0.77477821, 1.        ]), array([1.        , 0.34338206]), array([ 1.        , -0.94848979]), array([ 0.83920867, -1.        ]), array([0.64834149, 1.        ]), array([0.58931236, 1.        ]), array([0.53574621, 1.        ]), array([0.48715643, 1.        ]), array([0.43986192, 1.        ]), array([0.39869205, 1.        ]), array([0.35966692, 1.        ]), array([0.32049273, 1.        ]), array([0.24404024, 1.        ]), array([0.20518359, 1.        ]), array([0.0020217, 1.       ]), array([-0.00580433,  1.        ]), array([0.06221388, 1.        ]), array([ 1.        , -0.64089432]), array([ 1.        , -0.85449736]), array([ 1.        , -0.92177705]), array([ 1.        , -0.98325421]), array([ 0.96477446, -1.        ]), array([ 0.92199959, -1.        ]), array([1.        , 0.27518619]), array([1.        , 0.35925403]), array([1.        , 0.45050156]), array([1.        , 0.54617156]), array([1.        , 0.65091469]), array([1.        , 0.78060019]), array([ 0.4277703, -1.       ]), array([ 0.34410361, -1.        ]), array([ 0.2801389, -1.       ]), array([ 0.22739643, -1.        ]), array([ 0.18263357, -1.        ]), array([ 0.12010493, -1.        ]), array([ 0.08612324, -1.        ]), array([ 0.05547676, -1.        ]), array([ 0.02621988, -1.        ]), array([-0.00220935, -1.        ]), array([-0.0275257, -1.       ]), array([-0.05288062, -1.        ]), array([-0.04476887, -1.        ]), array([-0.06454494, -1.        ]), array([-0.08882818, -1.        ]), array([-0.10963858, -1.        ]), array([-0.13860149, -1.        ])]
Bad
Feature: [19, 22, 5473.6755810391105]

States: [array([-170.18846968,   -2.30516979, -131.05115968,   -1.53193064]), array([-172.52228441,   -0.80977871, -132.55503969,   -0.53715568]), array([-173.41774316,    0.33340607, -132.9928191 ,    0.33065098]), array([-173.13179312,    1.31217237, -132.6742127 ,    1.01193009]), array([-171.78209599,    2.03593131, -131.72780966,    1.5965897 ]), array([-169.71333467,    2.68025435, -130.09254234,    2.1180508 ]), array([-167.02587459,    3.11147592, -128.00226106,    2.44821752]), array([-163.9249589 ,    3.47374076, -125.48739814,    2.66355791]), array([-160.4236054 ,    3.81542919, -122.80598319,    2.94808869]), array([-156.63158973,    4.14014902, -119.89427368,    3.1436373 ]), array([-152.51219903,    4.23594625, -116.76358996,    3.24324422]), array([-148.28029888,    4.47398567, -113.4954331 ,    3.34938885]), array([-143.77751991,    4.59732786, -110.07924369,    3.33839646]), array([-139.25842025,    4.69679648, -106.73580152,    3.46754629]), array([-134.56760784,    4.80725775, -103.37087245,    3.61126518]), array([-129.77258508,    4.84661783,  -99.86870525,    3.62528273]), array([-124.93715164,    4.86846055,  -96.24872218,    3.60823532]), array([-120.09611737,    4.91132408,  -92.72193089,    3.66258812]), array([-115.16036269,    4.9392179 ,  -89.00101918,    3.60783711]), array([-110.17264303,    4.87519121,  -85.40408506,    3.65677679]), array([-105.29826876,    4.91449926,  -81.64280562,    3.76814074]), array([-100.37871572,    4.99338854,  -77.9114412 ,    3.68520678]), array([-95.388733  ,   5.03895649, -74.21724897,   3.68090004]), array([-90.35514747,   5.05318749, -70.55883999,   3.7160559 ]), array([-85.27317494,   5.00668873, -66.79451442,   3.7331885 ]), array([-80.25338615,   4.94582032, -62.98732767,   3.70422071]), array([-75.32969987,   4.93207589, -59.33759392,   3.68069301]), array([-70.33255877,   4.94214551, -55.68570804,   3.71145697]), array([-65.36760819,   4.98182542, -52.03835411,   3.69652268]), array([-60.39173836,   4.9281845 , -48.34692568,   3.74869292]), array([-55.48408331,   4.92899802, -44.58084044,   3.70661925]), array([-50.48414136,   4.94823088, -40.8751352 ,   3.75491241]), array([-45.50996346,   4.99980583, -37.11936057,   3.8136648 ]), array([-40.40102616,   5.09452153, -33.29926293,   3.85563529]), array([-35.35634882,   5.10705274, -29.4461306 ,   3.85126491]), array([-30.17480816,   5.09163939, -25.58325023,   3.77793748]), array([-25.07515355,   4.96836019, -21.73871082,   3.87295071]), array([-20.11561398,   5.00557329, -17.88700488,   3.94656836]), array([-15.12007436,   5.02711957, -13.89595332,   3.94910116]), array([-10.06556605,   5.0003294 ,  -9.90481624,   3.82284429]), array([-5.12927657,  5.01788699, -6.00360428,  3.7460832 ]), array([ 0.00536188, -0.03645182, -0.00913781, -0.01841597]), array([-0.03177436,  0.024007  , -0.03547994, -0.08933635]), array([-0.00639984, -0.07355061,  0.07396582,  0.00191642]), array([-0.01677193, -0.00390851,  0.01534716,  0.00587532]), array([ 0.02318219, -0.01857467,  0.05174451,  0.03665595]), array([-0.05238424,  0.06413284, -0.02732737,  0.03922594]), array([-0.03559137,  0.04994155,  0.03725552, -0.0182972 ]), array([ 0.06426023, -0.08021086,  0.03299777, -0.05236261]), array([-0.03753249, -0.03678161, -0.03476121, -0.01741732]), array([0.02050975, 0.08381237, 0.06221309, 0.03496538]), array([-5.20776706e-02,  2.42776888e-05, -3.07663490e-02, -7.11705247e-02]), array([ 0.01870234,  0.01347563, -0.02909386,  0.05633179]), array([ 0.04717284, -0.03580781,  0.05534667,  0.02344426]), array([-0.00701555,  0.00670478,  0.08900859, -0.04020562]), array([-0.07910098,  0.02877455,  0.04121727,  0.04424563]), array([ 0.02437435, -0.06005335,  0.07463959, -0.02934437]), array([-0.02709457,  0.01744407, -0.07687057, -0.01545104]), array([-0.03069754,  0.02565907,  0.05378931,  0.01870411]), array([ 0.03609788,  0.01990888, -0.01033805, -0.03074565]), array([-0.00598644,  0.06075919, -0.01797849, -0.01381371]), array([-0.03122371, -0.00919342,  0.00396381, -0.08184638]), array([ 0.02525956,  0.04888249, -0.07494563, -0.04653398]), array([-0.02150758,  0.03258508, -0.0314178 , -0.00670709]), array([ 0.06738325,  0.03289759, -0.0799231 , -0.01403373]), array([ 0.02824834,  0.01352507, -0.03907119, -0.01123965]), array([ 0.03034072, -0.02323163,  0.02277456, -0.03029665]), array([ 0.05455701, -0.10048072, -0.05193022,  0.09784012]), array([-0.01386115, -0.03077942,  0.00528554,  0.05125288]), array([-0.06318887, -0.00947591,  0.02215566,  0.05374963]), array([-0.07171475, -0.00558   , -0.04988348, -0.05473773]), array([-0.01893838,  0.0531419 ,  0.08372637,  0.02256164]), array([-0.05844531,  0.02563352,  0.0203092 , -0.02415245]), array([0.02447807, 0.00726934, 0.0111739 , 0.02243142]), array([-0.02249556, -0.04262339,  0.08869766,  0.03233441]), array([ 0.02473435, -0.00573932, -0.06531443, -0.05216844]), array([-0.01097861,  0.06625143, -0.02651072,  0.01795489]), array([ 0.03237329, -0.0436561 ,  0.01519403, -0.0404493 ]), array([ 0.0224637 ,  0.05314196, -0.01352637, -0.06133485]), array([ 0.00314744, -0.06987959, -0.04776245, -0.04796478]), array([-0.01042285, -0.06269307, -0.00147579, -0.01825801]), array([-0.0239261 ,  0.00214069,  0.0090742 , -0.05274752]), array([ 0.04217838,  0.0253171 , -0.01926909, -0.00830982]), array([-0.03233868,  0.06561693,  0.084758  , -0.0843981 ]), array([ 0.03436272,  0.05756798, -0.00444417,  0.14823913]), array([-0.06715616, -0.02767176, -0.00213777,  0.08357736]), array([ 0.03955307, -0.08476985,  0.08945515, -0.07790177]), array([ 0.00140542,  0.08970426, -0.01370501,  0.08059232]), array([-0.00715843, -0.00347906, -0.12237631, -0.05446144]), array([-0.09668598, -0.0307745 ,  0.0360724 ,  0.03123079]), array([ 0.05318777,  0.03894923, -0.03588721,  0.02083136]), array([ 0.00383037, -0.01521174,  0.00096405,  0.09948438]), array([-0.00416284,  0.05199269, -0.02017334, -0.08462288]), array([-0.08842752,  0.0167289 , -0.01988626,  0.01455286]), array([ 0.00411896,  0.00877387,  0.03413582, -0.07045495]), array([ 0.01730365, -0.0053818 ,  0.03140127,  0.02930656]), array([-0.00198246,  0.03098789,  0.07129629, -0.00057257]), array([-0.01217241,  0.01482552,  0.00834808, -0.01824631]), array([-0.02399236,  0.04927608,  0.01174607, -0.05793876]), array([-0.04754328,  0.02325876, -0.04904171, -0.05234313])]

Actions: [array([1.       , 0.7570229]), array([1.        , 0.75549796]), array([1.        , 0.75412017]), array([1.        , 0.75352497]), array([1.        , 0.75393645]), array([1.       , 0.7534909]), array([1.        , 0.75309958]), array([1.        , 0.75200323]), array([1.        , 0.75170135]), array([1.        , 0.75130998]), array([1.        , 0.75107539]), array([1.        , 0.75047001]), array([1.        , 0.75021249]), array([1.        , 0.75054921]), array([1.        , 0.75170788]), array([1.        , 0.75249696]), array([1.        , 0.75264653]), array([1.       , 0.7536202]), array([1.        , 0.75360953]), array([1.        , 0.75508055]), array([1.        , 0.75431281]), array([1.        , 0.75410847]), array([1.        , 0.75483075]), array([1.        , 0.75639477]), array([1.        , 0.75733039]), array([1.        , 0.75726114]), array([1.        , 0.75830894]), array([1.        , 0.76026774]), array([1.        , 0.76221998]), array([1.        , 0.76390094]), array([1.        , 0.76359154]), array([1.        , 0.76582042]), array([1.        , 0.76700079]), array([1.        , 0.76944644]), array([1.        , 0.77025508]), array([1.        , 0.77452455]), array([1.        , 0.77874642]), array([1.        , 0.77927298]), array([1.        , 0.77271961]), array([1.        , 0.76411263])]