
Good
Feature: [13, 68, 8731.721151134523]

States: [array([-170.35627555,    1.63586092, -128.84681475,    1.53209539]), array([-168.73331084,    1.39894088, -127.32389424,    2.2496336 ]), array([-167.28573117,    1.34412711, -125.01440427,    2.80925961]), array([-165.93807871,    1.05034723, -122.20885021,    3.23955789]), array([-164.91138074,    0.97170795, -118.95042098,    3.6051679 ]), array([-163.98191968,    0.9038042 , -115.30742195,    3.91342603]), array([-163.08635902,    0.74967967, -111.46582851,    4.18087235]), array([-162.32588148,    0.66408303, -107.27941045,    4.314167  ]), array([-161.69503387,    0.50084326, -102.95799656,    4.4646729 ]), array([-161.22273224,    0.38220024,  -98.52798476,    4.60705263]), array([-160.82380988,    0.32749962,  -93.92039252,    4.75363185]), array([-160.54474948,    0.50523051,  -89.21904494,    4.80615422]), array([-160.02650637,    0.66190622,  -84.43853012,    4.8135413 ]), array([-159.36281392,    0.86314148,  -79.54657629,    4.93085111]), array([-158.49128072,    1.00875529,  -74.5849951 ,    4.9449978 ]), array([-157.46985844,    1.80461251,  -69.70236867,    4.45629866]), array([-155.69585632,    2.5021821 ,  -65.20443863,    4.05169413]), array([-153.13854689,    3.08979982,  -61.12443981,    3.62160135]), array([-149.99784714,    3.4305271 ,  -57.45654199,    3.13479124]), array([-146.50889908,    3.77281497,  -54.31424941,    2.7458545 ]), array([-142.76737803,    4.0106488 ,  -51.54147788,    2.37716919]), array([-138.78339455,    4.1800225 ,  -49.16993744,    2.26331589]), array([-134.53486831,    4.29843299,  -46.86553126,    1.80679433]), array([-130.2616551 ,    4.37894647,  -45.04064357,    1.50351327]), array([-125.96096692,    4.49030735,  -43.54087658,    1.40953147]), array([-121.32553858,    4.59507602,  -42.14327584,    1.37041361]), array([-116.77248242,    4.69777786,  -40.75746527,    1.26467807]), array([-112.08012992,    4.74253401,  -39.46506467,    1.33644918]), array([-107.31909233,    4.90640481,  -38.11140126,    1.36917804]), array([-102.43645753,    4.88532596,  -36.71914659,    1.46591385]), array([-97.53917172,   4.85285487, -35.29114531,   1.47000121]), array([-92.71326002,   4.86336047, -33.80786638,   1.47555518]), array([-87.86268875,   4.80688476, -32.39832347,   1.43130628]), array([-83.08645445,   4.82835225, -30.94636492,   1.31341772]), array([-78.16707079,   4.99897978, -29.64283318,   1.1893349 ]), array([-73.19849139,   3.89802104, -28.43865921,   1.92011165]), array([-69.29442424,   2.89350924, -26.54102624,   2.54422473]), array([-66.34502232,   1.91188064, -24.10024268,   3.03828844]), array([-64.39318454,   1.15978265, -21.10965455,   3.43063132]), array([-63.2439665 ,   0.55726951, -17.62435097,   3.76118148]), array([-6.26821546e+01,  5.08443192e-02, -1.38924956e+01,  4.01716346e+00]), array([-62.56347722,  -0.2462336 ,  -9.95313056,   4.25119824]), array([-62.77818396,  -0.63693819,  -5.72648877,   4.43160565]), array([-63.41374878,  -0.90043319,  -1.26423979,   4.54570267]), array([-64.29722388,  -1.0856506 ,   3.30337684,   4.6426931 ]), array([-65.30182844,  -1.25466795,   8.00608191,   4.77779817]), array([-66.5761705 ,  -1.41913642,  12.73838583,   4.75810835]), array([-68.05556998,  -1.55995309,  17.51789294,   4.79204157]), array([-69.58882124,  -1.08719055,  22.24810607,   4.92587658]), array([-70.71537315,  -0.67284394,  27.1565159 ,   4.8843476 ]), array([-71.35956411,  -0.25195948,  32.01039873,   4.84342397]), array([-71.56477672,   0.12254394,  36.78365542,   4.83276774]), array([-71.43171422,   0.45367847,  41.72254414,   4.85468385]), array([-70.93395469,   0.78522974,  46.62723646,   4.81179978]), array([-70.0782197 ,   0.99218688,  51.45949146,   4.88258708]), array([-69.02335423,   1.74225963,  56.3508535 ,   4.42928751]), array([-67.2993962 ,   2.37469154,  60.82479297,   3.76298495]), array([-64.87885554,   2.90773026,  64.5826739 ,   3.18182761]), array([-61.87197856,   3.36217712,  67.74467834,   2.61728513]), array([-58.62885734,   3.68137789,  70.40832071,   1.92512382]), array([-54.94181504,   3.96188544,  72.25164041,   1.25568816]), array([-50.92305199,   4.19205326,  73.4558893 ,   0.24060456]), array([-46.72079858,   4.34604021,  73.73734904,  -0.68516783]), array([-42.36566513,   4.41021911,  73.04912475,  -1.56746634]), array([-37.98421409,   4.2880624 ,  71.43598616,  -2.21143043]), array([-33.6919351 ,   4.05874647,  69.17474737,  -2.78294943]), array([-29.61715026,   3.76799301,  66.40652596,  -3.12801506]), array([-25.83732079,   3.5001212 ,  63.27462962,  -3.50564296]), array([-22.35142308,   3.19746891,  59.81675974,  -3.78650548]), array([-19.17234436,   2.85141298,  55.97883507,  -4.00226689]), array([-16.41834838,   2.60959158,  51.93594334,  -4.21024943]), array([-13.91631752,   2.37780826,  47.71713479,  -4.27050201]), array([-11.56032383,   2.22805547,  43.44070143,  -4.35109796]), array([-9.3185692 ,  1.97867667, 39.10376755, -4.42136248]), array([-7.33464646,  1.7736738 , 34.6500285 , -4.47982712]), array([-5.50843564,  1.51831636, 30.1575697 , -4.59931449]), array([-3.96023814,  1.30607006, 25.53487872, -4.58691096]), array([-2.60754084,  1.1233214 , 21.06285755, -4.71944341]), array([-1.46605401,  0.89916256, 16.43623805, -4.6956037 ]), array([-0.50928585,  0.60530385, 11.6761304 , -4.72095087]), array([ 0.0769784 ,  0.39255566,  6.90937107, -4.8697326 ]), array([-0.02121416, -0.06531484,  0.06627958, -0.00287498]), array([-0.05267268,  0.01395332,  0.11301878, -0.00605242]), array([-0.03988211, -0.01094522,  0.1081182 , -0.0731558 ]), array([0.0406803 , 0.0321494 , 0.0049941 , 0.02749632]), array([ 0.00686808,  0.08297268,  0.03858027, -0.10672611]), array([-0.0376274 ,  0.03643073, -0.03995828,  0.04169366]), array([-0.0369452 ,  0.01189872, -0.04195149, -0.01408235]), array([-0.051897  ,  0.04998225, -0.08160954, -0.03135222]), array([-0.08876046,  0.00540749,  0.01674864,  0.03794844]), array([ 0.025592  , -0.02569859, -0.0182753 , -0.02668031]), array([-0.08751749,  0.06291183, -0.03532472,  0.12166064]), array([ 0.09095572,  0.06299464, -0.0375813 ,  0.01850061]), array([ 0.01231641,  0.03686319,  0.03244844, -0.02252698]), array([ 0.00485573,  0.04442072, -0.0341791 , -0.02699634]), array([-0.02361772,  0.05296437,  0.00024857,  0.06664615]), array([ 0.03235507,  0.03922968,  0.05384434, -0.09702458]), array([ 0.02726422,  0.03433226,  0.00989803, -0.01453353]), array([ 0.04136067, -0.00047806, -0.00287662, -0.059705  ]), array([ 0.01746919, -0.13595648, -0.04241557, -0.04489412])]

Actions: [array([0.14680266, 1.        ]), array([0.1160725, 1.       ]), array([0.08878711, 1.        ]), array([0.06161071, 1.        ]), array([0.04565006, 1.        ]), array([0.03105023, 1.        ]), array([0.0150214, 1.       ]), array([-7.45631325e-04,  1.00000000e+00]), array([-0.01662824,  1.        ]), array([-0.03201088,  1.        ]), array([0.18756594, 1.        ]), array([0.26051832, 1.        ]), array([0.28863004, 1.        ]), array([0.32430427, 1.        ]), array([1.       , 0.5397206]), array([1.        , 0.44387667]), array([1.        , 0.35841618]), array([1.       , 0.2809959]), array([1.        , 0.23959576]), array([1.        , 0.18721319]), array([1.        , 0.30202238]), array([1.        , 0.07434275]), array([1.        , 0.04198225]), array([1.        , 0.27093163]), array([1.       , 0.2647937]), array([1.        , 0.26138173]), array([1.        , 0.25706308]), array([1.        , 0.25494216]), array([1.        , 0.25104241]), array([1.        , 0.24566861]), array([1.        , 0.23704795]), array([1.        , 0.22108934]), array([1.       , 0.2005463]), array([1.        , 0.15807882]), array([0.00194303, 1.        ]), array([-0.30583387,  1.        ]), array([-0.35650233,  1.        ]), array([-0.40088237,  1.        ]), array([-0.43880896,  1.        ]), array([-0.47246453,  1.        ]), array([-0.34342361,  1.        ]), array([-0.3629172,  1.       ]), array([-0.38142932,  1.        ]), array([-0.39739441,  1.        ]), array([-0.41236525,  1.        ]), array([-0.42861127,  1.        ]), array([-0.44289186,  1.        ]), array([0.18041408, 1.        ]), array([0.22389088, 1.        ]), array([0.26841304, 1.        ]), array([0.31155354, 1.        ]), array([0.35348543, 1.        ]), array([0.39901757, 1.        ]), array([0.44683894, 1.        ]), array([1.        , 0.46611263]), array([1.        , 0.31515095]), array([1.        , 0.17180375]), array([1.        , 0.03812188]), array([ 1.        , -0.10043966]), array([ 1.        , -0.25987477]), array([ 1.        , -0.70134717]), array([ 1.        , -0.86452467]), array([ 0.94703026, -1.        ]), array([ 0.76988892, -1.        ]), array([ 0.6071619, -1.       ]), array([ 0.43575749, -1.        ]), array([ 0.4321885, -1.       ]), array([ 0.39416551, -1.        ]), array([ 0.35899008, -1.        ]), array([ 0.32711683, -1.        ]), array([ 0.29983548, -1.        ]), array([ 0.27419798, -1.        ]), array([ 0.247288, -1.      ]), array([ 0.14939898, -1.        ]), array([ 0.11537847, -1.        ]), array([ 0.07720866, -1.        ]), array([ 0.03701957, -1.        ]), array([-0.01014551, -1.        ]), array([-0.0679951, -1.       ]), array([-0.14912099, -1.        ])]
Bad
Feature: [18, 21, 4960.328334749265]

States: [array([-168.77135782,   -0.57956278, -130.29536904,    0.23852463]), array([-169.40922891,    0.57502495, -130.01390276,    0.89321749]), array([-168.81598258,    1.43411299, -129.07998879,    1.55510559]), array([-167.37293905,    2.18655577, -127.57386877,    2.07094946]), array([-165.16418373,    2.83803404, -125.59549985,    2.41725053]), array([-162.37050445,    3.31768407, -123.16761695,    2.75094764]), array([-158.95403579,    3.66491969, -120.48034564,    2.95249135]), array([-155.2598229 ,    3.97427095, -117.543661  ,    3.07530723]), array([-151.31672645,    4.18099343, -114.46764409,    3.24190988]), array([-147.18123828,    4.38757293, -111.28437696,    3.35103655]), array([-142.81505545,    4.53771934, -107.93540819,    3.37879849]), array([-138.17486173,    4.66922201, -104.54950827,    3.45668751]), array([-133.52685145,    4.69256607, -101.11459616,    3.54967848]), array([-128.83556879,    4.68122343,  -97.57836297,    3.56238503]), array([-124.0514569 ,    4.78501458,  -94.02282909,    3.59528321]), array([-119.21093498,    4.77514543,  -90.47367961,    3.67495877]), array([-114.40718431,    4.80128277,  -86.80055359,    3.7014031 ]), array([-109.58861491,    4.8183555 ,  -83.13866897,    3.8022177 ]), array([-104.74281602,    4.84615336,  -79.34846397,    3.76579468]), array([-99.89156694,   4.89022305, -75.57590132,   3.79939791]), array([-95.00034478,   4.84784259, -71.73109734,   3.8617978 ]), array([-90.12245229,   4.80731726, -67.88100509,   3.85313942]), array([-85.35129178,   4.84397698, -64.15763111,   3.78708585]), array([-80.52779633,   4.86887514, -60.34661444,   3.84912296]), array([-75.55724509,   4.78361956, -56.41573157,   3.80360539]), array([-70.72008588,   4.8404973 , -52.68860301,   3.82317633]), array([-65.88653939,   4.86949267, -48.85603614,   3.82995275]), array([-61.08953566,   4.94226913, -44.99866395,   3.88749201]), array([-56.11512096,   4.87758361, -41.02220331,   3.88100847]), array([-51.18712852,   4.94752874, -37.18778305,   3.89524914]), array([-46.22927815,   5.01895675, -33.25900451,   3.82021236]), array([-41.23522253,   4.95615363, -29.44906733,   3.79251475]), array([-36.18714785,   4.94514102, -25.64798485,   3.7986478 ]), array([-31.24923034,   4.96528708, -21.81302215,   3.75294216]), array([-26.22353295,   4.97655569, -18.12542807,   3.66737812]), array([-21.24476045,   4.9287205 , -14.3478358 ,   3.68461816]), array([-16.35770065,   4.93079212, -10.76635908,   3.60048008]), array([-11.45514284,   4.92807076,  -7.14465113,   3.56136962]), array([-6.48817506,  4.90904929, -3.51293566,  3.59809479]), array([-0.09094533, -0.05457958,  0.00289107,  0.07283884]), array([ 0.04106516,  0.02596511, -0.00471758, -0.0055323 ]), array([-0.01188433,  0.06662205, -0.0248451 , -0.01690368]), array([-0.01903644,  0.00556402,  0.00157923, -0.00660389]), array([-0.08483754, -0.07515049, -0.0498625 ,  0.06513406]), array([0.02132981, 0.05866547, 0.01414755, 0.00231503]), array([ 0.00144681,  0.0357786 ,  0.12325452, -0.05184629]), array([-0.0394139 , -0.01035025,  0.07336499, -0.08941936]), array([ 0.09623934, -0.01925597,  0.05643419,  0.05071845]), array([-0.03343883,  0.01716321,  0.00559429,  0.02152511]), array([ 0.01074897,  0.0220749 , -0.11234456,  0.03642299]), array([ 0.01754603,  0.00953923, -0.00453234, -0.05495335]), array([-0.0239118 , -0.08636964, -0.06638318, -0.01788142]), array([ 0.02317344, -0.00213791,  0.01970151, -0.03645356]), array([ 0.01684851,  0.07045115,  0.0219789 , -0.06806535]), array([ 0.0116974 , -0.0077166 , -0.05753899, -0.03004775]), array([-0.02139232, -0.12340646, -0.00939262, -0.02007102]), array([ 0.07567727, -0.00099405,  0.10026007, -0.00412691]), array([-0.00591026, -0.08211962, -0.03732035,  0.11318086]), array([-0.03244648,  0.0271092 ,  0.05584766,  0.07200141]), array([-0.03411176,  0.03232942, -0.04381981,  0.01913402]), array([0.02945755, 0.00734918, 0.04176892, 0.06603562]), array([-0.02099894,  0.01456905, -0.07530518, -0.03572671]), array([-0.02017966,  0.04299988, -0.00435705,  0.00454281]), array([-0.00833586, -0.01431341,  0.02430742,  0.02125103]), array([-0.01018969, -0.00753003,  0.00589422, -0.03367418]), array([-0.03182501,  0.06550309,  0.0148063 ,  0.05252378]), array([ 0.00631969, -0.01824812,  0.03340342, -0.06968438]), array([-0.04220281,  0.09465731, -0.04607794, -0.08466653]), array([-0.00866983, -0.03511572,  0.00015724,  0.03966287]), array([0.09305104, 0.00942976, 0.03412007, 0.05413987]), array([ 0.00585439,  0.00788842, -0.00205451,  0.01815397]), array([-3.08643222e-05,  4.79649494e-02, -4.16166286e-02, -3.08920389e-02]), array([-0.00591059, -0.01385645, -0.01969061,  0.03266004]), array([ 0.04431328, -0.00607181,  0.03179311,  0.04741311]), array([-0.05953727,  0.01242806,  0.02489668, -0.02215631]), array([0.03114759, 0.03667383, 0.03506914, 0.03527194]), array([-0.08479313, -0.01798624,  0.00101373,  0.07971138]), array([ 0.02394541, -0.03633073,  0.03150025, -0.03111093]), array([-0.03357777,  0.02584965, -0.03667601,  0.09625061]), array([ 0.00776158, -0.00022184, -0.0220712 , -0.13287407]), array([-0.05064852, -0.03873718, -0.03761097,  0.12402784]), array([-0.1034517 , -0.04496235,  0.06010456, -0.07621397]), array([-0.03612265, -0.06042099, -0.08305143, -0.05053539]), array([ 0.02619275, -0.01521415,  0.01518877,  0.02850017]), array([-0.03832638,  0.02921792,  0.06420848, -0.03573527]), array([ 0.06911083,  0.05717931, -0.0252885 , -0.04736733]), array([ 0.0095383 , -0.02613106, -0.08703015, -0.11593674]), array([-0.06466769,  0.03164241,  0.07503212, -0.07744059]), array([ 0.01616996, -0.06226651,  0.04150489, -0.01395116]), array([ 0.07222797, -0.02342092,  0.06836552,  0.04448578]), array([-0.00569953, -0.07362747, -0.00775252,  0.01308004]), array([ 0.01778686, -0.01349595,  0.03459014, -0.01607156]), array([-0.00988633,  0.03802252, -0.01946901, -0.10204416]), array([-0.03536297, -0.01391288, -0.10337392, -0.00977326]), array([ 0.00480911, -0.0441036 ,  0.00223983, -0.06697791]), array([-0.00480594, -0.00987583, -0.0147574 , -0.01047275]), array([ 0.05915175,  0.04667014, -0.05671397,  0.00295678]), array([-0.04054259, -0.05200157,  0.04083892, -0.00547047]), array([-0.06245359, -0.01831634,  0.09898851, -0.01952701]), array([-0.01828387, -0.04010412,  0.04127117,  0.00440815])]

Actions: [array([1.        , 0.77784368]), array([1.       , 0.7732935]), array([1.        , 0.77050349]), array([1.        , 0.76816879]), array([1.        , 0.76647865]), array([1.       , 0.7647297]), array([1.        , 0.76426477]), array([1.        , 0.76354179]), array([1.        , 0.76311447]), array([1.        , 0.76293006]), array([1.        , 0.76280619]), array([1.        , 0.76390644]), array([1.       , 0.7647636]), array([1.        , 0.76515867]), array([1.       , 0.7659956]), array([1.        , 0.76731014]), array([1.        , 0.76742093]), array([1.       , 0.7677449]), array([1.        , 0.76708723]), array([1.        , 0.76658191]), array([1.        , 0.76559445]), array([1.        , 0.76433259]), array([1.       , 0.7634503]), array([1.        , 0.76188339]), array([1.        , 0.76001572]), array([1.        , 0.75931208]), array([1.        , 0.75690186]), array([1.        , 0.75328241]), array([1.        , 0.74930162]), array([1.        , 0.74660856]), array([1.        , 0.74184747]), array([1.        , 0.73938745]), array([1.        , 0.73756683]), array([1.       , 0.7316746]), array([1.        , 0.73129867]), array([1.        , 0.72528977]), array([1.        , 0.72322013]), array([1.        , 0.71734395])]