
Good
Feature: [0, 72, 8598.533672022219]

States: [array([-169.39722133,    0.6879833 , -131.00770662,    0.67356641]), array([-168.73650944,    0.64773671, -130.36764123,    1.50324484]), array([-168.13085337,    0.50036871, -128.83722569,    2.23346888]), array([-167.53503147,    0.43527558, -126.55283943,    2.82436281]), array([-167.13595268,    0.34573918, -123.73596921,    3.17428523]), array([-166.7006088 ,    0.23629573, -120.46546653,    3.53350277]), array([-166.38688295,    0.177573  , -116.91104927,    3.86332778]), array([-1.66139606e+02,  9.89450249e-02, -1.12959041e+02,  4.06019799e+00]), array([-1.66021621e+02, -8.89664743e-03, -1.08872487e+02,  4.26727076e+00]), array([-1.66088018e+02, -7.43084292e-02, -1.04604877e+02,  4.42250006e+00]), array([-166.07114258,    0.32472175, -100.21552713,    4.55644869]), array([-165.68901261,    0.76516761,  -95.67196082,    4.67482224]), array([-164.90110253,    1.20520012,  -91.0604534 ,    4.74341312]), array([-163.68432608,    1.52181259,  -86.34837758,    4.81709078]), array([-162.1691276 ,    1.85616108,  -81.44028   ,    4.79715478]), array([-160.2966988 ,    2.15905437,  -76.60849488,    4.79726741]), array([-158.10062617,    2.40534388,  -71.82937927,    4.76889729]), array([-155.64909736,    2.81816667,  -67.05133572,    4.78581702]), array([-152.80200069,    3.30706348,  -62.21897948,    4.8324313 ]), array([-149.59948269,    3.63738458,  -57.3240321 ,    4.80349392]), array([-146.00722388,    3.94637051,  -52.59004137,    4.77406263]), array([-141.9900477 ,    4.12038189,  -47.97315834,    4.74188558]), array([-137.85318737,    4.38502304,  -43.16738605,    4.48511442]), array([-133.49401932,    4.53909179,  -38.68365948,    4.49090149]), array([-128.96351604,    4.55541196,  -34.12508515,    3.8729315 ]), array([-124.397905  ,    3.89137013,  -30.17952189,    4.1441731 ]), array([-120.56697258,    3.57383227,  -26.03924216,    4.29676943]), array([-117.07846646,    3.13953226,  -21.81679998,    4.44818347]), array([-113.95187431,    3.13235338,  -17.39161073,    4.60336887]), array([-110.78100554,    3.54826191,  -12.78986941,    4.56441317]), array([-107.25994571,    3.8087127 ,   -8.23557556,    4.52310359]), array([-103.44551004,    3.41365694,   -3.69977939,    4.61008044]), array([-99.96771875,   3.02116647,   0.92546593,   4.67113104]), array([-96.98777546,   2.56267168,   5.57991432,   4.79152395]), array([-94.5135433 ,   2.23952326,  10.32680622,   4.81740238]), array([-92.26872071,   1.90521432,  15.24335615,   4.91165531]), array([-90.34026847,   1.47888463,  20.17206019,   4.96609314]), array([-88.7701608 ,   1.0965474 ,  25.16056518,   4.95440018]), array([-87.69011409,   0.74990148,  30.16225037,   4.9598837 ]), array([-86.91001703,   0.44806172,  35.1223983 ,   4.97189259]), array([-86.5052309 ,   0.79158802,  40.02416623,   4.91057949]), array([-85.79068618,   1.00746046,  44.92100292,   4.85974115]), array([-84.7810349 ,   1.24049193,  49.78802127,   4.87300303]), array([-83.52761801,   1.52391095,  54.72119768,   4.9777547 ]), array([-82.00837148,   1.79646809,  59.72444009,   4.9962463 ]), array([-80.11905137,   2.3711812 ,  64.70915337,   4.04276569]), array([-77.69488847,   2.87277583,  68.7783843 ,   3.1498641 ]), array([-74.79640275,   3.31777649,  71.9450003 ,   2.40015428]), array([-71.4603554 ,   3.64194305,  74.37855032,   1.66456748]), array([-67.77959384,   3.99057283,  76.03182924,   1.01429241]), array([-63.81392532,   4.23263866,  77.06261968,   0.32458299]), array([-59.60586563,   4.34245879,  77.46642676,  -0.31281999]), array([-55.31246946,   4.51638637,  77.08309263,  -1.11075708]), array([-50.77073643,   4.55132059,  75.93815654,  -1.88364226]), array([-46.22710959,   4.42189117,  74.11650422,  -2.47221772]), array([-41.8152979 ,   4.25796112,  71.64174199,  -2.92229122]), array([-37.49088943,   3.92880228,  68.73162028,  -3.40183321]), array([-33.5794759 ,   4.19024445,  65.25497864,  -3.34430392]), array([-29.44357409,   4.28039798,  61.86223272,  -3.08617906]), array([-25.10756791,   4.48448742,  58.80117033,  -2.86488718]), array([-20.69684989,   4.40118742,  55.97499822,  -3.2090168 ]), array([-16.26763153,   3.7654258 ,  52.83355489,  -3.62568605]), array([-12.49440008,   3.10086957,  49.23624389,  -3.93247597]), array([-9.39929358,  2.57780931, 45.32645422, -4.16542069]), array([-6.81555832,  1.96534404, 41.19921056, -4.39678808]), array([-4.90431358,  1.28199335, 36.65691217, -4.59317059]), array([-3.63560626,  0.96847384, 32.00787834, -4.72604065]), array([-2.64114601,  0.70316063, 27.29920613, -4.81974623]), array([-1.9336843 ,  0.63630302, 22.51334243, -4.84706473]), array([-1.27995466,  0.56571679, 17.58834405, -4.87343206]), array([-0.74560148,  0.45785713, 12.64542478, -4.91357855]), array([-0.23782486,  0.48853572,  7.81215998, -4.95721091]), array([-0.04956018,  0.09310426,  0.03083316,  0.06123624]), array([-0.00629885,  0.00875303,  0.09317211,  0.05612862]), array([-0.0504788 ,  0.10506557, -0.0023123 ,  0.02291186]), array([-0.00353258,  0.02548172,  0.0816133 ,  0.07182657]), array([-0.00374627,  0.01994371, -0.06764691, -0.00708161]), array([-0.02033666,  0.04288025,  0.04814151,  0.07923114]), array([0.0304221 , 0.10165158, 0.00296575, 0.08604733]), array([-0.01114429,  0.00617621, -0.00722472,  0.08282524]), array([-0.04674467,  0.04008482,  0.0182236 ,  0.06880209]), array([ 0.08634448, -0.04628542, -0.06373672, -0.0461415 ]), array([-0.00418072,  0.03078391,  0.07497174, -0.0760966 ]), array([-0.00782674, -0.04312949, -0.05766295,  0.05093199]), array([0.00155702, 0.00199791, 0.00033079, 0.12351532]), array([ 0.01199476,  0.02442352,  0.01086232, -0.02138888]), array([-0.04445411, -0.04750186,  0.00221767,  0.05097214]), array([-0.00780118,  0.0969441 , -0.03946898,  0.11853157]), array([-0.03011932,  0.00046546,  0.07744415,  0.0097967 ]), array([-0.06144202,  0.01026225, -0.01263764,  0.10220678]), array([-0.04042894,  0.04249816,  0.00124689,  0.07245669]), array([ 0.01832377,  0.06453448, -0.0393592 ,  0.01972603]), array([-0.03357353, -0.01601367,  0.02203877, -0.00565874]), array([-0.05160107, -0.0124711 ,  0.04966553, -0.01853184]), array([ 0.12075839,  0.06193578, -0.00132654, -0.07002774]), array([-0.11526808,  0.03810428, -0.02506873,  0.04067105]), array([ 0.01108485,  0.04797903,  0.00972772, -0.01318571]), array([-0.07765524,  0.08389526, -0.08882149, -0.04973978]), array([ 0.06270018, -0.05856852, -0.03131672,  0.09971179]), array([ 0.04764845,  0.03065074,  0.00487426, -0.06554303])]

Actions: [array([-0.01276255,  1.        ]), array([0.02740954, 1.        ]), array([0.01665353, 1.        ]), array([0.00552561, 1.        ]), array([-0.00258124,  1.        ]), array([-0.01265883,  1.        ]), array([-0.02151997,  1.        ]), array([-0.03061714,  1.        ]), array([-0.03811018,  1.        ]), array([0.4739564, 1.       ]), array([0.50916442, 1.        ]), array([0.54488621, 1.        ]), array([0.5797643, 1.       ]), array([0.61362829, 1.        ]), array([0.65119874, 1.        ]), array([0.68759801, 1.        ]), array([0.93821451, 1.        ]), array([0.97848279, 1.        ]), array([1.        , 0.98065343]), array([1.        , 0.94014497]), array([1.        , 0.90598454]), array([1.        , 0.87860664]), array([1.        , 0.84150293]), array([1.       , 0.3093817]), array([0.30796349, 1.        ]), array([0.41916524, 1.        ]), array([0.37181373, 1.        ]), array([0.55114177, 1.        ]), array([1.        , 0.83310301]), array([1.        , 0.73643765]), array([0.3373845, 1.       ]), array([0.28677046, 1.        ]), array([0.23365336, 1.        ]), array([0.18086433, 1.        ]), array([0.10483856, 1.        ]), array([-0.05457462,  1.        ]), array([-0.09642532,  1.        ]), array([-0.13959056,  1.        ]), array([-0.18141531,  1.        ]), array([0.3587573, 1.       ]), array([0.40530545, 1.        ]), array([0.45782189, 1.        ]), array([0.52089806, 1.        ]), array([0.61239466, 1.        ]), array([1.        , 0.05055314]), array([ 1.        , -0.06471083]), array([ 1.        , -0.17038111]), array([ 1.        , -0.26905974]), array([ 1.        , -0.36773481]), array([ 1.        , -0.46770239]), array([ 1.        , -0.57820746]), array([ 1.        , -0.93960173]), array([ 0.93214385, -1.        ]), array([ 0.80919485, -1.        ]), array([ 0.69309064, -1.        ]), array([ 0.58056058, -1.        ]), array([ 1.       , -0.5242668]), array([ 1.        , -0.45609563]), array([ 1.        , -0.36633554]), array([ 0.78827888, -1.        ]), array([ 0.21161232, -1.        ]), array([ 0.11744553, -1.        ]), array([ 0.02533926, -1.        ]), array([-0.06693357, -1.        ]), array([-0.16784316, -1.        ]), array([-0.07010547, -1.        ]), array([-0.11425967, -1.        ]), array([ 0.10004637, -1.        ]), array([ 0.09269056, -1.        ]), array([ 0.08515117, -1.        ]), array([ 0.07980364, -1.        ])]
Bad
Feature: [18, 21, 4947.3223248506065]

States: [array([-1.73374203e+02,  7.47673566e-01, -1.29833784e+02, -2.12017806e-02]), array([-172.60348581,    1.61626667, -129.80998438,    0.68810915]), array([-171.11360654,    2.26674738, -129.14338959,    1.2698238 ]), array([-168.89147275,    2.86050425, -127.88052426,    1.73471643]), array([-165.99709461,    3.25416394, -126.12691525,    2.21440012]), array([-162.7370833 ,    3.59175621, -123.97319399,    2.56355424]), array([-159.12927996,    3.91192953, -121.43455657,    2.83476051]), array([-155.15391372,    4.0415568 , -118.57053729,    2.99157544]), array([-151.08288064,    4.2177034 , -115.56313539,    3.15134164]), array([-146.84335598,    4.44774259, -112.50311497,    3.28464837]), array([-142.44236024,    4.52768061, -109.22350059,    3.42968094]), array([-137.91793584,    4.67215967, -105.85421002,    3.46212668]), array([-133.23464738,    4.71490979, -102.43791967,    3.5280271 ]), array([-128.50834262,    4.80053165,  -98.92017578,    3.54638481]), array([-123.6383745 ,    4.84229666,  -95.29880321,    3.62432525]), array([-118.78614388,    4.87392692,  -91.72234719,    3.71235505]), array([-113.84901098,    4.97256818,  -88.03015513,    3.75101708]), array([-108.93358303,    4.97004406,  -84.249963  ,    3.84342343]), array([-103.99657915,    5.05881471,  -80.38667932,    3.94356595]), array([-98.98152944,   5.11076957, -76.49973986,   3.90183597]), array([-93.90443956,   5.10567169, -72.63225861,   3.80889454]), array([-88.78674604,   5.09234241, -68.8280361 ,   3.79797004]), array([-83.6069763 ,   5.00877621, -65.0043465 ,   3.80136127]), array([-78.52469623,   5.0298328 , -61.25349786,   3.87011908]), array([-73.44123627,   4.99764518, -57.36433048,   3.84051042]), array([-68.49461682,   5.06767897, -53.50497127,   3.91107091]), array([-63.36252046,   5.01079168, -49.5570514 ,   3.95830519]), array([-58.34381338,   4.94681018, -45.66338074,   3.99355514]), array([-53.35772564,   5.02561054, -41.63088443,   4.01663991]), array([-48.40419033,   4.97890102, -37.51702107,   4.0151704 ]), array([-43.45823246,   5.08147741, -33.49777579,   3.95569201]), array([-38.44694976,   4.94359451, -29.56641736,   3.98153847]), array([-33.4802895 ,   4.96597122, -25.63132881,   3.95444217]), array([-28.43062116,   4.96337562, -21.62260544,   3.96246789]), array([-23.44607843,   4.97559099, -17.69718517,   4.0112052 ]), array([-18.40396813,   4.95917514, -13.68450688,   4.00452258]), array([-13.44942597,   4.94328214,  -9.64701645,   4.0107715 ]), array([-8.41218507,  4.96673256, -5.54651864,  4.01109381]), array([-3.4423934 ,  4.96897691, -1.61429057,  3.91659381]), array([-0.09652062, -0.03263106, -0.00143404,  0.10271691]), array([-0.02314052, -0.02141731, -0.03061196, -0.0112623 ]), array([-0.08529116,  0.08724256,  0.05833359,  0.07057139]), array([ 0.02074365, -0.03941905, -0.04804714,  0.05016298]), array([0.04973075, 0.00591776, 0.01479728, 0.02450109]), array([ 0.0177389 , -0.04007422, -0.01671904,  0.03446835]), array([ 0.03827816, -0.11583056,  0.1388542 ,  0.01201487]), array([-0.10987504, -0.03944325, -0.02988662, -0.10601166]), array([ 4.38379425e-05, -1.85166085e-02,  1.66853721e-01,  6.01063954e-02]), array([-0.01579344, -0.00133157, -0.06843674,  0.00790512]), array([ 0.05392956,  0.06942798, -0.03901581,  0.04622542]), array([-0.06981999,  0.0906348 , -0.03513506,  0.01306974]), array([0.04594854, 0.07700774, 0.01829984, 0.01964382]), array([-0.08127349, -0.00335089,  0.03362714,  0.0308074 ]), array([-0.02578637, -0.02283032, -0.01969497, -0.0987558 ]), array([-0.02210536, -0.01307777,  0.01226018,  0.00698132]), array([-0.10367243,  0.02020879, -0.0041646 , -0.07004838]), array([ 0.01631258, -0.01158368, -0.08637663, -0.03007132]), array([-0.07239871,  0.10356506, -0.11386078,  0.00621616]), array([-0.05401531,  0.00786169, -0.03289474, -0.02897285]), array([ 0.01912737,  0.07040132, -0.03126586, -0.01751079]), array([ 0.03061135, -0.06690764, -0.02268413,  0.04532144]), array([ 0.04482266,  0.04775513, -0.01569774, -0.01601475]), array([-0.04086535, -0.03623776,  0.11968582,  0.08509118]), array([ 0.00696797,  0.04060294, -0.01664102, -0.05502652]), array([-0.01199808,  0.046126  ,  0.00586073, -0.01256103]), array([ 0.07372007, -0.02427192,  0.06734328, -0.05259964]), array([ 0.04390532, -0.01749083, -0.02433214,  0.05056141]), array([-0.04500885, -0.02434284,  0.01005684, -0.0432388 ]), array([ 0.07482498, -0.02266012,  0.08370075, -0.03093656]), array([-0.02345076,  0.0407322 ,  0.07916008,  0.01829469]), array([-0.01191111, -0.08645639, -0.0448008 , -0.01649669]), array([0.01213556, 0.02886504, 0.01111705, 0.04685455]), array([-0.05808815, -0.04096736, -0.00481786, -0.02473284]), array([ 0.12186037, -0.00356353, -0.01367535,  0.02787367]), array([ 0.05108607, -0.02569783,  0.05251502, -0.00323175]), array([-0.03100591, -0.01829853,  0.00148963,  0.08744327]), array([-0.04079533, -0.03919672, -0.00983843,  0.00480582]), array([ 0.02567963,  0.06972549, -0.01785765,  0.06311571]), array([-0.04411886,  0.01700813, -0.03938376,  0.09378419]), array([ 0.05562016,  0.11241033,  0.0177967 , -0.02314591]), array([ 0.00961558, -0.03195455,  0.00095482,  0.01012416]), array([0.06418314, 0.00021203, 0.08258658, 0.00107698]), array([ 0.03714459,  0.02329355, -0.04020634, -0.0532598 ]), array([-0.04041156, -0.05755184, -0.06748288,  0.0960962 ]), array([ 0.03025324,  0.0036303 ,  0.03442021, -0.02915356]), array([-0.04176953, -0.08201723,  0.01885042, -0.04545312]), array([-0.01436371,  0.03416995, -0.05747195, -0.03266616]), array([-0.02988416, -0.03550095, -0.03460119,  0.0669631 ]), array([ 0.10032291,  0.0673022 ,  0.01220911, -0.07976358]), array([0.00285888, 0.06210869, 0.02417673, 0.00134351]), array([-0.01462657, -0.03610854, -0.00365106, -0.06469423]), array([-0.00076705,  0.06950566, -0.03411194, -0.03158057]), array([-0.00515503,  0.07068507, -0.14287676, -0.00263289]), array([ 0.04477438, -0.13088022, -0.0488382 ,  0.06494233]), array([-0.05227393,  0.09162614,  0.05386574,  0.0460919 ]), array([0.06850268, 0.01370791, 0.07910616, 0.00481995]), array([-0.05487806,  0.00700772,  0.05652999,  0.01589387]), array([-0.01279887, -0.04013554,  0.0238151 ,  0.02055285]), array([0.11673662, 0.02634879, 0.01525316, 0.00734389]), array([ 0.04974734,  0.11695359,  0.04725283, -0.00175434])]

Actions: [array([1.        , 0.74782349]), array([1.        , 0.75107882]), array([1.        , 0.75376779]), array([1.        , 0.75624994]), array([1.        , 0.75891808]), array([1.       , 0.7609219]), array([1.        , 0.76224413]), array([1.        , 0.76333533]), array([1.        , 0.76401109]), array([1.        , 0.76525448]), array([1.        , 0.76588686]), array([1.        , 0.76659699]), array([1.       , 0.7679309]), array([1.        , 0.77704567]), array([1.        , 0.77835825]), array([1.        , 0.78003892]), array([1.        , 0.78143026]), array([1.      , 0.781987]), array([1.        , 0.78196199]), array([1.        , 0.78231052]), array([1.        , 0.78341732]), array([1.        , 0.78571654]), array([1.        , 0.78864644]), array([1.        , 0.79190604]), array([1.        , 0.79375391]), array([1.        , 0.79472693]), array([1.        , 0.79677655]), array([1.        , 0.79856587]), array([1.        , 0.79762138]), array([1.        , 0.79428546]), array([1.        , 0.79221661]), array([1.        , 0.79321179]), array([1.        , 0.79334534]), array([1.        , 0.79325542]), array([1.        , 0.79445442]), array([1.       , 0.7940848]), array([1.        , 0.78663758]), array([1.        , 0.77098149])]