
Good
Feature: [0, 85, 10375.917275646323]

States: [array([-169.7616478 ,    0.54161509, -129.20338898,   -0.45570101]), array([-169.23486339,    0.43000651, -129.62551464,    0.64011918]), array([-168.8202491 ,    0.25517577, -128.92796225,    1.46613465]), array([-1.68596989e+02,  1.60878215e-01, -1.27542865e+02,  2.25947874e+00]), array([-1.68445539e+02,  4.57255982e-02, -1.25294519e+02,  2.83533251e+00]), array([-1.68384185e+02,  2.14150472e-02, -1.22447694e+02,  3.31225888e+00]), array([-1.68432906e+02, -1.15969934e-01, -1.19094237e+02,  3.60347943e+00]), array([-1.68501339e+02, -7.37879101e-02, -1.15510644e+02,  3.88275748e+00]), array([-168.42497152,   -0.16935666, -111.66718533,    4.0229575 ]), array([-168.59263612,   -0.27057289, -107.73271521,    4.13912411]), array([-168.85415079,   -0.34267025, -103.55703649,    4.2994351 ]), array([-169.11014195,   -0.34281638,  -99.19523996,    4.35823096]), array([-169.43083391,   -0.29858731,  -94.90122438,    4.41264212]), array([-169.63967622,   -0.22864221,  -90.48623269,    4.61192869]), array([-169.85885241,   -0.29861688,  -85.86638369,    4.66283386]), array([-170.17548878,   -0.22678927,  -81.26310084,    4.67571586]), array([-1.70344353e+02, -1.68854023e-01, -7.66203661e+01,  4.75075541e+00]), array([-1.70606654e+02, -1.01341797e-01, -7.18269903e+01,  4.85963580e+00]), array([-170.74203165,   -0.18164572,  -66.94855025,    4.86474287]), array([-1.70783510e+02, -8.50427778e-02, -6.20701157e+01,  4.97159886e+00]), array([-1.70802744e+02,  2.05588302e-03, -5.71164442e+01,  4.93191526e+00]), array([-170.88498814,    0.94415947,  -52.19241003,    4.67030106]), array([-169.95803509,    1.75530191,  -47.51143308,    4.21092523]), array([-168.23869954,    2.44129932,  -43.28626731,    3.6821967 ]), array([-165.74878853,    2.8884278 ,  -39.58042411,    3.12642566]), array([-162.83114805,    3.36630647,  -36.44444715,    2.53865632]), array([-159.54680336,    3.68476584,  -33.9095477 ,    1.93724908]), array([-155.84153211,    3.87109162,  -31.93260606,    1.45413993]), array([-151.97423016,    4.11753203,  -30.4029469 ,    0.94219306]), array([-147.8698314 ,    4.2678892 ,  -29.44756965,    0.66999905]), array([-143.64794428,    4.46792728,  -28.80077522,    0.39570547]), array([-139.17407728,    4.52423527,  -28.36014894,    0.19647705]), array([-1.34640177e+02,  4.57148962e+00, -2.82095032e+01, -9.37438503e-02]), array([-129.95832919,    4.59064302,  -28.30308865,   -0.16164453]), array([-125.35201768,    4.68435624,  -28.54827362,    0.46853379]), array([-120.67580153,    4.76814378,  -28.18561054,    0.97274605]), array([-115.91201392,    4.8568937 ,  -27.25097736,    1.44477038]), array([-110.9635199 ,    4.88356821,  -25.74463509,    1.97683767]), array([-105.98156058,    4.96817679,  -23.75901311,    2.45443887]), array([-101.03784593,    4.94887356,  -21.33816095,    2.88887734]), array([-96.083474  ,   4.23257088, -18.39657947,   3.27976876]), array([-91.80442913,   3.55133804, -15.12499833,   3.76212518]), array([-88.33452386,   2.68132233, -11.36511818,   4.00841234]), array([-85.70602857,   1.91299018,  -7.37329312,   4.26349476]), array([-83.80487982,   1.21650483,  -3.14936402,   4.40125737]), array([-82.63333911,   0.7092409 ,   1.22431017,   4.4517433 ]), array([-81.89706656,   0.18000919,   5.78394959,   4.5490537 ]), array([-81.66801255,  -0.23709195,  10.27966861,   4.56381509]), array([-81.98841523,  -0.63777677,  14.80436891,   4.71535227]), array([-82.71423425,  -0.64877897,  19.57588197,   4.81157505]), array([-83.43101174,  -0.60926395,  24.39598962,   4.81539467]), array([-83.98813598,  -0.30137647,  29.22288082,   4.76696735]), array([-84.2804289 ,   0.59145354,  34.00538771,   4.83075748]), array([-83.65631911,   1.4350525 ,  38.81640035,   4.80009132]), array([-82.20086689,   2.14770126,  43.59002657,   4.71922964]), array([-80.12561326,   2.72691435,  48.29512004,   4.52112989]), array([-77.48212913,   3.31336906,  52.74150637,   4.23870921]), array([-74.12286073,   3.61663642,  57.00428021,   3.81611679]), array([-70.50471757,   3.90128448,  60.82535019,   3.65987936]), array([-66.61029822,   4.17651737,  64.46454933,   3.3885822 ]), array([-62.42674443,   4.24454735,  67.8733497 ,   3.10441111]), array([-58.13780889,   4.35924458,  70.90780948,   2.68579309]), array([-53.8027221 ,   4.4926352 ,  73.59226756,   2.14775656]), array([-49.3609634 ,   4.60111671,  75.71756592,   1.78861973]), array([-44.89340458,   4.51360832,  77.49556494,   0.84863464]), array([-40.39795669,   4.13998486,  78.28081259,  -0.27930489]), array([-36.20218167,   3.86129814,  77.93760463,  -1.18982259]), array([-32.31751829,   3.46862158,  76.79141526,  -2.02041023]), array([-28.74739116,   3.11306114,  74.82627261,  -2.59723723]), array([-25.66371918,   2.84728729,  72.18371908,  -3.08186701]), array([-22.79226674,   2.6385031 ,  69.02356008,  -3.4536677 ]), array([-20.17878323,   2.38322326,  65.61183976,  -3.69129838]), array([-17.79991033,   2.25660055,  61.89186129,  -3.95804762]), array([-15.52115086,   2.0936967 ,  57.9392678 ,  -4.1227058 ]), array([-13.41261044,   1.9083134 ,  53.87248524,  -4.3672959 ]), array([-11.44929263,   1.7413156 ,  49.38284216,  -4.52104149]), array([-9.71299699,  1.56574256, 44.92317983, -4.61924608]), array([-8.15272074,  1.40459361, 40.3602432 , -4.68949072]), array([-6.74252034,  1.30134553, 35.64830888, -4.79961174]), array([-5.38902231,  1.25216638, 30.85746783, -4.8689972 ]), array([-4.16794642,  1.07146567, 25.95143693, -4.90531556]), array([-3.10177577,  0.948627  , 21.004828  , -4.97800639]), array([-2.15758874,  0.85635765, 15.9508953 , -4.99505556]), array([-1.29818448,  0.75721408, 10.94066442, -4.98883302]), array([-0.52482355,  0.73693793,  5.87920898, -4.94597572]), array([ 0.01886587, -0.0520302 ,  0.03092025,  0.00264654]), array([ 0.0374213 ,  0.07373597, -0.03884711,  0.00480685]), array([ 0.0419817 , -0.04632461, -0.0333435 ,  0.01994335]), array([-0.08248701, -0.06415768, -0.04971087,  0.05631235]), array([-0.03456098,  0.04279603,  0.0156785 , -0.01959261]), array([-0.06877129, -0.04886094,  0.08597042,  0.03228898]), array([-0.02991941, -0.05564601, -0.0044124 , -0.04324476]), array([-0.02631581,  0.09431858,  0.02497647,  0.00656002]), array([ 0.0029634 ,  0.0037646 ,  0.10168241, -0.01380896]), array([0.0813483 , 0.01641855, 0.04313511, 0.03077856]), array([ 0.01695793, -0.04098852,  0.02189299,  0.00729132]), array([ 0.05705219,  0.05706237,  0.01321347, -0.03659575]), array([ 0.02563585, -0.09342223,  0.01474747,  0.01836104]), array([-0.06867058,  0.0374575 ,  0.02747447,  0.01961008]), array([-0.07228237, -0.05027483,  0.01446064, -0.03558129])]

Actions: [array([-0.03630688,  1.        ]), array([-0.04625526,  1.        ]), array([-0.05506708,  1.        ]), array([-0.06113929,  1.        ]), array([-0.06727589,  1.        ]), array([-0.07299275,  1.        ]), array([-0.07778867,  1.        ]), array([-0.08342809,  1.        ]), array([-0.09529612,  1.        ]), array([-0.10231801,  1.        ]), array([-0.08986195,  1.        ]), array([-0.02008427,  1.        ]), array([-0.01407403,  1.        ]), array([-0.00983317,  1.        ]), array([-0.00403644,  1.        ]), array([0.00771179, 1.        ]), array([0.01758602, 1.        ]), array([0.0393379, 1.       ]), array([0.00924779, 1.        ]), array([0.03763241, 1.        ]), array([1.        , 0.70328217]), array([1.       , 0.4398901]), array([1.        , 0.28276298]), array([1.        , 0.13600082]), array([ 1.        , -0.01048452]), array([ 1.        , -0.05529317]), array([ 1.       , -0.1618461]), array([ 1.        , -0.28009898]), array([ 1.        , -0.06131935]), array([ 1.        , -0.08669504]), array([ 1.        , -0.11006104]), array([ 1.        , -0.13406373]), array([ 1.        , -0.15615246]), array([1.        , 0.56637885]), array([1.        , 0.64126193]), array([1.        , 0.72009513]), array([1.        , 0.80713347]), array([1.        , 0.91198861]), array([0.95378491, 1.        ]), array([0.26055893, 1.        ]), array([0.16484326, 1.        ]), array([-0.1791781,  1.       ]), array([-0.24013817,  1.        ]), array([-0.29620351,  1.        ]), array([-0.25551637,  1.        ]), array([-0.29494163,  1.        ]), array([-0.33383942,  1.        ]), array([-0.36913919,  1.        ]), array([-0.04205603,  1.        ]), array([-0.02966707,  1.        ]), array([0.17991064, 1.        ]), array([0.85826673, 1.        ]), array([1.        , 0.98944747]), array([1.       , 0.8424898]), array([1.        , 0.71149143]), array([1.       , 0.5823727]), array([1.        , 0.45237527]), array([1.        , 0.55576992]), array([1.        , 0.47106824]), array([1.        , 0.34624192]), array([1.        , 0.20880167]), array([1.        , 0.08226572]), array([ 1.        , -0.02770782]), array([ 1.        , -0.57422943]), array([ 0.57909344, -1.        ]), array([ 0.51330604, -1.        ]), array([ 0.45964111, -1.        ]), array([ 0.41411476, -1.        ]), array([ 0.37572068, -1.        ]), array([ 0.34548395, -1.        ]), array([ 0.31378444, -1.        ]), array([ 0.29076939, -1.        ]), array([ 0.27028284, -1.        ]), array([ 0.249894, -1.      ]), array([ 0.23014256, -1.        ]), array([ 0.2118384, -1.       ]), array([ 0.19476099, -1.        ]), array([ 0.17868985, -1.        ]), array([ 0.16336424, -1.        ]), array([ 0.14568335, -1.        ]), array([ 0.12718997, -1.        ]), array([ 0.10770957, -1.        ]), array([ 0.08470368, -1.        ]), array([ 0.04953423, -1.        ])]
Bad
Feature: [19, 19, 4714.547609644027]

States: [array([-170.49204732,    1.01975933, -129.08589291,    1.24322365]), array([-169.51841322,    1.75275531, -127.91651587,    1.71075902]), array([-167.71980141,    2.37095814, -126.21585628,    2.17484363]), array([-165.35611439,    2.92191468, -124.14246016,    2.51358616]), array([-162.38000625,    3.30748835, -121.6319808 ,    2.85434484]), array([-159.10202174,    3.54909273, -118.7532232 ,    3.01806529]), array([-155.48150296,    3.92436419, -115.79785869,    3.22157603]), array([-151.59827899,    4.17012932, -112.52661562,    3.37040359]), array([-147.48719013,    4.32836798, -109.17255978,    3.49388192]), array([-143.22261041,    4.47352999, -105.65114007,    3.57199205]), array([-138.71722907,    4.54218736, -102.08037766,    3.59545768]), array([-134.21615785,    4.60101551,  -98.50482745,    3.65802939]), array([-129.61947512,    4.67930015,  -94.82955385,    3.63406286]), array([-124.94497412,    4.74739685,  -91.23926747,    3.59467959]), array([-120.2728072 ,    4.82859937,  -87.61094028,    3.6447212 ]), array([-115.45560722,    4.85367371,  -84.02125807,    3.66989811]), array([-110.55681438,    4.90880494,  -80.33129206,    3.73921564]), array([-105.72074031,    4.90047254,  -76.60979734,    3.68307238]), array([-100.74776814,    4.94260143,  -72.91023838,    3.60938786]), array([-95.78825223,   4.95371376, -69.24741072,   3.69732164]), array([-90.77234244,   4.90679224, -65.49584803,   3.73312855]), array([-85.83164531,   4.92093112, -61.73961853,   3.67833875]), array([-80.79668574,   4.982924  , -58.01937547,   3.67754459]), array([-75.80473711,   5.00430381, -54.33390854,   3.57258194]), array([-70.77145807,   5.04235533, -50.78502404,   3.66884393]), array([-65.60566249,   5.1106481 , -47.09359599,   3.62089811]), array([-60.57125137,   5.04158864, -43.51117476,   3.62472765]), array([-55.57177356,   5.10968939, -39.89039601,   3.65492414]), array([-50.4789719 ,   5.06296901, -36.23517232,   3.60563624]), array([-45.44496056,   5.0107191 , -32.57815909,   3.6015738 ]), array([-40.3607562 ,   5.06693691, -29.05446048,   3.6352638 ]), array([-35.32715366,   5.04342401, -25.39410401,   3.55758046]), array([-30.29415146,   5.09395546, -21.76735401,   3.57518231]), array([-25.17971668,   5.09783084, -18.28556802,   3.57926623]), array([-20.0571521 ,   5.11457314, -14.72545826,   3.61878452]), array([-15.00078959,   5.07907294, -11.08322551,   3.70887554]), array([-9.92139286,  5.00944035, -7.36950425,  3.74669615]), array([-4.92063916,  5.00886095, -3.64606752,  3.89226826]), array([ 0.06876583, -0.0533973 , -0.00374115, -0.02713567]), array([ 0.06350326,  0.09251289, -0.05201406, -0.05034155]), array([ 0.00311914,  0.03817861, -0.02258911,  0.06189047]), array([-0.06192604, -0.01251581,  0.0210259 ,  0.0556353 ]), array([ 0.05400656, -0.07755145,  0.0096009 , -0.01713276]), array([-0.0543521 , -0.00338546, -0.13492885, -0.04020396]), array([-0.00546036,  0.03936127,  0.06748884, -0.08967435]), array([ 0.00431844, -0.0836957 ,  0.05896961,  0.00862532]), array([ 0.0408192 , -0.02514877,  0.08426705, -0.01725866]), array([ 0.07373947, -0.08753385, -0.01006929,  0.0282099 ]), array([ 0.03177395, -0.02765657, -0.04431938, -0.0224525 ]), array([ 0.02057491, -0.09751062,  0.03967032,  0.01773933]), array([-0.06789882,  0.06606772,  0.01660523,  0.00458306]), array([ 0.03453951, -0.00309348, -0.01319432, -0.03609973]), array([-0.03162979,  0.05272073, -0.11753167, -0.07213672]), array([-0.04908012,  0.03062731,  0.13411646,  0.06612046]), array([ 0.02190262,  0.02862459, -0.0164037 ,  0.08925891]), array([ 0.02161686, -0.0003409 , -0.01612175, -0.01431176]), array([ 0.02285005, -0.07245507, -0.05816273, -0.09533668]), array([-0.05569624,  0.06315149,  0.02032991, -0.09763563]), array([ 0.12282866,  0.0280973 , -0.04345832,  0.09571942]), array([ 0.02739223,  0.00234688, -0.05764712, -0.03283532]), array([ 0.0468371 , -0.03253315, -0.03689658, -0.04997002]), array([ 0.05653417,  0.00591481, -0.04982088,  0.10158343]), array([-0.0146509 , -0.0022977 , -0.01159115, -0.06678259]), array([ 0.02073229, -0.003439  ,  0.08350448,  0.05832289]), array([ 0.09366932, -0.05576779, -0.06264812,  0.03278427]), array([-0.02420239,  0.07927913, -0.00824196,  0.02187133]), array([-0.02627286,  0.02633672, -0.00469089,  0.0062835 ]), array([-0.03722387, -0.02494402,  0.12415565,  0.04201552]), array([-0.0201613 , -0.05251559, -0.02137375,  0.00828463]), array([ 0.0309686 ,  0.00921221,  0.02977394, -0.04152066]), array([0.10634846, 0.01786029, 0.00125957, 0.04152366]), array([-0.0058308 ,  0.0427005 ,  0.01382374, -0.06025493]), array([-0.05426283, -0.04029802, -0.02252657, -0.01630565]), array([-0.05430438, -0.02697787, -0.06939123, -0.01886464]), array([-0.00352225,  0.05418394,  0.00279904, -0.04849289]), array([ 0.00829282,  0.00154773, -0.01508321, -0.00114196]), array([ 0.06086798,  0.02666439, -0.09427432, -0.03759516]), array([0.03187828, 0.0985794 , 0.05009694, 0.01345286]), array([-0.03093043, -0.01904852,  0.00434137,  0.06397949]), array([-0.01559635,  0.03580553,  0.06637353, -0.02484994]), array([-0.06000248,  0.00384828,  0.10660729,  0.00534461]), array([0.00262984, 0.00801731, 0.05847073, 0.02822002]), array([ 0.01367169, -0.00178949,  0.0105385 ,  0.04403203]), array([0.01547062, 0.04114721, 0.01527492, 0.14917489]), array([ 0.09438713, -0.02293678, -0.05497167,  0.03028706]), array([0.00178548, 0.01437691, 0.04036089, 0.00150372]), array([-0.05327368,  0.03441251, -0.04233925,  0.02064792]), array([-0.06130389, -0.01479981, -0.06645469,  0.02696206]), array([-0.04419067,  0.02261253, -0.0363411 ,  0.10831143]), array([-0.00045075,  0.04345002,  0.05443512, -0.00876424]), array([-0.10138325, -0.00091586,  0.07649085,  0.1165458 ]), array([-0.03526752, -0.00746438, -0.07245123, -0.02569791]), array([ 0.00841144,  0.05632505,  0.06055689, -0.14336834]), array([ 0.00444808, -0.03761093,  0.05128719, -0.08590885]), array([ 0.0952657 , -0.01686101,  0.02165668, -0.01319428]), array([-0.02133834, -0.08276837,  0.04048885,  0.05303982]), array([ 0.01035639, -0.00924643,  0.01686924, -0.0302592 ]), array([ 0.01509122,  0.01917223, -0.00202277,  0.0446472 ]), array([ 0.05195464,  0.00661465, -0.00518245,  0.02089499]), array([ 0.05404636, -0.10668526,  0.02712847,  0.03949216])]

Actions: [array([1.        , 0.76024368]), array([1.      , 0.757726]), array([1.        , 0.75572322]), array([1.        , 0.75399684]), array([1.        , 0.75236513]), array([1.       , 0.7497877]), array([1.       , 0.7482487]), array([1.        , 0.74585188]), array([1.        , 0.74391303]), array([1.        , 0.74149267]), array([1.        , 0.73984548]), array([1.        , 0.73802951]), array([1.        , 0.73586368]), array([1.        , 0.73466829]), array([1.        , 0.73305276]), array([1.        , 0.73255088]), array([1.        , 0.73164194]), array([1.        , 0.72992428]), array([1.        , 0.72923924]), array([1.        , 0.72876212]), array([1.        , 0.72771374]), array([1.        , 0.72586057]), array([1.       , 0.7250585]), array([1.        , 0.72419844]), array([1.       , 0.7255399]), array([1.        , 0.72638979]), array([1.        , 0.72760118]), array([1.        , 0.72789926]), array([1.        , 0.72890696]), array([1.        , 0.72917237]), array([1.        , 0.73361609]), array([1.        , 0.73450859]), array([1.        , 0.73675025]), array([1.        , 0.74770719]), array([1.       , 0.7605647]), array([1.      , 0.773322]), array([1.        , 0.79303756])]