
Good
Feature: [7, 57, 7467.485477310095]

States: [array([-169.27609937,    0.24978275, -130.42174248,   -0.52045822]), array([-169.03524219,    0.69974597, -130.87922583,    0.66675353]), array([-168.29815895,    0.99572721, -130.16789574,    1.55468436]), array([-167.34487285,    1.14758779, -128.52647227,    2.17631231]), array([-166.20582889,    1.37479917, -126.33505285,    2.75914083]), array([-164.87479651,    1.51924565, -123.58266508,    3.18265288]), array([-163.39325585,    1.68016187, -120.43799805,    3.53096956]), array([-161.71287817,    1.73594639, -117.0154682 ,    3.88495705]), array([-159.99082435,    1.82180365, -113.11478643,    4.08134542]), array([-158.24892738,    1.753602  , -109.04668093,    4.3409849 ]), array([-156.51021267,    1.48259932, -104.63514935,    4.52871558]), array([-154.98546101,    1.58548963, -100.11658129,    4.60509226]), array([-153.447685  ,    1.70571648,  -95.46600569,    4.69412493]), array([-151.7305107 ,    2.39024874,  -90.72696894,    4.76186957]), array([-149.34957369,    2.58801234,  -85.85824887,    4.81994096]), array([-146.70879189,    3.08981884,  -80.99953934,    4.46290604]), array([-143.55043977,    3.43631492,  -76.45370947,    3.9544053 ]), array([-140.04276207,    3.74341144,  -72.51140828,    3.36473639]), array([-136.30605449,    3.94939277,  -69.1460674 ,    3.4548789 ]), array([-132.36169054,    4.09110489,  -65.70433254,    3.5950351 ]), array([-128.25693403,    3.88407321,  -62.16903841,    3.90685514]), array([-124.34258548,    3.602164  ,  -58.26591763,    4.09515602]), array([-120.70802412,    3.21354236,  -54.26247494,    4.19804137]), array([-117.52466093,    3.00609183,  -50.05138944,    4.38396172]), array([-114.41129957,    2.85066864,  -45.61424767,    4.52755469]), array([-111.61323069,    2.7491426 ,  -41.13650048,    4.61749711]), array([-108.8713929 ,    2.58969386,  -36.54520881,    4.71252326]), array([-106.36056441,    2.35810213,  -31.83456685,    4.75545311]), array([-103.99538715,    2.26338261,  -27.09439075,    4.77727671]), array([-101.7302189 ,    2.31748393,  -22.2994726 ,    4.82794068]), array([-99.38683751,   2.38316838, -17.52514924,   4.92335149]), array([-97.00017198,   2.42081666, -12.66877979,   5.10563792]), array([-94.54972998,   2.44623553,  -7.5469214 ,   5.07713073]), array([-92.11505166,   2.38867979,  -2.47712415,   5.04430566]), array([-89.70981694,   2.37208785,   2.59430499,   5.10219896]), array([-87.36035688,   2.39026988,   7.69603256,   4.94257517]), array([-84.9361525 ,   2.35173197,  12.56935514,   4.89711842]), array([-82.57333221,   2.36506859,  17.44615546,   4.91906544]), array([-80.28734629,   2.3155528 ,  22.39600328,   4.96947805]), array([-78.02428009,   2.32315198,  27.42740537,   5.03826077]), array([-75.63783387,   2.29304771,  32.39304251,   5.09470424]), array([-73.23479055,   2.19167704,  37.45814707,   4.99990225]), array([-71.08362135,   2.1647102 ,  42.35229122,   4.95787716]), array([-68.87645011,   2.63150286,  47.36837968,   3.87578731]), array([-66.32731172,   3.06322678,  51.21455899,   2.93509267]), array([-63.21177088,   3.44442406,  54.16249365,   2.07780799]), array([-59.90354631,   3.81218251,  56.3410962 ,   1.35845874]), array([-56.15374222,   4.00878642,  57.73584565,   0.71647683]), array([-52.13774462,   4.23804604,  58.45790737,   0.07859392]), array([-47.97524079,   4.2667712 ,  58.52302324,  -0.88226483]), array([-43.630325  ,   4.19800124,  57.59123435,  -1.64306903]), array([-39.36891977,   4.14745641,  55.93496882,  -2.2668402 ]), array([-35.24062073,   4.14772043,  53.66443179,  -2.80188449]), array([-31.0801688 ,   3.96776967,  50.99073414,  -3.26298434]), array([-27.1443707 ,   3.803233  ,  47.63048792,  -3.64479674]), array([-23.3759208 ,   3.6793113 ,  43.98728969,  -3.90559277]), array([-19.66128849,   3.42653669,  40.00840563,  -4.18940486]), array([-16.30234479,   3.18186922,  35.93753778,  -4.32009081]), array([-13.07572389,   3.06299182,  31.61657719,  -4.42405884]), array([-9.99650168,  2.82508486, 27.13532277, -4.50110222]), array([-7.14846456,  2.65044969, 22.68815673, -4.64683525]), array([-4.490068  ,  2.50651621, 18.052318  , -4.82152169]), array([-1.88896318,  2.29740352, 13.29478579, -4.82093225]), array([ 0.34561655,  1.75747971,  8.55812473, -4.86286164]), array([-0.07424161,  0.02220802,  0.00428685,  0.08505115]), array([-0.06041165,  0.02863805,  0.03064337,  0.01291331]), array([ 0.0294678 ,  0.0429618 , -0.10147443, -0.06473607]), array([0.07025806, 0.02014468, 0.00701045, 0.12995792]), array([-0.00458896, -0.03265941,  0.03942342, -0.05390458]), array([ 0.05110255, -0.07333957, -0.02938561,  0.00289304]), array([0.0703789 , 0.0295195 , 0.01002636, 0.0004693 ]), array([ 0.05426103, -0.03874222,  0.00531676, -0.07470847]), array([ 0.02457674,  0.00916798, -0.05075741,  0.04913735]), array([0.01329349, 0.02833154, 0.07214455, 0.01675549]), array([-0.0262106 ,  0.08722112, -0.04066345,  0.0170636 ]), array([ 0.02745656, -0.05744843, -0.02371215,  0.01708849]), array([-0.03526111,  0.03777342,  0.05086569,  0.09312227]), array([ 0.01116826, -0.06367819, -0.04262542, -0.02348132]), array([0.0191713 , 0.06648636, 0.00126582, 0.10363415]), array([-0.02195554,  0.04261234, -0.06922682,  0.06292458]), array([ 0.00267761, -0.07361638,  0.02884469,  0.01761221]), array([-0.00345106, -0.04000169, -0.06872605, -0.00787519]), array([-0.00399023, -0.01461468,  0.02908863,  0.04328794]), array([ 0.01374795,  0.05225115,  0.00344881, -0.02196274]), array([ 0.02008441,  0.01296903, -0.05874865,  0.03516163]), array([ 0.08063014, -0.02217333,  0.03135825,  0.07056814]), array([-0.0040624 ,  0.02844273,  0.04183909,  0.09217164]), array([-0.0266135 ,  0.05596251, -0.06613414,  0.01737405]), array([ 0.10957509,  0.07838118, -0.07761525,  0.07428589]), array([-0.09361726,  0.05495569,  0.00565678,  0.08891055]), array([-0.13942464, -0.01390214, -0.03020324,  0.07824081]), array([ 0.00361179, -0.00252255, -0.01205252, -0.00829466]), array([0.02319706, 0.0053    , 0.00486361, 0.03478755]), array([ 0.04003757,  0.02359401, -0.0129138 , -0.0579442 ]), array([ 0.01724799, -0.01840155,  0.07964547,  0.14958248]), array([ 0.02903361, -0.03720428,  0.04285616, -0.02677506]), array([-0.05295821,  0.02300245, -0.02650632,  0.12083551]), array([ 0.0322179 , -0.0132207 ,  0.03988844, -0.09116434]), array([-0.00387239, -0.02152972, -0.01320027, -0.03133928]), array([-0.01489432,  0.05622011,  0.04295854,  0.01693025])]

Actions: [array([0.45858012, 1.        ]), array([0.4480616, 1.       ]), array([0.43813182, 1.        ]), array([0.4323496, 1.       ]), array([0.42734731, 1.        ]), array([0.42299231, 1.        ]), array([0.4183207, 1.       ]), array([0.40974014, 1.        ]), array([0.32404773, 1.        ]), array([0.1022525, 1.       ]), array([0.41171105, 1.        ]), array([0.43315153, 1.        ]), array([1.        , 0.99412476]), array([0.67487537, 1.        ]), array([1.        , 0.51981623]), array([1.       , 0.3750963]), array([1.        , 0.21450248]), array([1.        , 0.85205971]), array([1.        , 0.84541198]), array([0.52080223, 1.        ]), array([0.50084467, 1.        ]), array([0.48295238, 1.        ]), array([0.46683021, 1.        ]), array([0.45481161, 1.        ]), array([0.44350406, 1.        ]), array([0.43471305, 1.        ]), array([0.38538554, 1.        ]), array([0.37797164, 1.        ]), array([0.48228343, 1.        ]), array([0.48290448, 1.        ]), array([0.48237492, 1.        ]), array([0.48171311, 1.        ]), array([0.4576306, 1.       ]), array([0.45563083, 1.        ]), array([0.45382075, 1.        ]), array([0.45309523, 1.        ]), array([0.43509659, 1.        ]), array([0.42865005, 1.        ]), array([0.4235851, 1.       ]), array([0.4187724, 1.       ]), array([0.40508552, 1.        ]), array([0.38485647, 1.        ]), array([ 1.        , -0.07766596]), array([ 1.        , -0.17084784]), array([ 1.        , -0.25144949]), array([ 1.        , -0.32606707]), array([ 1.        , -0.39581979]), array([ 1.       , -0.4628541]), array([ 0.89984856, -1.        ]), array([ 0.82837567, -1.        ]), array([ 0.766906, -1.      ]), array([ 0.71393683, -1.        ]), array([ 0.66767719, -1.        ]), array([ 0.62157883, -1.        ]), array([ 0.58322953, -1.        ]), array([ 0.54631313, -1.        ]), array([ 0.50830723, -1.        ]), array([ 0.47294728, -1.        ]), array([ 0.43615257, -1.        ]), array([ 0.39550676, -1.        ]), array([ 0.34860877, -1.        ]), array([ 0.29253493, -1.        ]), array([-0.09062978, -1.        ])]
Bad
Feature: [19, 20, 4873.065320303044]

States: [array([-170.29635668,    0.2216224 , -130.8907593 ,    1.19200925]), array([-170.12951757,    1.11457107, -129.7203193 ,    1.74024884]), array([-169.10447565,    1.97953051, -127.92528323,    2.10817984]), array([-167.12163246,    2.50348679, -125.83286873,    2.4431052 ]), array([-164.59721258,    2.99371927, -123.40616712,    2.6889003 ]), array([-161.65658154,    3.40041809, -120.7568435 ,    2.91282689]), array([-158.26340091,    3.76064607, -117.84828505,    3.21843042]), array([-154.43048139,    4.06024706, -114.55454777,    3.25383077]), array([-150.42077463,    4.25913134, -111.29327358,    3.34142011]), array([-146.12316188,    4.39549991, -107.93564054,    3.3122148 ]), array([-141.69641888,    4.52369857, -104.67642783,    3.40525695]), array([-137.12854287,    4.64733776, -101.23011717,    3.44194183]), array([-132.45343273,    4.74768048,  -97.74663991,    3.53815543]), array([-127.74938548,    4.87396709,  -94.17309896,    3.60434655]), array([-122.86166921,    4.92727268,  -90.60991983,    3.62818422]), array([-117.92703498,    4.82550676,  -87.05324402,    3.59527997]), array([-113.10587105,    4.7683983 ,  -83.43389616,    3.60611606]), array([-108.32870655,    4.84685008,  -79.86486989,    3.60946858]), array([-103.53216037,    4.84369636,  -76.16257666,    3.59259376]), array([-98.62602968,   4.73998667, -72.58460265,   3.55732189]), array([-93.8866124 ,   4.83591508, -68.9865125 ,   3.64861333]), array([-89.09799666,   4.89167971, -65.30949067,   3.66342389]), array([-84.18919527,   4.90284873, -61.63405767,   3.73273263]), array([-79.30635625,   4.92103595, -57.95013604,   3.77396166]), array([-74.42067545,   4.96306521, -54.14706827,   3.76873843]), array([-69.53422872,   4.97748654, -50.5425095 ,   3.76288687]), array([-64.53746155,   4.96107045, -46.71400832,   3.79666401]), array([-59.56994643,   5.03550525, -42.96756506,   3.75538834]), array([-54.50305163,   5.03971414, -39.24952099,   3.77981791]), array([-49.43688623,   5.11742739, -35.46112199,   3.71627626]), array([-44.40922635,   5.16779528, -31.72538401,   3.72080495]), array([-39.2176311 ,   5.15755581, -28.00259477,   3.80762822]), array([-34.00681775,   5.00403319, -24.20975418,   3.7900264 ]), array([-28.93276286,   4.99309398, -20.37233264,   3.75193269]), array([-23.9013181 ,   5.00943252, -16.44009299,   3.73436299]), array([-18.88420421,   4.98911299, -12.65245344,   3.70178383]), array([-13.89222529,   5.06402476,  -9.02090718,   3.71587868]), array([-8.79329007,  5.10907414, -5.30796538,  3.61006591]), array([-3.6965174 ,  5.12404027, -1.69633989,  3.69459345]), array([-0.00647054,  0.04263107, -0.11633492,  0.01403548]), array([ 0.0368733 , -0.02682031,  0.06651091, -0.04068734]), array([ 0.10304938, -0.0385821 ,  0.02107964,  0.10967224]), array([-0.02222693,  0.06945653, -0.10554533, -0.00973394]), array([-0.00393152,  0.01154313,  0.04705519,  0.03936814]), array([-0.01823952,  0.01367342, -0.05019208, -0.02514062]), array([0.09788565, 0.05100024, 0.03032653, 0.03588842]), array([-0.06412195, -0.04942082,  0.05662561,  0.02682422]), array([ 0.00533208,  0.00438487, -0.00261121,  0.03518937]), array([-0.01233798, -0.01103244, -0.09027529,  0.01824564]), array([-0.08637459, -0.01266702,  0.01285553, -0.0133256 ]), array([-0.07945483, -0.01248063,  0.01285255, -0.02122865]), array([-0.07020259, -0.02409887, -0.07194624, -0.01110331]), array([-0.05069953,  0.06819639, -0.01947767, -0.07530957]), array([-0.04028947,  0.01853126,  0.04450866, -0.01450116]), array([-0.01373854, -0.00582566,  0.04082352,  0.01820931]), array([ 0.03699574,  0.04992271, -0.04860276, -0.00081336]), array([-0.0268262 ,  0.00506754,  0.00533264,  0.03968852]), array([-0.03617099, -0.03472815,  0.05451546, -0.01793984]), array([ 0.03558692, -0.08868244, -0.04759096, -0.07972698]), array([-0.04590178, -0.05888825, -0.04115615, -0.00663071]), array([-0.01071766,  0.01185062,  0.07747883, -0.01964654]), array([-0.05066884,  0.04462749,  0.03566621, -0.04505113]), array([ 0.02267966,  0.05874033, -0.04637137,  0.05125164]), array([ 0.01699401, -0.00264741, -0.02917519, -0.08130291]), array([ 0.03305688, -0.05792975, -0.10608724, -0.06070081]), array([ 0.03845395,  0.01134803,  0.03243048, -0.01795693]), array([-0.06112603, -0.06504775, -0.03589926, -0.01088819]), array([-0.03246658, -0.03672876,  0.02673256, -0.02395713]), array([-0.05685346, -0.05402247,  0.08137612,  0.08154141]), array([ 0.05480349, -0.01637793, -0.03368047, -0.0990701 ]), array([ 0.08052932, -0.11160254,  0.00306941,  0.05611174]), array([ 0.00385252, -0.03447599, -0.02178332, -0.01992148]), array([-0.0990071 ,  0.12930744, -0.06499751,  0.02400017]), array([ 0.03944299, -0.04338674, -0.02107244,  0.00476728]), array([-0.11228887, -0.02941677, -0.01010478, -0.07421507]), array([0.0228692 , 0.03007647, 0.05053939, 0.00681301]), array([ 0.0067937 , -0.06207478, -0.05584928, -0.01059165]), array([-0.09375199, -0.03725581,  0.05173544,  0.07962283]), array([-0.07974046,  0.01602526, -0.04210669, -0.02212256]), array([ 0.07970057,  0.03605753,  0.02404731, -0.0209645 ]), array([ 0.02154058, -0.04784102, -0.00605598,  0.02793415]), array([-0.06967229,  0.01747738,  0.04080167, -0.06045031]), array([-0.00470303, -0.02644543,  0.05850862,  0.03260735]), array([-0.03581045, -0.07036598,  0.04461751,  0.00139142]), array([ 0.05650608,  0.0503754 , -0.12621158,  0.04601766]), array([ 0.06489921, -0.03487135,  0.05309016, -0.02349132]), array([ 0.06301551, -0.00046275, -0.03635486, -0.09691261]), array([ 0.04412355, -0.04251002, -0.04973227,  0.08374587]), array([-0.02073641, -0.02220544, -0.03865513, -0.01605231]), array([-0.01726806,  0.05846583, -0.11545079, -0.12057107]), array([ 0.02412451, -0.14443376,  0.01589428,  0.04159397]), array([ 0.05039552, -0.00901876, -0.09113339,  0.03104386]), array([-0.07880502,  0.01692003,  0.02130127,  0.03310832]), array([-0.08186329, -0.00156599,  0.04939172,  0.03506975]), array([-0.04353064,  0.0219069 , -0.09890538,  0.05519706]), array([ 0.01360192, -0.00691144, -0.05630414, -0.09823975]), array([-0.04733524, -0.03449225, -0.05924382,  0.03963945]), array([-0.05808784, -0.00673637, -0.05358747,  0.05074241]), array([-0.01095192, -0.06770906,  0.03841415, -0.02448808]), array([-0.08093317, -0.10019206, -0.01472999, -0.02341875])]

Actions: [array([1.        , 0.77381774]), array([1.        , 0.76767213]), array([1.        , 0.76168623]), array([1.        , 0.76106411]), array([1.        , 0.75799061]), array([1.        , 0.75538805]), array([1.        , 0.75320373]), array([1.        , 0.75056733]), array([1.        , 0.74889233]), array([1.       , 0.7479389]), array([1.        , 0.74830427]), array([1.        , 0.74809878]), array([1.        , 0.74820434]), array([1.        , 0.74778154]), array([1.       , 0.7485293]), array([1.        , 0.74969279]), array([1.        , 0.74964891]), array([1.       , 0.7497614]), array([1.       , 0.7487359]), array([1.       , 0.7497048]), array([1.        , 0.74922556]), array([1.        , 0.74822206]), array([1.        , 0.74819161]), array([1.        , 0.74780479]), array([1.        , 0.74579169]), array([1.        , 0.74636397]), array([1.        , 0.74482515]), array([1.        , 0.74404249]), array([1.        , 0.74499795]), array([1.       , 0.7447116]), array([1.        , 0.74490177]), array([1.        , 0.74859809]), array([1.       , 0.7517861]), array([1.       , 0.7509936]), array([1.        , 0.74452661]), array([1.        , 0.74173813]), array([1.        , 0.74691552]), array([1.        , 0.75795693])]