
Good
Feature: [0, 73, 8698.104515936835]

States: [array([-169.69062015,   -0.44576075, -129.34022467,   -0.38559637]), array([-1.70183499e+02, -1.65113435e-01, -1.29729596e+02,  6.54244190e-01]), array([-1.70324241e+02,  1.48343053e-01, -1.29134403e+02,  1.52415043e+00]), array([-170.19860111,    0.32037057, -127.60500861,    2.19540385]), array([-169.90457431,    0.50026096, -125.4383899 ,    2.77702111]), array([-169.40131048,    0.63744439, -122.70976058,    3.20935106]), array([-168.76559785,    0.66002067, -119.5235813 ,    3.55874811]), array([-168.19769913,    0.75487898, -115.94444365,    3.85779462]), array([-167.4855901 ,    0.7910967 , -112.15643905,    4.07582964]), array([-166.71395842,    0.87184231, -108.06103822,    4.2980041 ]), array([-165.8574675 ,    0.94819891, -103.79374592,    4.42867019]), array([-164.95188062,    1.02038809,  -99.3484634 ,    4.49150326]), array([-163.96300638,    1.11402116,  -94.98230909,    4.62772221]), array([-162.73321326,    1.12773276,  -90.37436588,    4.68601894]), array([-161.62634868,    1.14845031,  -85.68217978,    4.70543607]), array([-160.55835104,    1.16663827,  -81.04724935,    4.78990102]), array([-159.30994512,    1.88436584,  -76.28631484,    4.54295478]), array([-157.41655297,    2.51843437,  -71.68216008,    4.16733149]), array([-154.86426372,    3.04071326,  -67.44879834,    3.77485184]), array([-151.79822203,    3.42644913,  -63.70519983,    3.32354712]), array([-148.35088975,    3.78615907,  -60.40624077,    2.8761036 ]), array([-144.6393993 ,    3.84898236,  -57.59891259,    3.32343909]), array([-140.79794383,    3.96836871,  -54.27622538,    3.62613797]), array([-136.74339639,    3.68201348,  -50.64187989,    3.84374985]), array([-133.08165341,    3.47494667,  -46.83629121,    4.03191529]), array([-129.57715913,    3.27841082,  -42.81679791,    4.2810252 ]), array([-126.25027461,    3.11353721,  -38.59609189,    4.4676504 ]), array([-123.1633354 ,    2.99340314,  -34.22501935,    4.56175363]), array([-120.20091997,    2.79623062,  -29.75060639,    4.63702262]), array([-117.30636105,    2.59203104,  -25.05879348,    4.63399074]), array([-114.78107834,    2.41625797,  -20.34700431,    4.64088187]), array([-112.3204621 ,    2.40507744,  -15.71260129,    4.70344297]), array([-109.81566795,    2.28367683,  -11.05612625,    4.76829792]), array([-107.56748333,    2.13964368,   -6.2891252 ,    4.80893328]), array([-105.42821336,    1.85948911,   -1.49566086,    4.83050024]), array([-103.62060304,    1.66325219,    3.37590846,    4.76605831]), array([-102.08056418,    1.41557768,    8.17641898,    4.82526986]), array([-100.71418245,    1.10624837,   12.91305552,    4.80781434]), array([-99.53903794,   1.15329873,  17.71099261,   4.87850164]), array([-98.41211202,   1.20210675,  22.53559686,   4.86949575]), array([-97.1974165 ,   1.68247165,  27.43074106,   4.96679864]), array([-95.53484759,   2.04377768,  32.43574689,   4.91892228]), array([-93.4950254 ,   2.49604966,  37.25358062,   4.9134005 ]), array([-91.00660691,   2.93560414,  42.14319201,   4.26086687]), array([-88.16138405,   3.30948963,  46.41205144,   3.58139443]), array([-84.84191557,   3.58176276,  50.10285474,   3.02581733]), array([-81.33494114,   3.92127644,  53.18832591,   2.53046953]), array([-77.40534004,   4.17219609,  55.64730064,   2.07868114]), array([-73.22441613,   4.28867259,  57.69837252,   1.64388695]), array([-68.97389114,   4.47927068,  59.33650569,   1.06586005]), array([-64.47316655,   4.62684445,  60.41486365,   0.58979954]), array([-59.80310647,   4.64154694,  61.03684911,   0.08235947]), array([-55.15020494,   4.66503881,  61.08857371,  -0.14311699]), array([-50.43483586,   4.75913082,  60.92847296,  -0.37002721]), array([-45.67317901,   4.80081818,  60.53781089,  -0.54779767]), array([-40.84719902,   4.75068262,  59.95698161,  -0.68257512]), array([-36.17409244,   4.76295055,  59.26386636,  -0.865183  ]), array([-31.4503442 ,   4.78179656,  58.36665331,  -0.9234556 ]), array([-26.7315076 ,   4.86392149,  57.46502752,  -1.24730314]), array([-21.86608784,   4.35362035,  56.23658252,  -2.09293156]), array([-17.587096  ,   3.79432544,  54.07218759,  -2.67300221]), array([-13.87711846,   3.33368562,  51.38293712,  -3.17102284]), array([-10.4420042 ,   2.85178158,  48.2039892 ,  -3.5828346 ]), array([-7.57390196,  2.4545964 , 44.57462873, -3.89802836]), array([-5.17262034,  2.11985989, 40.69653095, -4.11210822]), array([-3.09093342,  1.81928257, 36.57761737, -4.21830669]), array([-1.27022536,  1.4988609 , 32.36754251, -4.34420003]), array([ 0.18662395,  1.23704141, 28.11530314, -4.36913224]), array([ 1.43701465,  0.99142054, 23.71195444, -4.51639593]), array([ 2.46681338,  0.70826808, 19.26423073, -4.62952558]), array([ 3.21370863,  0.38672   , 14.68509932, -4.64617083]), array([ 3.5686835 , -0.01840428, 10.02570497, -4.67007112]), array([ 3.61389631, -0.53733671,  5.45710558, -4.76458566]), array([ 0.05693051, -0.05510292, -0.03601632,  0.01724547]), array([ 0.00535839, -0.02124199,  0.00363427, -0.00086438]), array([ 0.02197063,  0.00732191, -0.00423787,  0.0968844 ]), array([ 0.01864863,  0.03403917,  0.03680561, -0.067056  ]), array([0.06826596, 0.16691364, 0.05286084, 0.04556643]), array([-0.11325892, -0.0425966 , -0.03875407, -0.0665019 ]), array([-0.03071802,  0.07186051, -0.03791859,  0.00273345]), array([-0.02342603,  0.0382961 , -0.06063915,  0.03558646]), array([-0.03798006,  0.04076277, -0.10299572, -0.01782845]), array([-0.00446767, -0.01003498, -0.05917608, -0.00053907]), array([-0.02628341, -0.10588692, -0.06276615, -0.03606202]), array([-0.14116861, -0.0273175 ,  0.01769273, -0.12660726]), array([ 0.03057626,  0.08211699, -0.02592081,  0.05060724]), array([ 0.04231821, -0.02610779, -0.0456178 , -0.03492422]), array([-0.08625759, -0.00414577,  0.02111147, -0.00681953]), array([ 0.01691806, -0.01570306, -0.05683704,  0.07559096]), array([-0.03071966,  0.05242981,  0.0101182 , -0.06825341]), array([-0.0083644 , -0.06956588,  0.01389655, -0.02677434]), array([ 0.03343078, -0.00672863,  0.06089523, -0.01700249]), array([ 6.05029917e-05,  2.99912900e-02,  4.08008074e-03, -5.13942943e-02]), array([-0.03857192, -0.04988621, -0.05770582,  0.03956496]), array([0.0767758 , 0.01823489, 0.02427948, 0.01117808]), array([-0.01049783, -0.00763908, -0.06243868, -0.05180826]), array([ 0.04123334,  0.02817034, -0.0007248 ,  0.05503003]), array([ 0.05582697,  0.0018061 ,  0.05307241, -0.02500016]), array([-0.09245978, -0.09549152,  0.00615628,  0.04288384]), array([-0.02068498, -0.00075117,  0.05441322,  0.00335922])]

Actions: [array([0.20078757, 1.        ]), array([0.20726568, 1.        ]), array([0.21143004, 1.        ]), array([0.21462471, 1.        ]), array([0.21748759, 1.        ]), array([0.21906981, 1.        ]), array([0.22022729, 1.        ]), array([0.2246136, 1.       ]), array([0.22760072, 1.        ]), array([0.23139049, 1.        ]), array([0.23482856, 1.        ]), array([0.23894023, 1.        ]), array([0.24079808, 1.        ]), array([0.23592343, 1.        ]), array([0.23593004, 1.        ]), array([1.       , 0.6270601]), array([1.        , 0.52470667]), array([1.        , 0.42704949]), array([1.        , 0.33572635]), array([1.        , 0.24916039]), array([0.85771407, 1.        ]), array([0.83063158, 1.        ]), array([0.58637308, 1.        ]), array([0.55520533, 1.        ]), array([0.52845829, 1.        ]), array([0.50284305, 1.        ]), array([0.47859115, 1.        ]), array([0.45662514, 1.        ]), array([0.43410578, 1.        ]), array([0.41036344, 1.        ]), array([0.39152938, 1.        ]), array([0.36740638, 1.        ]), array([0.33152462, 1.        ]), array([0.19516849, 1.        ]), array([0.15034126, 1.        ]), array([0.10142624, 1.        ]), array([0.04012841, 1.        ]), array([0.25126626, 1.        ]), array([0.25206659, 1.        ]), array([0.70104574, 1.        ]), array([0.75789569, 1.        ]), array([0.82057666, 1.        ]), array([1.        , 0.42757747]), array([1.        , 0.21615776]), array([1.        , 0.15912763]), array([1.        , 0.10706793]), array([1.        , 0.05972546]), array([1.        , 0.01800404]), array([ 1.        , -0.18372934]), array([ 1.        , -0.23698311]), array([ 1.        , -0.28939521]), array([ 1.        , -0.16404814]), array([ 1.        , -0.18857131]), array([ 1.        , -0.21413565]), array([ 1.        , -0.24061019]), array([ 1.        , -0.27126487]), array([ 1.        , -0.31155828]), array([ 1.        , -0.37181088]), array([ 0.42026957, -1.        ]), array([ 0.34711434, -1.        ]), array([ 0.28553437, -1.        ]), array([ 0.23164694, -1.        ]), array([ 0.17916131, -1.        ]), array([ 0.13275178, -1.        ]), array([ 0.08979067, -1.        ]), array([ 0.04677069, -1.        ]), array([ 0.00113504, -1.        ]), array([-0.04521166, -1.        ]), array([-0.11925944, -1.        ]), array([-0.18866934, -1.        ]), array([-0.27866333, -1.        ]), array([-0.40354085, -1.        ])]
Bad
Feature: [19, 21, 5279.990165210795]

States: [array([-170.16950867,   -0.81458187, -128.48912285,   -2.97877661]), array([-170.99360579,    0.43144664, -131.43489998,   -1.61274244]), array([-170.63965   ,    1.35950693, -133.00859115,   -0.5386988 ]), array([-169.31344766,    2.06337759, -133.5170779 ,    0.33998722]), array([-167.19597157,    2.65271441, -133.15811856,    1.15863697]), array([-164.58527214,    3.04080676, -131.96719098,    1.72065317]), array([-161.5549187 ,    3.41370426, -130.3336178 ,    2.10688701]), array([-158.17106279,    3.73286952, -128.33251299,    2.52464065]), array([-154.31618208,    3.98135233, -125.7926296 ,    2.85106784]), array([-150.30654527,    4.19382653, -122.90822123,    3.09333399]), array([-146.10653619,    4.39124028, -119.88628115,    3.24225639]), array([-141.67248607,    4.4482945 , -116.61638866,    3.35844292]), array([-137.31935479,    4.54488597, -113.20087324,    3.47152493]), array([-132.73386446,    4.6068896 , -109.78266861,    3.63556975]), array([-128.06815528,    4.66749302, -106.13824608,    3.72036896]), array([-123.4689655 ,    4.73176428, -102.43093378,    3.90958849]), array([-118.72796869,    4.80504368,  -98.53427977,    3.96441   ]), array([-113.94325124,    4.84021416,  -94.59294542,    3.9597433 ]), array([-109.08474816,    4.88412494,  -90.6676628 ,    4.12561428]), array([-104.23488956,    4.89421819,  -86.58782458,    4.05551698]), array([-99.34353123,   4.92880871, -82.41259397,   3.92961699]), array([-94.37547781,   4.98532586, -78.47029053,   3.96903938]), array([-89.35837847,   4.96487902, -74.44203935,   4.03185165]), array([-84.41753803,   4.96628045, -70.35433015,   4.1087151 ]), array([-79.41344151,   5.04265327, -66.27928781,   4.13172742]), array([-74.35149492,   5.05606951, -62.22707442,   4.16508698]), array([-69.37727658,   4.97894451, -58.07704835,   4.22187752]), array([-64.39253453,   4.84851973, -53.87642769,   4.19131035]), array([-59.57260641,   4.89583422, -49.60015781,   4.21434039]), array([-54.6810302 ,   4.90158261, -45.3694738 ,   4.21149114]), array([-49.81649204,   4.90300488, -41.15488675,   4.18580924]), array([-44.92259239,   5.01026951, -36.91007717,   4.13646955]), array([-39.97313952,   5.06110814, -32.71095663,   4.16006594]), array([-34.89741499,   5.05068399, -28.4985144 ,   4.18158979]), array([-29.89237194,   5.0361269 , -24.29064359,   4.23088885]), array([-24.84052598,   4.97287702, -19.9829785 ,   4.25519248]), array([-19.75760035,   4.94348162, -15.75575562,   4.32919541]), array([-14.84582162,   4.92134687, -11.37457194,   4.26666649]), array([-9.90582955,  4.91317185, -7.16163743,  4.16026547]), array([-5.0116638 ,  4.95012347, -2.99309747,  4.13826094]), array([ 0.00784035,  0.04666908,  0.109453  , -0.10822983]), array([-0.01285462, -0.01050511, -0.0365943 ,  0.02522577]), array([ 0.0482545 , -0.00176585, -0.02240004, -0.05037877]), array([ 0.01785694,  0.05679388,  0.02058416, -0.00181822]), array([ 0.10388006,  0.02939988, -0.04917691,  0.04155261]), array([-0.01750705,  0.01777013, -0.03791739, -0.01678422]), array([ 0.02254732, -0.00442373,  0.07044377, -0.04592733]), array([-0.0545976 , -0.01935914, -0.04847331,  0.04797101]), array([-0.03567823,  0.04564164,  0.07511852, -0.02637118]), array([ 0.01946598, -0.03807987,  0.0961506 ,  0.02191483]), array([-0.12915902,  0.09320028,  0.05448774,  0.05008253]), array([ 0.02617702,  0.03258443,  0.07739872, -0.04851485]), array([-0.00307742, -0.03800298,  0.00796719,  0.02093197]), array([-0.00821364, -0.03365294,  0.01306278, -0.02033288]), array([ 0.02483595, -0.02162324, -0.04475955, -0.04125515]), array([-0.08196879, -0.0032705 ,  0.02468465,  0.04563652]), array([-0.0214059 ,  0.02107403,  0.00431293,  0.09891596]), array([-0.0022558 , -0.02041604,  0.01606166, -0.04727874]), array([ 0.07995874, -0.03135281,  0.04202241,  0.04291562]), array([-0.01976959, -0.07594368,  0.04752418,  0.01894437]), array([ 0.00150055,  0.04833196,  0.01401475, -0.10647506]), array([ 0.04073229, -0.00652894, -0.01847395,  0.02748004]), array([-0.03729042, -0.02898887,  0.05172247, -0.03598909]), array([ 0.06557789, -0.00420634, -0.013224  , -0.1335976 ]), array([ 0.1243843 ,  0.09356504,  0.06926856, -0.07561352]), array([-0.06208553,  0.03719374,  0.00607089,  0.02520727]), array([0.02352457, 0.03672568, 0.00805484, 0.04660319]), array([-0.05217142, -0.02816508,  0.01675069,  0.10978159]), array([-0.03010859,  0.03402585, -0.00789222,  0.13150389]), array([ 0.00418226,  0.07675682,  0.06041192, -0.00931157]), array([-0.03305358,  0.04401953, -0.02008696, -0.00677516]), array([ 0.04347263, -0.0002227 , -0.05982804, -0.00058383]), array([-0.0083569 ,  0.0304531 ,  0.04771815,  0.04190705]), array([-0.00205846, -0.01601991,  0.00131954,  0.09065277]), array([-0.00477765, -0.00822941, -0.01472314, -0.00672892]), array([ 0.12883779,  0.06529349, -0.07729482, -0.08100582]), array([-0.13335434,  0.00913927, -0.06720819, -0.01649368]), array([-0.07837854, -0.05212723,  0.00699734, -0.10611892]), array([-0.02056782,  0.01233904, -0.07805588, -0.03573655]), array([-0.05624759, -0.01333973, -0.01850973, -0.01860627]), array([-0.00127068,  0.01312154, -0.01259843, -0.08608456]), array([-0.0542286 , -0.03931901,  0.05152797, -0.0032714 ]), array([-0.01031798,  0.00150756, -0.02564369,  0.00780088]), array([-0.04127114, -0.03667053,  0.05155325,  0.04122972]), array([-0.06662988, -0.04520498,  0.02487074,  0.04380887]), array([ 0.08643008,  0.03141675, -0.04356857, -0.02031401]), array([ 0.02498884,  0.00957237, -0.0516296 , -0.0122771 ]), array([-0.01912778, -0.01892136,  0.01213741, -0.03181961]), array([ 0.02741827,  0.0476249 , -0.06940984, -0.08503082]), array([-0.01014461, -0.05487055,  0.02706453,  0.00847896]), array([-0.08151931, -0.00246486,  0.03056686,  0.06238464]), array([-0.10816751, -0.00722509, -0.0059745 ,  0.04443599]), array([-0.1104564 ,  0.10313925, -0.0646727 , -0.00646155]), array([ 0.02360506, -0.04920261,  0.04857459, -0.04566755]), array([ 0.02495778, -0.04468159,  0.01800146, -0.00513088]), array([ 0.00983591,  0.10092075, -0.00435336,  0.02459917]), array([-0.05031841,  0.06791135, -0.12435035, -0.04816039]), array([-0.01013993,  0.06094286, -0.00903463,  0.0255492 ]), array([-0.0260107 , -0.06839441, -0.04454408, -0.02208184]), array([-0.02300449,  0.07898869,  0.03687831, -0.05405385])]

Actions: [array([1.        , 0.76340698]), array([1.        , 0.77688051]), array([1.        , 0.78765446]), array([1.       , 0.7967762]), array([1.        , 0.80467537]), array([1.        , 0.81017179]), array([1.        , 0.81522731]), array([1.        , 0.81998795]), array([1.        , 0.82398806]), array([1.        , 0.82676144]), array([1.       , 0.8298247]), array([1.        , 0.83269661]), array([1.        , 0.83421051]), array([1.       , 0.8372555]), array([1.        , 0.83928602]), array([1.        , 0.84051353]), array([1.        , 0.84125068]), array([1.        , 0.84198017]), array([1.       , 0.8434841]), array([1.        , 0.84358811]), array([1.        , 0.84310015]), array([1.       , 0.8456836]), array([1.        , 0.84806027]), array([1.        , 0.84926008]), array([1.        , 0.85143448]), array([1.        , 0.85485686]), array([1.        , 0.85631038]), array([1.        , 0.85734904]), array([1.        , 0.85497117]), array([1.        , 0.85409882]), array([1.      , 0.852921]), array([1.       , 0.8513797]), array([1.        , 0.85173999]), array([1.        , 0.85482983]), array([1.        , 0.85711872]), array([1.        , 0.85798605]), array([1.        , 0.86445092]), array([1.        , 0.85589089]), array([1.        , 0.85728765])]