
Good
Feature: [0, 75, 9532.681092004499]

States: [array([-170.29357053,   -0.84796541, -129.07598735,   -0.49444781]), array([-171.1044475 ,   -0.72884841, -129.50048418,    0.60095439]), array([-171.88755006,   -0.76778381, -128.84959348,    1.56178063]), array([-172.62632393,   -0.62854506, -127.21954904,    2.26468975]), array([-173.28895129,   -0.54633641, -125.0106009 ,    2.80241488]), array([-173.69382163,   -0.3888265 , -122.18150067,    3.25494352]), array([-174.09735608,   -0.40524841, -118.92523941,    3.56308909]), array([-174.58908454,   -0.38598942, -115.39920896,    3.83433783]), array([-175.06488024,   -0.38472134, -111.64405106,    3.98685793]), array([-175.37572669,   -0.32706272, -107.59416547,    4.21996482]), array([-175.67657609,   -0.22061351, -103.41946846,    4.32876274]), array([-1.75946854e+02,  2.90528793e-04, -9.92538063e+01,  4.54541121e+00]), array([-1.75980435e+02,  9.88397570e-02, -9.46515958e+01,  4.64944296e+00]), array([-175.8980812 ,    0.24966619,  -90.02059495,    4.79778284]), array([-175.68257646,    0.31767628,  -85.18000694,    4.81827165]), array([-175.34331774,    0.2771868 ,  -80.32029404,    4.80953978]), array([-175.12661818,    0.41735465,  -75.4429516 ,    4.83887811]), array([-174.73720498,    0.70592707,  -70.65116395,    4.8928101 ]), array([-174.04599257,    0.91797853,  -65.61512786,    4.82312943]), array([-173.11547743,    1.12446186,  -60.7374232 ,    4.86625612]), array([-172.03169784,    1.19343394,  -55.91329965,    4.91380939]), array([-170.79445829,    1.33139086,  -50.99168758,    4.91512994]), array([-169.54151013,    1.96538408,  -46.12625067,    4.9352592 ]), array([-167.54464016,    2.56617806,  -41.24623923,    4.67334478]), array([-164.96953338,    3.10242861,  -36.65087637,    4.36235876]), array([-161.95450587,    3.43218456,  -32.30835688,    4.05417949]), array([-158.57243599,    3.751015  ,  -28.20536313,    3.73360414]), array([-154.7889006 ,    4.0053547 ,  -24.53198141,    3.4771174 ]), array([-150.74357677,    4.17503115,  -21.10092161,    3.18958644]), array([-146.5423107 ,    4.28831508,  -17.88609149,    3.05479176]), array([-142.20813897,    4.41850698,  -14.81742449,    3.01487837]), array([-137.88860166,    4.50350935,  -11.86257214,    2.9550498 ]), array([-133.45182837,    4.49827579,   -8.94365304,    2.85828301]), array([-128.99927017,    4.54027908,   -6.03007092,    2.74993978]), array([-124.46534566,    4.52868519,   -3.21510727,    2.46327759]), array([-119.93810564,    4.62019652,   -0.68937035,    1.90026203]), array([-115.42223126,    4.728387  ,    1.19609652,    1.37279476]), array([-110.68736916,    4.78723322,    2.61153848,    2.17711816]), array([-105.94141018,    4.34528199,    4.72230727,    2.80289443]), array([-101.62980677,    3.99367609,    7.56836586,    3.21731902]), array([-97.55242025,   3.44406503,  10.70020942,   3.52749965]), array([-94.09450687,   3.03000502,  14.20373868,   3.82510959]), array([-91.0806667 ,   2.62183321,  18.0150004 ,   4.01774757]), array([-88.42924171,   2.19241629,  21.97561328,   4.16309362]), array([-86.20663325,   2.04957704,  26.20908767,   4.31414678]), array([-84.10077279,   1.99991249,  30.47340305,   4.46056909]), array([-82.12465824,   1.98836347,  34.92171725,   4.57826887]), array([-80.04404248,   1.85833117,  39.53752133,   4.74207121]), array([-78.15028474,   1.74082712,  44.24343963,   4.80085716]), array([-76.45124677,   1.70376483,  48.92774945,   4.86151942]), array([-74.7939589 ,   2.28862665,  53.79762596,   4.08131912]), array([-72.48778786,   2.89042617,  57.87367281,   3.13462531]), array([-69.65160076,   3.255903  ,  61.0037305 ,   2.40513382]), array([-66.38589368,   3.69160428,  63.44494754,   1.72057566]), array([-62.62692244,   3.92682996,  65.11094092,   1.08022016]), array([-58.72069668,   4.18385142,  66.19241161,   0.42799529]), array([-54.57210854,   4.41195828,  66.64028799,  -0.16662948]), array([-50.21212968,   4.5105551 ,  66.40092932,  -0.71282583]), array([-45.67396548,   4.53992641,  65.59273545,  -1.4409208 ]), array([-41.22308144,   4.63765894,  64.11991403,  -2.14022079]), array([-36.55239537,   4.66871278,  62.03326937,  -2.41724326]), array([-31.83767708,   4.72969654,  59.64402888,  -2.70019377]), array([-27.0908836 ,   4.73621183,  56.95764797,  -2.88425193]), array([-22.49336031,   4.7228238 ,  54.02278976,  -3.28408726]), array([-17.87206201,   4.19061012,  50.64737088,  -3.62709453]), array([-13.70647937,   3.6985078 ,  46.96316361,  -3.93164189]), array([-10.06652525,   3.17570891,  42.98255133,  -4.09393691]), array([-6.84721943,  2.78079897, 38.87402496, -4.21853542]), array([-4.06877404,  2.33897514, 34.65326841, -4.30811662]), array([-1.74392158,  1.87897635, 30.42359505, -4.38739155]), array([ 0.22826895,  1.40129219, 26.03233576, -4.4972096 ]), array([ 1.67112582,  1.03659082, 21.59191901, -4.63555436]), array([ 2.73244868,  0.67337631, 16.91160059, -4.64475525]), array([ 3.35301845,  0.28481012, 12.27615341, -4.63167058]), array([ 3.5652861 , -0.14696238,  7.63815981, -4.71431585]), array([0.03364988, 0.03573673, 0.0222101 , 0.00748361]), array([0.01561843, 0.04775237, 0.13942094, 0.04157975]), array([-0.03359235,  0.07066043, -0.01776286,  0.05761776]), array([-0.04971207,  0.07830312,  0.03980759,  0.02407974]), array([ 0.00847857, -0.02237592, -0.01787589, -0.08041907]), array([-0.03469308,  0.02710278, -0.01965953,  0.00710071]), array([0.00975016, 0.01019233, 0.04020482, 0.00250447]), array([ 0.09916749,  0.03202331,  0.01366209, -0.0469751 ]), array([-0.0709421 ,  0.04088956,  0.04639796, -0.02437547]), array([ 0.00875904, -0.00061759,  0.08590277,  0.06343727]), array([ 0.0193971 , -0.0169003 ,  0.03781112,  0.1341678 ]), array([ 0.03366757,  0.04087389,  0.0719989 , -0.08500638]), array([-0.00622857,  0.00773741,  0.05454131,  0.03665011]), array([-0.05055799, -0.00193918, -0.00345869,  0.03534333]), array([-0.03411696, -0.05279112,  0.0762548 ,  0.02864053]), array([-0.04800056,  0.03037105, -0.04289739,  0.03050051]), array([ 0.04312137, -0.01377891,  0.0609244 ,  0.00833098]), array([-0.03851214, -0.0450481 ,  0.00737816,  0.05037838]), array([-0.05809682, -0.0704725 , -0.07331073,  0.09588583]), array([ 0.07183749, -0.04726157,  0.02607578, -0.03964055]), array([-0.0133706 ,  0.02147429, -0.03712165, -0.03708172]), array([-0.03650246, -0.0298074 ,  0.035737  , -0.01404564]), array([-0.0412899 ,  0.01237136,  0.07788808, -0.01171658]), array([ 0.04213452, -0.00571009,  0.15823716,  0.01607791]), array([ 0.00655321, -0.07548732,  0.02728359, -0.06609229])]

Actions: [array([-0.10888357,  1.        ]), array([-0.09398691,  1.        ]), array([-0.08129598,  1.        ]), array([-0.07032403,  1.        ]), array([-0.06076097,  1.        ]), array([-0.05612169,  1.        ]), array([-0.05142018,  1.        ]), array([-0.04427341,  1.        ]), array([0.03959449, 1.        ]), array([0.04385373, 1.        ]), array([0.09685782, 1.        ]), array([0.10362168, 1.        ]), array([0.10899455, 1.        ]), array([0.11366827, 1.        ]), array([0.11758138, 1.        ]), array([0.15078562, 1.        ]), array([0.33159846, 1.        ]), array([0.34962466, 1.        ]), array([0.36701281, 1.        ]), array([0.38219311, 1.        ]), array([0.39686255, 1.        ]), array([0.83884101, 1.        ]), array([1.        , 0.68949475]), array([1.        , 0.62733217]), array([1.        , 0.57192282]), array([1.        , 0.52034877]), array([1.        , 0.47089766]), array([1.        , 0.42750889]), array([1.        , 0.56469057]), array([1.        , 0.54872732]), array([1.        , 0.53447428]), array([1.      , 0.519828]), array([1.        , 0.50439115]), array([1.        , 0.25733791]), array([ 1.        , -0.08571669]), array([ 1.        , -0.19479741]), array([0.91792956, 1.        ]), array([0.47973235, 1.        ]), array([0.39792303, 1.        ]), array([0.31461326, 1.        ]), array([0.25429681, 1.        ]), array([0.20055, 1.     ]), array([0.1493662, 1.       ]), array([0.38514965, 1.        ]), array([0.36974426, 1.        ]), array([0.35425808, 1.        ]), array([0.34079078, 1.        ]), array([0.32057228, 1.        ]), array([0.30169082, 1.        ]), array([1.       , 0.2099789]), array([ 1.        , -0.12251417]), array([ 1.        , -0.20186606]), array([ 1.        , -0.27294512]), array([ 1.        , -0.34120007]), array([ 1.        , -0.40662691]), array([ 1.       , -0.5511465]), array([ 1.        , -0.62726383]), array([ 1.        , -0.81950148]), array([ 1.        , -0.92304036]), array([ 1.        , -0.68526373]), array([ 1.        , -0.72026628]), array([ 1.        , -0.78144135]), array([ 1.        , -0.86881541]), array([ 0.42665257, -1.        ]), array([ 0.30912294, -1.        ]), array([ 0.24657694, -1.        ]), array([ 0.18671745, -1.        ]), array([ 0.12587343, -1.        ]), array([ 0.06359378, -1.        ]), array([-9.50389494e-04, -1.00000000e+00]), array([-0.07292048, -1.        ]), array([-0.14966316, -1.        ]), array([-0.24572519, -1.        ]), array([-0.37412002, -1.        ])]
Bad
Feature: [15, 27, 5331.724047344399]

States: [array([-171.04607607,   -2.65742751, -128.38150097,    2.05446293]), array([-173.76067101,   -1.2272821 , -126.25971803,    2.40975688]), array([-1.75011474e+02,  1.37053660e-02, -1.23878453e+02,  2.65945923e+00]), array([-174.99452985,    1.01787434, -121.21098476,    2.9709216 ]), array([-174.00700954,    1.8860593 , -118.1908449 ,    3.08759307]), array([-172.14625405,    2.51008264, -115.03067947,    3.14490511]), array([-169.5921207 ,    3.03016725, -111.90318766,    3.14536562]), array([-166.57957441,    3.37965837, -108.81714169,    3.04656486]), array([-163.14142872,    3.71849083, -105.80960621,    3.03166489]), array([-159.3411181 ,    3.98515845, -102.82074042,    3.0517504 ]), array([-155.42131374,    4.21256918,  -99.74208597,    3.08571484]), array([-151.25997296,    4.34262854,  -96.64684642,    3.13943977]), array([-146.82510044,    4.39134194,  -93.52293479,    3.16426404]), array([-142.44897327,    4.48497899,  -90.35624841,    3.09956133]), array([-138.0035495 ,    4.58500096,  -87.26830806,    3.19459555]), array([-133.34108738,    4.71611426,  -84.11073819,    3.23895008]), array([-128.69699555,    4.77871434,  -80.79080322,    3.37126407]), array([-123.81492553,    4.82892121,  -77.44670231,    3.25592666]), array([-118.97431261,    4.98469767,  -74.13814525,    3.32277313]), array([-113.92365914,    5.03822706,  -70.73667443,    3.27567611]), array([-108.92639793,    4.97205648,  -67.52082129,    3.26797518]), array([-104.01597495,    5.02606718,  -64.23597576,    3.1899866 ]), array([-99.06503257,   4.99523471, -61.00892466,   3.16616409]), array([-94.10957873,   5.07024963, -57.83808401,   3.11334703]), array([-88.96131945,   5.12847454, -54.71169071,   3.07677847]), array([-83.80161145,   5.00792814, -51.5740225 ,   3.03196   ]), array([-78.75689818,   4.94066764, -48.47633892,   2.99119319]), array([-73.8144832 ,   5.02343274, -45.49992458,   2.87426254]), array([-68.79022507,   5.00330819, -42.57377264,   2.96390669]), array([-63.77346544,   4.9891596 , -39.58510763,   3.02697781]), array([-58.87295894,   4.9242649 , -36.56809843,   3.00608199]), array([-54.06532283,   4.92514058, -33.51406528,   3.01765822]), array([-49.18009994,   4.98282435, -30.43036426,   3.00789578]), array([-44.15394063,   5.03709445, -27.41799606,   2.97004952]), array([-39.14499085,   5.05745105, -24.46776204,   3.02091879]), array([-34.07663691,   5.02638551, -21.49383882,   3.09782862]), array([-28.99407569,   4.89521924, -18.42429239,   3.14215134]), array([-24.07908875,   4.89809732, -15.31772459,   3.07065013]), array([-19.21270606,   4.93812017, -12.28573439,   3.06453295]), array([-14.29751138,   5.06647717,  -9.20269947,   3.1204511 ]), array([-9.17827557,  5.080515  , -6.14415344,  3.1558196 ]), array([-4.06061003,  5.02006228, -2.92884588,  3.09660525]), array([-0.05083296, -0.01613581,  0.05768035, -0.06428055]), array([-0.02580362,  0.01824437,  0.02883022, -0.08642169]), array([-0.03467469, -0.00109825, -0.00898097,  0.01277119]), array([ 0.03593778, -0.01231415, -0.07877558, -0.05438793]), array([ 0.05072993, -0.00803249, -0.00888874, -0.03509122]), array([ 0.0741228 ,  0.03287326, -0.02332042,  0.0148808 ]), array([ 0.10690301, -0.06215045, -0.07114262, -0.08736778]), array([-0.05778157,  0.0130085 , -0.03223113,  0.00652469]), array([-0.03703293, -0.07670973, -0.03344914,  0.02907597]), array([ 0.11513701,  0.04603296,  0.00854553, -0.0150675 ]), array([-0.00853863, -0.03140562,  0.00816179,  0.05770479]), array([-0.00732514,  0.0774261 , -0.0063094 , -0.00499732]), array([-0.03382559,  0.05417099,  0.02435577, -0.06900222]), array([-0.08237443,  0.05011266,  0.03203733,  0.02746451]), array([ 0.05522301,  0.00047966, -0.09540294,  0.01755815]), array([-0.01767635, -0.01090713,  0.03634007,  0.00293754]), array([-0.00861291, -0.07805053,  0.00596152, -0.00438503]), array([ 0.01562361, -0.04859585, -0.00179406,  0.05596671]), array([-0.02893934, -0.00963362, -0.02462735, -0.03259609]), array([0.02432252, 0.09826666, 0.08580099, 0.00108895]), array([-0.07008082, -0.07730041,  0.02306208,  0.02029398]), array([-0.00458563, -0.01386549, -0.03433362,  0.13076655]), array([ 0.02666062,  0.03354295, -0.03681121,  0.04995591]), array([-0.0992705 ,  0.01255035, -0.07795898, -0.10410323]), array([ 0.00361612, -0.01505022, -0.13229032, -0.05293171]), array([-0.00548341,  0.04764629, -0.08246484, -0.11057783]), array([-0.03117563, -0.02386484,  0.00978422, -0.03686619]), array([0.00926987, 0.01467753, 0.04915296, 0.05275348]), array([-0.02326813,  0.01443696,  0.01012062,  0.13638608]), array([ 0.03412349, -0.08152311, -0.09342035,  0.02501017]), array([-0.0249531 ,  0.00312514,  0.04921308,  0.01288281]), array([ 0.04459606,  0.0241159 , -0.06242244, -0.05171829]), array([ 0.11475683, -0.05102486,  0.00497814,  0.02675295]), array([ 0.05152731, -0.09750555, -0.04124582,  0.04088325]), array([-0.00823426, -0.05669118, -0.02820084, -0.01058094]), array([ 0.05197259,  0.03436787,  0.01515528, -0.02554475]), array([ 0.00399063,  0.02578687, -0.07278716, -0.03651459]), array([-0.03134579,  0.04571414, -0.00273884,  0.05622455]), array([ 0.05134092, -0.05434733, -0.00860344, -0.01927655]), array([-0.05593979, -0.03517871, -0.04832339,  0.02090511]), array([ 0.02409907, -0.0682341 ,  0.0431553 ,  0.06966343]), array([0.04029432, 0.00377637, 0.08792563, 0.03086794]), array([-0.02469523,  0.03207545, -0.05842313, -0.1157679 ]), array([-0.042102  ,  0.10462217,  0.04501126,  0.07621123]), array([0.0494826 , 0.03675978, 0.05524623, 0.02413821]), array([-0.04880277,  0.0127271 , -0.08617338,  0.03388466]), array([ 0.01955104,  0.03226373,  0.05985927, -0.03306798]), array([-0.02110042,  0.04933718, -0.0245188 , -0.02127317]), array([-0.03453259, -0.03774682, -0.00518102,  0.00378977]), array([ 0.08418426,  0.04775039,  0.02336362, -0.01717349]), array([ 0.07508731, -0.01523363,  0.00622581,  0.04690878]), array([ 0.02244514,  0.03735188, -0.0101445 ,  0.02929163]), array([ 0.04855359, -0.00638647,  0.02837472,  0.00618496]), array([ 0.01702487, -0.03438617, -0.07566437,  0.06996157]), array([ 0.04870814, -0.01234295,  0.00364149,  0.0364755 ]), array([ 0.0276104 ,  0.02400007, -0.03055976, -0.02200987]), array([-0.03722614,  0.05599037,  0.0009529 , -0.01004126]), array([-0.05859432, -0.06220839,  0.17270394, -0.0211091 ])]

Actions: [array([1.        , 0.75044225]), array([1.        , 0.72641264]), array([1.        , 0.70754073]), array([1.        , 0.69230641]), array([1.        , 0.67882584]), array([1.        , 0.66776187]), array([1.        , 0.65934338]), array([1.        , 0.65271419]), array([1.        , 0.64801502]), array([1.        , 0.64469835]), array([1.        , 0.64113381]), array([1.        , 0.63829625]), array([1.       , 0.6362903]), array([1.        , 0.63359427]), array([1.        , 0.63161823]), array([1.        , 0.63001503]), array([1.       , 0.6269365]), array([1.        , 0.62463524]), array([1.        , 0.62222639]), array([1.        , 0.61994076]), array([1.        , 0.61885201]), array([1.       , 0.6164711]), array([1.       , 0.6146929]), array([1.       , 0.6133575]), array([1.        , 0.61371242]), array([1.        , 0.61406023]), array([1.        , 0.61406118]), array([1.        , 0.61486156]), array([1.        , 0.61725597]), array([1.        , 0.61896723]), array([1.        , 0.61924639]), array([1.        , 0.61780537]), array([1.        , 0.61645297]), array([1.        , 0.61843193]), array([1.        , 0.62226611]), array([1.        , 0.62765501]), array([1.        , 0.63191339]), array([1.        , 0.63188253]), array([1.        , 0.63420301]), array([1.        , 0.63671523]), array([1.        , 0.66037639])]