
Good
Feature: [1, 66, 7900.154830362082]

States: [array([-168.42049787,   -1.91768864, -130.04239179,   -0.22686134]), array([-170.33859589,   -1.46413602, -130.26666861,    0.86799279]), array([-171.84621424,   -0.91568031, -129.40130797,    1.676645  ]), array([-172.73291653,   -0.42914079, -127.76550548,    2.31859316]), array([-1.73220972e+02, -9.27959358e-02, -1.25437642e+02,  2.84066302e+00]), array([-173.35276472,    0.3604641 , -122.62708548,    3.29873535]), array([-172.94610751,    0.61019697, -119.35965823,    3.62182755]), array([-172.45401495,    0.86395643, -115.72768635,    3.90055253]), array([-171.61031948,    1.19808575, -111.73485626,    4.04734607]), array([-170.43381531,    1.52015466, -107.71244812,    4.2215894 ]), array([-168.92176973,    2.20250212, -103.47835203,    4.09640295]), array([-166.85542369,    2.63402367,  -99.28298857,    4.29120733]), array([-164.18780013,    3.07970249,  -94.98270192,    4.44108429]), array([-161.17969204,    3.43103615,  -90.53609631,    4.53602618]), array([-157.72485088,    3.70615406,  -86.02279825,    4.64861634]), array([-153.97937557,    3.98910239,  -81.36646861,    4.68338074]), array([-150.04302501,    4.23053446,  -76.69992225,    4.65678556]), array([-145.85465545,    4.09647949,  -72.05012581,    4.72603563]), array([-141.78824061,    4.03928617,  -67.34501811,    4.7671294 ]), array([-137.73413076,    3.96343182,  -62.57870289,    4.92800152]), array([-133.85645689,    3.76759285,  -57.65378645,    4.88441053]), array([-130.10201147,    3.69571931,  -52.76751847,    4.91957033]), array([-126.45284934,    3.96411176,  -47.80600914,    4.71710731]), array([-122.44373566,    4.15278411,  -43.06812152,    4.49727557]), array([-118.26948531,    4.18630478,  -38.54801191,    4.27678128]), array([-114.08957689,    4.30859282,  -34.36057554,    3.87813311]), array([-109.78981953,    3.88816924,  -30.41530634,    4.13255878]), array([-105.88333009,    3.351746  ,  -26.25922217,    4.3481104 ]), array([-102.5828982 ,    2.94583791,  -21.89982023,    4.50467119]), array([-99.58793845,   2.38770017, -17.39480507,   4.56308029]), array([-97.19168443,   1.9094791 , -12.8383538 ,   4.5476271 ]), array([-95.23160947,   1.46427732,  -8.28820651,   4.74199799]), array([-93.67117268,   1.16274051,  -3.53966286,   4.81608162]), array([-92.44122846,   0.78975464,   1.22841173,   4.81957575]), array([-91.69337183,   0.59113112,   6.01973789,   4.78851804]), array([-91.07245705,   0.54978775,  10.92266631,   4.88387824]), array([-90.54644795,   0.4964934 ,  15.85037643,   4.92901548]), array([-90.04838812,   0.55291743,  20.8573847 ,   5.01336212]), array([-89.47576168,   0.99301713,  25.90395065,   5.05838727]), array([-88.4493828 ,   1.75025497,  31.01514971,   5.08510475]), array([-86.71626477,   2.40034087,  36.09755809,   5.00450984]), array([-84.27133836,   2.83934604,  41.17434151,   4.64646832]), array([-81.3741688 ,   3.2652348 ,  45.86222676,   4.16379699]), array([-78.09683648,   3.62085526,  50.0014237 ,   3.39713782]), array([-74.57553336,   3.88825073,  53.28684658,   2.42206523]), array([-70.76560147,   4.15131852,  55.68850966,   1.83471445]), array([-66.64770897,   4.22230862,  57.49220283,   1.29319198]), array([-62.53198727,   4.39636891,  58.80904853,   0.94206662]), array([-58.19500166,   4.6099716 ,  59.8106617 ,   0.44634026]), array([-53.5267542 ,   4.63410389,  60.31559759,   0.10672103]), array([-48.85236123,   4.74052308,  60.46297356,  -0.2832888 ]), array([-44.08334947,   4.81937334,  60.09129484,  -0.74124927]), array([-39.1833532 ,   4.8929855 ,  59.29542801,  -1.12719201]), array([-34.22139293,   4.87977968,  58.18074441,  -1.65918989]), array([-29.29756419,   4.98351576,  56.61806286,  -2.27080888]), array([-24.29641415,   4.38672889,  54.3339108 ,  -2.81819885]), array([-19.8864182 ,   2.86384467,  51.4901705 ,  -3.23805949]), array([-17.05705162,   2.50050416,  48.17255263,  -3.55876635]), array([-14.57874266,   2.27319173,  44.55768174,  -3.85059738]), array([-12.26493728,   2.08281645,  40.66236822,  -4.05376099]), array([-10.15766245,   1.88983846,  36.65305721,  -4.28406671]), array([-8.3492924 ,  1.73078688, 32.32899286, -4.39036847]), array([-6.63804825,  1.61255326, 27.94857486, -4.47118709]), array([-5.08219526,  1.43335195, 23.53473055, -4.59668847]), array([-3.68598438,  1.34538714, 18.95994554, -4.685629  ]), array([-2.34847832,  1.24815092, 14.34005592, -4.69095548]), array([-1.20085618,  1.1116039 ,  9.68651129, -4.72552541]), array([-0.0268062 ,  0.00564731, -0.04550866,  0.00230898]), array([ 0.02410304, -0.00481117, -0.01657708,  0.05258316]), array([ 0.02510623,  0.02944673, -0.0410392 , -0.05616815]), array([-0.0677731 ,  0.07283151, -0.00024236,  0.04396966]), array([ 0.03613611, -0.0377665 , -0.04899377,  0.03961164]), array([ 0.07086418, -0.07337799,  0.00472614, -0.0221121 ]), array([-0.05936359,  0.00300219, -0.08644583,  0.01616011]), array([ 0.06909744,  0.01218089, -0.10116075, -0.01595889]), array([-0.01942783, -0.04338132, -0.06391017,  0.05019783]), array([-0.003798  , -0.01030581, -0.00199579, -0.03978353]), array([ 0.0054715 ,  0.03272313,  0.00599945, -0.06628094]), array([-0.06452529, -0.03547162, -0.02611423,  0.00903863]), array([-0.14533991, -0.11129428, -0.05043749,  0.0382976 ]), array([-0.05064749, -0.07567108, -0.00643141, -0.0322683 ]), array([-0.05380652, -0.04870762,  0.02841355,  0.03354534]), array([ 0.04296885, -0.10222919, -0.00076711, -0.11695879]), array([ 0.05351565,  0.09682826, -0.09805005,  0.07145569]), array([-0.02194311,  0.01921969, -0.14034324, -0.01414281]), array([ 0.00318376,  0.02964672,  0.01898327, -0.00169859]), array([-0.04688571,  0.00462863, -0.07839624, -0.01185238]), array([ 0.03576536,  0.06363319,  0.0566808 , -0.04421161]), array([-0.17995422, -0.05755305, -0.02716904, -0.12070075]), array([ 0.00609328, -0.03761603,  0.01122614,  0.0088973 ]), array([ 0.03246856,  0.02932557,  0.02238952, -0.0144055 ]), array([0.00417613, 0.04701243, 0.00817487, 0.02822897]), array([-0.05264482,  0.01807239,  0.09684698,  0.06695669]), array([ 0.03926852, -0.01127927, -0.12860015,  0.0500119 ]), array([-0.01178832, -0.00262208,  0.09847158,  0.01488913]), array([-0.03525818, -0.02236773,  0.02843431,  0.00136712]), array([ 0.03511229, -0.00184235,  0.08323761, -0.0343697 ]), array([0.00214568, 0.01294005, 0.01025153, 0.06855198]), array([-0.00345808, -0.01282146, -0.01713543, -0.05909377]), array([-0.01970526, -0.01218319, -0.04321754, -0.04580402])]

Actions: [array([0.05648884, 1.        ]), array([0.1480855, 1.       ]), array([0.23013215, 1.        ]), array([0.2991523, 1.       ]), array([0.37330334, 1.        ]), array([0.36476259, 1.        ]), array([0.39982242, 1.        ]), array([0.45098858, 1.        ]), array([0.54369922, 1.        ]), array([1.        , 0.82463184]), array([0.88462359, 1.        ]), array([0.96270013, 1.        ]), array([1.        , 0.95192775]), array([0.97378263, 1.        ]), array([1.        , 0.94035418]), array([1.        , 0.90440243]), array([0.68906924, 1.        ]), array([0.66661414, 1.        ]), array([0.64284961, 1.        ]), array([0.61403824, 1.        ]), array([0.6666257, 1.       ]), array([1.        , 0.77268381]), array([1.        , 0.70489049]), array([1.        , 0.63558069]), array([1.        , 0.55582897]), array([0.36792016, 1.        ]), array([0.30711791, 1.        ]), array([0.24550588, 1.        ]), array([0.02289543, 1.        ]), array([-0.01764969,  1.        ]), array([-0.05474402,  1.        ]), array([-0.09025162,  1.        ]), array([-0.12486205,  1.        ]), array([0.06446989, 1.        ]), array([0.08807466, 1.        ]), array([0.0839356, 1.       ]), array([0.0811778, 1.       ]), array([0.56475144, 1.        ]), array([0.92775752, 1.        ]), array([1.       , 0.8690095]), array([1.        , 0.66397007]), array([1.        , 0.43369788]), array([1.        , 0.15011144]), array([ 1.        , -0.26328304]), array([ 1.       , -0.0613409]), array([ 1.        , -0.12130228]), array([ 1.        , -0.17912348]), array([ 1.        , -0.23663225]), array([ 1.       , -0.3012547]), array([ 1.        , -0.37280496]), array([ 1.       , -0.4585671]), array([ 1.        , -0.56368324]), array([ 1.        , -0.72264556]), array([ 0.94673492, -1.        ]), array([ 0.39659476, -1.        ]), array([-0.63320315, -1.        ]), array([ 0.23607339, -1.        ]), array([ 0.30770272, -1.        ]), array([ 0.28199171, -1.        ]), array([ 0.25730624, -1.        ]), array([ 0.23352147, -1.        ]), array([ 0.2139958, -1.       ]), array([ 0.19280595, -1.        ]), array([ 0.17085261, -1.        ]), array([ 0.1485291, -1.       ]), array([ 0.12010152, -1.        ])]
Bad
Feature: [18, 18, 4528.41601306957]

States: [array([-171.29454207,    1.9911037 , -130.6326423 ,    1.20562872]), array([-169.34653276,    2.60857896, -129.48943507,    1.74151147]), array([-166.70316229,    3.1157043 , -127.75720922,    2.19741868]), array([-163.60574515,    3.67373433, -125.57932784,    2.56839345]), array([-159.95265936,    3.99767946, -123.03953211,    2.79451416]), array([-156.00247668,    4.26085358, -120.31369344,    3.03789534]), array([-151.70744515,    4.36876863, -117.24061326,    3.15677148]), array([-147.32384564,    4.4960082 , -114.09606186,    3.28921181]), array([-142.84407619,    4.6889552 , -110.85399441,    3.42087318]), array([-138.12864783,    4.77567617, -107.44637398,    3.50639552]), array([-133.39104219,    4.80667215, -103.86799022,    3.6240986 ]), array([-128.61082037,    4.8504442 , -100.37091723,    3.58164448]), array([-123.73661776,    4.85744308,  -96.86927779,    3.60189342]), array([-118.88148277,    4.81737436,  -93.21003822,    3.71542645]), array([-114.08399488,    4.83913706,  -89.38711476,    3.8598946 ]), array([-109.25307522,    4.85903334,  -85.47049243,    3.84307508]), array([-104.29691904,    4.89243742,  -81.63720791,    3.87312245]), array([-99.37599739,   4.95372553, -77.73192544,   3.87965284]), array([-94.40645582,   5.00493522, -73.78391181,   4.01325408]), array([-89.39753838,   4.99456062, -69.72151776,   4.01317596]), array([-84.37627528,   5.06146886, -65.6899116 ,   4.10217097]), array([-79.30678067,   5.07193741, -61.61669963,   4.13568193]), array([-74.18889906,   4.99809683, -57.45976904,   4.08739754]), array([-69.2123013 ,   5.0755792 , -53.44987112,   4.12717043]), array([-64.09328043,   5.07215627, -49.33815796,   4.06826369]), array([-59.01450268,   5.0739315 , -45.33656963,   4.1469713 ]), array([-53.94420372,   5.00928449, -41.12908568,   4.16546411]), array([-48.9420015 ,   5.17435892, -36.9985608 ,   4.06297473]), array([-43.90235869,   5.14114314, -32.86839113,   4.09189356]), array([-38.64765813,   5.10722608, -28.77641062,   4.0681962 ]), array([-33.54043565,   5.03650787, -24.63710038,   4.0307308 ]), array([-28.47745108,   5.04981871, -20.63763701,   4.00253762]), array([-23.32072108,   4.9792977 , -16.65574444,   4.03495015]), array([-18.27890296,   4.99371121, -12.61508331,   4.03123952]), array([-13.2334205 ,   4.97555569,  -8.53610084,   4.08966379]), array([-8.23790451,  4.97596007, -4.4631638 ,  4.12482408]), array([ 0.04177671,  0.0551104 ,  0.05134515, -0.07085519]), array([ 0.04574576, -0.03579882, -0.00918083,  0.02442972]), array([ 0.0300259 , -0.03202588,  0.01187986, -0.04151546]), array([ 0.10141227, -0.06385075, -0.00467735, -0.0136034 ]), array([ 0.03042307, -0.00911147,  0.10135645, -0.06794966]), array([ 0.03791431, -0.07419809, -0.10092801,  0.03473486]), array([ 0.03823845,  0.01464464, -0.01621094,  0.04728162]), array([ 0.01059437, -0.06579121, -0.02810571, -0.10324794]), array([ 0.05201581, -0.0374245 ,  0.00917401,  0.06270055]), array([ 0.08225389,  0.01947819, -0.04263251,  0.07418701]), array([-0.08533766,  0.06643121, -0.05050666, -0.04086914]), array([0.01198593, 0.08090232, 0.02457984, 0.09513632]), array([ 0.00879033, -0.05966089,  0.06569826, -0.02261608]), array([ 0.05014875,  0.0040795 , -0.03327568,  0.07544214]), array([-0.04636941, -0.0308591 , -0.05501273,  0.02229453]), array([-0.06978949, -0.05885514,  0.03908097,  0.01314991]), array([ 0.06319618,  0.04371055,  0.02451051, -0.05489425]), array([-0.04583509,  0.00918505, -0.0750404 , -0.0129269 ]), array([-0.01961813,  0.00452473,  0.04135111, -0.08427398]), array([-0.00288416,  0.03147519,  0.05561334,  0.04115877]), array([-0.04058447, -0.00807806,  0.03004794,  0.07181243]), array([ 0.03169356,  0.05953593, -0.00471176, -0.02342106]), array([-0.07135597, -0.02236763, -0.02588175, -0.04555067]), array([-0.00675585,  0.05757694,  0.0021956 , -0.02366724]), array([-0.0443304 , -0.04225605, -0.0175495 , -0.0424273 ]), array([-0.01801657, -0.02126075,  0.04625217,  0.04961608]), array([ 0.03454735, -0.03282988,  0.01365519, -0.00443618]), array([ 0.00650582,  0.0279395 , -0.0309786 , -0.05446602]), array([ 0.05678822, -0.08650789, -0.01506566,  0.01911085]), array([ 0.0412032 , -0.03762861,  0.04217404,  0.02211987]), array([ 0.045672  , -0.0763592 , -0.01210214, -0.04146118]), array([-0.04549951,  0.00230475,  0.09293291,  0.04710992]), array([ 0.00307866, -0.02642445, -0.01708748, -0.08286995]), array([-0.05738035, -0.11054165, -0.03998538,  0.00897842]), array([ 0.05089849,  0.06467448, -0.00355374, -0.09006142]), array([-0.06684642,  0.02135029,  0.05308729,  0.13271705]), array([ 0.02513015, -0.00934083,  0.01343654,  0.04529085]), array([-0.03133588,  0.03474286, -0.00353422,  0.08849623]), array([ 0.00873601, -0.0747167 , -0.00449324,  0.00031537]), array([ 0.01800634, -0.03003602,  0.04162244, -0.00775034]), array([0.02893403, 0.0275606 , 0.05929912, 0.0897584 ]), array([ 0.00668064,  0.03705786, -0.01681201,  0.17247248]), array([ 0.03749922, -0.03362275, -0.04314027,  0.10207887]), array([-0.00974442, -0.01327752,  0.03497927,  0.02484225]), array([ 0.00442729, -0.11571186, -0.02437193,  0.02029393]), array([ 0.01724234,  0.02155064,  0.0143956 , -0.03850436]), array([-0.04640395,  0.0309606 ,  0.05405198, -0.02993204]), array([-0.064272  ,  0.04353918, -0.00015659,  0.02411383]), array([-0.06039156, -0.07206122, -0.05381265, -0.04668659]), array([-0.02128097,  0.06501963, -0.07972029, -0.00363375]), array([-0.05259995,  0.01868584, -0.02109204,  0.04202865]), array([ 0.02517707,  0.06745758, -0.0314409 , -0.08807217]), array([ 0.13685874,  0.01505638, -0.04063894,  0.0040421 ]), array([0.07149125, 0.05031035, 0.06645436, 0.02531796]), array([ 0.06498045, -0.07082657,  0.00294599,  0.02483571]), array([-0.05458759, -0.04472325, -0.09365543, -0.00739641]), array([ 0.03204909, -0.01964045,  0.05010894, -0.08848623]), array([ 0.04611793, -0.02126992, -0.06237036, -0.08404765]), array([-0.09212486, -0.04717952, -0.02698376, -0.00374833]), array([-0.00345636, -0.03635901, -0.0086572 , -0.01372433]), array([-0.02474929, -0.0603366 ,  0.03601289,  0.08665373]), array([ 0.04555863, -0.05979442, -0.03292629, -0.0115349 ]), array([ 0.07545965, -0.06453569,  0.02842443,  0.05351067]), array([ 0.01930667,  0.05665913, -0.11436031,  0.01041323])]

Actions: [array([1.        , 0.75057003]), array([1.        , 0.75243084]), array([1.        , 0.78592086]), array([1.        , 0.78745893]), array([1.        , 0.78952456]), array([1.        , 0.79199383]), array([1.        , 0.79411585]), array([1.        , 0.79635272]), array([1.        , 0.79858202]), array([1.        , 0.80111672]), array([1.        , 0.80270622]), array([1.        , 0.80528745]), array([1.        , 0.80862569]), array([1.        , 0.81081203]), array([1.        , 0.81138312]), array([1.        , 0.81141075]), array([1.        , 0.81316266]), array([1.        , 0.81410146]), array([1.        , 0.81510316]), array([1.        , 0.81532354]), array([1.        , 0.81603608]), array([1.        , 0.81680858]), array([1.        , 0.81711122]), array([1.        , 0.81789279]), array([1.     , 0.81901]), array([1.        , 0.82155236]), array([1.        , 0.82081698]), array([1.        , 0.82034389]), array([1.        , 0.82043045]), array([1.        , 0.82567636]), array([1.        , 0.82779287]), array([1.        , 0.83385693]), array([1.        , 0.84588467]), array([1.        , 0.85635639]), array([1.        , 0.87113463])]