
Good
Feature: [0, 70, 8404.672808963407]

States: [array([-170.04542679,    0.46262588, -131.06811966,    0.21801661]), array([-169.65382389,    0.4557285 , -130.74516222,    1.15576743]), array([-169.17929273,    0.45821283, -129.57060831,    1.99519959]), array([-168.66160066,    0.46451924, -127.56342536,    2.56461842]), array([-1.68101086e+02,  9.03872831e-02, -1.24936664e+02,  3.01565710e+00]), array([-1.67980311e+02, -1.52761275e-01, -1.21922731e+02,  3.31457420e+00]), array([-168.16842815,   -0.28434323, -118.56224882,    3.59736342]), array([-168.47168638,   -0.29374083, -114.97934413,    3.90843761]), array([-168.77379528,   -0.29738726, -111.09358893,    4.17814427]), array([-1.69130490e+02, -2.61611654e-02, -1.06906483e+02,  4.37505302e+00]), array([-169.11963069,    0.26943163, -102.51189412,    4.45238599]), array([-168.82556434,    0.50209052,  -98.05888882,    4.53914082]), array([-168.35294023,    1.31952032,  -93.55229972,    4.62028225]), array([-166.99065036,    2.14245456,  -88.88968681,    4.72921197]), array([-164.91031398,    2.70379594,  -84.24812852,    4.59495413]), array([-162.19352056,    3.05574338,  -79.68267106,    4.4054753 ]), array([-159.13915269,    3.45497064,  -75.26782148,    4.10760052]), array([-155.76025849,    3.75776599,  -71.0881914 ,    3.67257403]), array([-151.96743738,    3.64328255,  -67.43725756,    3.87332685]), array([-148.30722392,    3.63226345,  -63.65296094,    4.03910732]), array([-144.70959781,    3.64760214,  -59.59952007,    4.19845213]), array([-141.05817364,    3.75324065,  -55.47396429,    4.34567587]), array([-137.29959478,    3.62154426,  -51.13178402,    4.51888928]), array([-133.64888964,    3.49575442,  -46.61791816,    4.54845018]), array([-130.10760089,    3.43493575,  -42.05218945,    4.61238718]), array([-126.70314103,    3.10378074,  -37.39885279,    4.75703624]), array([-123.69140789,    2.92598112,  -32.6219748 ,    4.70196048]), array([-120.78235254,    2.66407542,  -27.91660598,    4.74339018]), array([-118.06328085,    2.63976642,  -23.11412888,    4.7817691 ]), array([-115.50635799,    2.63940256,  -18.2300158 ,    4.81339705]), array([-112.81934662,    2.62122959,  -13.43720705,    4.82755326]), array([-110.20516908,    2.54739871,   -8.65233981,    4.97328942]), array([-107.51771964,    2.57505161,   -3.67768548,    4.96376409]), array([-104.97404959,    2.66175987,    1.28061263,    4.96330841]), array([-102.17542361,    2.81486241,    6.28615492,    5.09301508]), array([-99.35865774,   2.96522787,  11.42955148,   4.97755123]), array([-96.48093536,   3.00356973,  16.39460554,   4.96444358]), array([-93.5006709 ,   3.08434869,  21.36748263,   4.94841512]), array([-90.3609119 ,   3.31749525,  26.35704803,   4.93013843]), array([-87.02740562,   3.37480287,  31.26500585,   4.91738001]), array([-83.64871909,   3.05625171,  36.16808941,   5.00944883]), array([-80.57667886,   2.92359318,  41.1498963 ,   5.0043651 ]), array([-77.65170074,   2.53535149,  46.13701184,   4.90211483]), array([-75.17931508,   2.36723685,  51.08216673,   4.84881263]), array([-72.78422688,   2.77817894,  55.95878973,   4.72953366]), array([-70.00812502,   3.23970914,  60.68637477,   3.59186452]), array([-66.84052762,   3.52650024,  64.22432227,   2.68751083]), array([-63.31836179,   3.86802661,  66.87074729,   1.90098991]), array([-59.39472957,   4.05962247,  68.79496692,   1.11937171]), array([-55.35685993,   4.16116312,  69.87469817,   0.46706026]), array([-51.22995457,   4.29720718,  70.4069209 ,  -0.07240082]), array([-46.959658  ,   4.41912521,  70.32832678,  -0.58937158]), array([-42.48181461,   4.50090396,  69.68465178,  -0.988363  ]), array([-37.97353807,   4.59544891,  68.77827044,  -1.48985328]), array([-33.38541088,   4.67297144,  67.23849018,  -1.98696124]), array([-28.77473388,   4.77427482,  65.22570154,  -2.39843199]), array([-24.00722338,   4.27938515,  62.85376176,  -3.00574574]), array([-19.74353679,   3.88706354,  59.89876553,  -3.34231389]), array([-15.86774054,   3.34989046,  56.56339549,  -3.66408251]), array([-12.5259594 ,   2.87140791,  52.88064538,  -3.85760773]), array([-9.68129635,  2.43160004, 49.12591941, -4.11044935]), array([-7.21775246,  1.89468716, 45.03903328, -4.32486003]), array([-5.33814218,  1.32950585, 40.74305983, -4.41933186]), array([-3.97247963,  1.17282451, 36.32279224, -4.60273641]), array([-2.85026942,  1.00246694, 31.83770841, -4.682854  ]), array([-1.80765933,  0.92880096, 27.12753897, -4.77549414]), array([-0.92770323,  0.83109855, 22.37905954, -4.87170689]), array([-0.17180616,  0.61539306, 17.49425219, -5.02267296]), array([ 0.42348687,  0.40299777, 12.3983048 , -5.05581439]), array([ 0.89235986,  0.27401168,  7.37074894, -5.07291446]), array([-0.02542611,  0.1068408 ,  0.01894541,  0.02694897]), array([-0.00366267,  0.03346422,  0.06146054, -0.02102483]), array([ 0.02372985, -0.08405805,  0.03771269,  0.02113109]), array([ 0.05379738,  0.06407785, -0.11766403,  0.02851312]), array([-0.01575525,  0.08918556,  0.01695341, -0.03270966]), array([-0.02346022, -0.0434301 , -0.04970342, -0.05051861]), array([-0.01458771, -0.02247342,  0.03064917, -0.07058962]), array([ 0.00385344, -0.00692536, -0.02250455, -0.07598599]), array([-0.00611488,  0.09009886,  0.03041098,  0.06570828]), array([ 0.07815675, -0.0951202 , -0.05135853,  0.04954319]), array([ 0.06510785, -0.0257667 , -0.00460828, -0.01152995]), array([-0.08994764, -0.05147468,  0.0397987 ,  0.01437368]), array([ 0.03812496, -0.05667629, -0.04849434,  0.0811177 ]), array([-0.0088993 , -0.05971823,  0.08908377, -0.01129475]), array([-0.06999207, -0.04207859, -0.08691942, -0.05570044]), array([ 0.01385156,  0.02974005, -0.05143654, -0.05550582]), array([-0.00753024, -0.07085824, -0.10752921, -0.01810373]), array([0.01904544, 0.00105447, 0.06500344, 0.0379774 ]), array([-0.02525382, -0.0215098 ,  0.04186322, -0.03564593]), array([-0.05048665,  0.04841314,  0.07968736, -0.08519815]), array([-0.02777879,  0.01268235,  0.02981934, -0.00057598]), array([-0.09283007, -0.0265582 , -0.00865716, -0.10442987]), array([ 0.02466514,  0.08047218, -0.07961217,  0.04896932]), array([-0.05449517,  0.04342128,  0.10235065,  0.07557762]), array([ 0.0575692 , -0.05243307,  0.02790295,  0.02305605]), array([ 0.00829563,  0.03620366, -0.0364041 ,  0.01016303]), array([ 0.00576509,  0.02608152,  0.0274308 , -0.04956376]), array([ 0.05168534,  0.01962718, -0.06796388,  0.00252428]), array([0.08653661, 0.05873207, 0.02642248, 0.05898534]), array([ 0.06030686, -0.02951814,  0.05228565, -0.15387671])]

Actions: [array([0.13005173, 1.        ]), array([0.12410419, 1.        ]), array([0.1183971, 1.       ]), array([-0.21179799,  1.        ]), array([-0.24001604,  1.        ]), array([-0.26310244,  1.        ]), array([-0.06106696,  1.        ]), array([-0.05914337,  1.        ]), array([0.23946681, 1.        ]), array([0.27476258, 1.        ]), array([0.30983417, 1.        ]), array([0.84186379, 1.        ]), array([0.97387427, 1.        ]), array([1.        , 0.88578081]), array([1.        , 0.75287949]), array([1.       , 0.6154931]), array([1.        , 0.44968659]), array([0.67174832, 1.        ]), array([0.65364685, 1.        ]), array([0.76276926, 1.        ]), array([0.7535057, 1.       ]), array([0.60396357, 1.        ]), array([0.58458738, 1.        ]), array([0.56588829, 1.        ]), array([0.41840088, 1.        ]), array([0.39414052, 1.        ]), array([0.37372532, 1.        ]), array([0.53611181, 1.        ]), array([0.53347286, 1.        ]), array([0.53444841, 1.        ]), array([0.53166222, 1.        ]), array([0.56729827, 1.        ]), array([0.57028374, 1.        ]), array([0.69053745, 1.        ]), array([0.70295054, 1.        ]), array([0.71964196, 1.        ]), array([0.73585369, 1.        ]), array([0.75376184, 1.        ]), array([0.77262641, 1.        ]), array([0.43021828, 1.        ]), array([0.39270073, 1.        ]), array([0.35402908, 1.        ]), array([0.30544362, 1.        ]), array([1.        , 0.87100212]), array([ 1.        , -0.12734462]), array([ 1.        , -0.20897403]), array([ 1.        , -0.28006416]), array([ 1.        , -0.34545475]), array([ 1.        , -0.40897383]), array([ 1.        , -0.46635649]), array([ 1.        , -0.52287715]), array([ 1.        , -0.57783583]), array([ 1.        , -0.63382083]), array([ 1.        , -0.75750816]), array([ 1.        , -0.83305512]), array([ 0.45865408, -1.        ]), array([ 0.36905619, -1.        ]), array([ 0.28580053, -1.        ]), array([ 0.13719673, -1.        ]), array([ 0.04782176, -1.        ]), array([-0.02523463, -1.        ]), array([-0.11783553, -1.        ]), array([ 0.12067978, -1.        ]), array([ 0.09914421, -1.        ]), array([ 0.07930939, -1.        ]), array([ 0.05659045, -1.        ]), array([ 0.03184448, -1.        ]), array([ 0.00154812, -1.        ]), array([-0.03835775, -1.        ])]
Bad
Feature: [19, 21, 5220.814008240074]

States: [array([-169.99553505,   -1.01186788, -130.65412412,   -1.42432596]), array([-1.70982054e+02,  1.49576292e-01, -1.32002505e+02, -3.26073652e-01]), array([-170.82390992,    1.03142681, -132.38129631,    0.53974335]), array([-169.85726306,    1.76018733, -131.89311163,    1.25343519]), array([-168.04538588,    2.30915833, -130.60287836,    1.86486728]), array([-165.79660904,    2.85983595, -128.81385426,    2.36790973]), array([-162.98837687,    3.26943018, -126.45465985,    2.71043188]), array([-159.74306499,    3.62377029, -123.7824612 ,    2.91151315]), array([-156.09087458,    3.92199536, -120.8725439 ,    3.05539772]), array([-152.11998927,    4.13282456, -117.83822844,    3.19208212]), array([-147.99159889,    4.32769194, -114.61854178,    3.35961942]), array([-143.68481962,    4.55992802, -111.34195271,    3.54221033]), array([-139.17224173,    4.63464493, -107.78864171,    3.6635795 ]), array([-134.47018036,    4.71286421, -104.20017338,    3.6072809 ]), array([-129.70297786,    4.79563555, -100.62202404,    3.77438723]), array([-124.87877884,    4.89039437,  -96.84242594,    3.9603582 ]), array([-119.97835809,    4.83181419,  -92.75393231,    3.95303057]), array([-115.13659047,    4.85640842,  -88.74938048,    4.03192087]), array([-110.34259273,    4.8121794 ,  -84.74421799,    4.03738419]), array([-105.43540808,    4.84872127,  -80.69430849,    3.92158383]), array([-100.63466571,    4.93172205,  -76.77858806,    3.87583662]), array([-95.71511292,   4.92018586, -72.88091345,   3.87638574]), array([-90.87559493,   5.01056972, -69.03127913,   3.87919169]), array([-85.79814458,   5.01505086, -65.15228899,   3.90376247]), array([-80.78998028,   5.03083159, -61.30876199,   3.94585268]), array([-75.7592988 ,   4.98061218, -57.3382784 ,   3.92609863]), array([-70.79859167,   5.05999175, -53.3090324 ,   3.97856277]), array([-65.69231808,   5.08225039, -49.35181177,   3.88984138]), array([-60.62142974,   5.13809834, -45.41381712,   3.89230222]), array([-55.42023861,   5.00361038, -41.54892054,   3.92738685]), array([-50.39044457,   5.01638234, -37.7180519 ,   3.93798476]), array([-45.39866739,   4.97112184, -33.68047681,   3.99385913]), array([-40.36063401,   4.9105071 , -29.70130059,   4.06369728]), array([-35.28069844,   4.93930925, -25.70755439,   3.99680709]), array([-30.3511931 ,   4.94288338, -21.71892164,   4.00798636]), array([-25.47728233,   4.91936083, -17.70777305,   4.04777611]), array([-20.58590074,   4.92288115, -13.69013422,   4.04880992]), array([-15.64071908,   4.97736743,  -9.59563008,   4.07155872]), array([-10.65994904,   4.96955192,  -5.46515972,   4.21926272]), array([-5.67759383,  4.97859512, -1.30946475,  4.32263216]), array([-0.0483811 ,  0.00957993,  0.06938816,  0.05031362]), array([0.03350184, 0.01748445, 0.06025483, 0.02406846]), array([ 0.03197563, -0.0533024 , -0.00995385, -0.01525309]), array([-0.05911569, -0.05134167, -0.02666935, -0.07827359]), array([-0.10711273, -0.0112575 ,  0.01237684, -0.05163679]), array([-0.06629158, -0.04626692, -0.02070723,  0.01222437]), array([ 0.04180372,  0.01988728,  0.06161814, -0.0693248 ]), array([ 0.03915803, -0.04718583,  0.04820105, -0.0299195 ]), array([-0.02665717,  0.03314429,  0.05554379,  0.06493332]), array([ 0.07856896,  0.06349794, -0.02072945, -0.05332652]), array([-0.00141766, -0.06274928,  0.03737151,  0.01505394]), array([ 0.03686045,  0.00667583, -0.02437373, -0.03612398]), array([-0.08375808,  0.04617212, -0.04416188, -0.04719611]), array([ 0.0695442 ,  0.0521953 , -0.04231461, -0.02071993]), array([-0.04035572,  0.06244081,  0.01941907,  0.08458739]), array([ 0.0254556 ,  0.00725298, -0.02339598,  0.05090729]), array([-0.0240429 ,  0.02020319, -0.02077593,  0.05820922]), array([-0.07960142,  0.08833258,  0.00386569, -0.10204808]), array([0.04958417, 0.04051352, 0.061071  , 0.00860966]), array([ 0.05329746,  0.08942537, -0.12286779, -0.07540129]), array([ 0.06383555, -0.01091937,  0.04767045,  0.01223557]), array([ 0.11897008,  0.00352837,  0.01106382, -0.01562332]), array([-0.04880472,  0.02261112, -0.10518745, -0.02855818]), array([-0.04460307, -0.06264094, -0.0100943 , -0.0033954 ]), array([ 0.050582  , -0.06693988, -0.00404343,  0.01417721]), array([0.04634185, 0.00028695, 0.09265971, 0.00618332]), array([-0.17046485,  0.03747346,  0.07998531, -0.06857385]), array([-0.00342048, -0.00845476, -0.06684543, -0.04844949]), array([ 0.07235885, -0.08671103, -0.07593206, -0.11372781]), array([-0.00825016,  0.09255494,  0.02921574,  0.05621829]), array([-0.01299077, -0.07307945, -0.08049134, -0.06607766]), array([ 0.04294893, -0.03136014,  0.00953018,  0.015193  ]), array([-0.07250485,  0.07974038,  0.03935314,  0.15187994]), array([-0.00012374, -0.06960121,  0.03545848,  0.00725211]), array([-0.00163647,  0.00806995, -0.00964669, -0.01032737]), array([ 0.06485983,  0.09307254,  0.05652735, -0.05674343]), array([ 0.01948108, -0.01655994,  0.01531916,  0.00544884]), array([-0.03382139,  0.00434256, -0.02619574, -0.01834956]), array([ 0.03106799, -0.0327744 , -0.10902785,  0.0313    ]), array([ 0.01562672, -0.03071727,  0.03037287, -0.03502168]), array([ 0.04560612, -0.03144381, -0.02046586,  0.03353206]), array([-0.04361132,  0.0007336 ,  0.009427  , -0.11614952]), array([ 0.07447839,  0.05233403,  0.11995918, -0.04212028]), array([ 0.08981862, -0.0418633 , -0.07093432,  0.01867607]), array([-0.03183343, -0.08613413,  0.05261888,  0.02359265]), array([ 0.00737778,  0.00619961, -0.04791887,  0.15314959]), array([ 0.00719737,  0.00088691, -0.01283349, -0.03260939]), array([-0.05189954,  0.0474355 ,  0.06354366,  0.02778056]), array([-0.01200715, -0.04045219,  0.04978061, -0.04282279]), array([-0.0229178 , -0.0242473 , -0.00280922, -0.02834271]), array([-0.03311613, -0.03577187,  0.05505394,  0.0723514 ]), array([-0.08407581,  0.1130155 , -0.01144866, -0.05491579]), array([ 0.00520764, -0.02247928,  0.02599149,  0.01622327]), array([ 0.06812863, -0.07544866, -0.02173632, -0.08731262]), array([-0.01307695, -0.03757479,  0.01309604,  0.04302014]), array([-0.05854627,  0.0150326 ,  0.04716761, -0.06231765]), array([ 0.06637797,  0.02778102, -0.0138278 ,  0.05909207]), array([-0.02337187, -0.04954787, -0.04310947,  0.0181821 ]), array([ 0.01065776,  0.02429106,  0.04792276, -0.06659516]), array([-0.0168272 ,  0.00524213, -0.02987936, -0.05463352])]

Actions: [array([1.        , 0.81088733]), array([1.        , 0.81404714]), array([1.        , 0.81697399]), array([1.        , 0.81872268]), array([1.        , 0.81985493]), array([1.        , 0.82017948]), array([1.        , 0.81984161]), array([1.        , 0.81977042]), array([1.        , 0.82030007]), array([1.        , 0.82174157]), array([1.        , 0.82288908]), array([1.        , 0.82471735]), array([1.        , 0.82590456]), array([1.        , 0.80851258]), array([1.        , 0.83084917]), array([1.        , 0.83264255]), array([1.        , 0.83257569]), array([1.        , 0.81004725]), array([1.        , 0.80896866]), array([1.        , 0.80822664]), array([1.        , 0.80788141]), array([1.        , 0.80866212]), array([1.        , 0.80934587]), array([1.        , 0.81195309]), array([1.        , 0.81462631]), array([1.        , 0.81625564]), array([1.        , 0.81652764]), array([1.        , 0.81963565]), array([1.        , 0.82308943]), array([1.       , 0.8302643]), array([1.        , 0.83678087]), array([1.        , 0.83968731]), array([1.        , 0.84553707]), array([1.        , 0.85350107]), array([1.        , 0.86014222]), array([1.      , 0.866597]), array([1.        , 0.87614602]), array([1.        , 0.88921843]), array([1.        , 0.91176441])]