
Good
Feature: [0, 99, 11855.521590418059]

States: [array([-171.02757938,    1.30301617, -130.95374837,   -0.44861078]), array([-169.79563117,    0.80011004, -131.36510857,    0.61560482]), array([-169.09423225,    0.33933274, -130.73469259,    1.53405122]), array([-1.68764219e+02, -1.21014033e-01, -1.29192434e+02,  2.29106023e+00]), array([-168.87603741,   -0.44557289, -126.9822379 ,    2.87364658]), array([-169.37873857,   -0.88108973, -124.08960237,    3.30149253]), array([-170.27184163,   -1.27785114, -120.76141765,    3.70724311]), array([-171.60105865,   -1.64028957, -117.07869156,    3.95286584]), array([-173.25887308,   -1.42775319, -113.16292722,    4.18269244]), array([-174.62799795,   -1.34090451, -108.96779039,    4.28081183]), array([-175.99598019,   -1.13341744, -104.65543315,    4.50184169]), array([-177.15443301,   -0.8290683 , -100.19538129,    4.55852464]), array([-178.02374033,   -0.50429951,  -95.74559636,    4.67331035]), array([-178.46880648,   -0.28541003,  -91.07818839,    4.78780326]), array([-1.78745764e+02, -1.82673228e-02, -8.62949574e+01,  4.89742468e+00]), array([-178.83001101,    0.21508515,  -81.41788912,    4.92317054]), array([-178.6601627 ,    0.55075165,  -76.54986031,    4.97249761]), array([-178.03707297,    0.82182638,  -71.61382028,    5.03078225]), array([-177.2667472 ,    1.15138454,  -66.515421  ,    5.07517316]), array([-176.13188845,    1.54908746,  -61.41945622,    5.02677457]), array([-174.49509673,    2.27214809,  -56.35679264,    4.13800622]), array([-172.13501454,    2.73674604,  -52.22013239,    3.25471267]), array([-169.44650422,    3.23725146,  -48.90064155,    2.56622503]), array([-166.31318853,    3.61304025,  -46.32527851,    1.86794012]), array([-162.64940895,    3.86266878,  -44.56204016,    1.16810403]), array([-158.80435393,    4.0536675 ,  -43.32817959,    0.52003239]), array([-1.54629773e+02,  4.24989142e+00, -4.27870253e+01, -8.41658296e-02]), array([-150.39183201,    4.40456919,  -42.84644106,   -0.81332162]), array([-146.03220713,    4.55397932,  -43.68134666,   -1.15434172]), array([-141.42310413,    4.70850154,  -44.82220427,   -1.43600118]), array([-136.7650528 ,    4.83774826,  -46.16354708,   -1.51640532]), array([-131.97794987,    4.82316863,  -47.64677871,   -1.64678642]), array([-127.21246172,    4.87116916,  -49.31937769,   -1.75489139]), array([-122.4511659 ,    4.84236329,  -51.04170341,   -1.89371496]), array([-117.66940293,    4.82437904,  -52.90805873,   -1.95666449]), array([-112.87774836,    4.74818462,  -54.83633566,   -0.57365626]), array([-108.13238907,    3.96615097,  -55.46418947,    0.64779258]), array([-104.13970307,    3.34064896,  -54.80581301,    1.55270006]), array([-100.82249588,    2.6014092 ,  -53.21013909,    2.18085422]), array([-98.23737433,   1.98936598, -51.01540895,   2.72641479]), array([-96.19368177,   1.5044517 , -48.29563622,   3.17577156]), array([-94.71927232,   0.99810047, -45.14496713,   3.60173443]), array([-93.70808431,   0.55134217, -41.63543256,   3.93180416]), array([-93.13052642,   0.18585583, -37.83869965,   4.09734568]), array([-92.95580138,  -0.24479004, -33.76177257,   4.38868737]), array([-93.14751483,  -0.50557468, -29.36001537,   4.56041393]), array([-93.61567647,  -0.24070524, -24.83800321,   4.6062393 ]), array([-9.39492820e+01, -1.01749350e-02, -2.02075639e+01,  4.70576395e+00]), array([-94.01823366,   0.18203247, -15.48491691,   4.77076448]), array([-93.81917908,   0.32281174, -10.62527564,   4.8071746 ]), array([-93.5473079 ,   0.43918818,  -5.70903863,   4.87840236]), array([-93.08574078,   0.53745365,  -0.87883413,   4.83258996]), array([-92.55077077,   0.65689684,   3.95886157,   4.85882887]), array([-91.91767608,   0.3405542 ,   8.69390609,   4.87957293]), array([-91.57307956,   0.18596593,  13.57413358,   4.81877212]), array([-9.14397885e+01, -9.62993740e-03,  1.83804764e+01,  4.81123430e+00]), array([-91.42881672,  -0.16649691,  23.17897703,   4.79101188]), array([-91.56741043,   0.31873704,  28.09361519,   4.93297282]), array([-91.27511197,   0.79711653,  33.06460529,   4.90665766]), array([-90.46719649,   1.19787069,  38.00551379,   4.93973624]), array([-89.2225479 ,   1.97739426,  43.01424596,   4.09830681]), array([-87.23900546,   2.62596789,  47.03758334,   3.26410836]), array([-84.56973652,   3.20503186,  50.25809892,   2.61274762]), array([-81.33763159,   3.58025612,  52.8696873 ,   2.62140965]), array([-77.77648216,   3.930912  ,  55.46898935,   2.70920165]), array([-73.88285463,   4.10717743,  58.14846221,   2.70182349]), array([-69.7061818 ,   3.91408942,  60.8303037 ,   3.19121655]), array([-65.82515525,   3.67952886,  64.10424114,   3.66066387]), array([-62.16644607,   3.83060904,  67.81422688,   3.32305432]), array([-58.42322315,   4.10947561,  71.1887271 ,   3.02220506]), array([-54.25512873,   4.29255677,  74.19560547,   2.45694889]), array([-49.92784522,   4.53664327,  76.61656856,   1.80389638]), array([-45.42860121,   4.67841023,  78.43736696,   1.51060015]), array([-40.82370467,   4.71762832,  79.8724885 ,   0.68882908]), array([-36.14972979,   4.82912689,  80.5721929 ,  -0.35508268]), array([-31.35980103,   4.84693665,  80.13113589,  -1.22981371]), array([-26.55536843,   4.91069027,  78.94355543,  -2.07372965]), array([-21.62571077,   4.93536445,  76.9508809 ,  -2.63590721]), array([-16.68113642,   4.93340927,  74.22794672,  -1.84425154]), array([-11.72892191,   5.02505197,  72.38295015,  -0.86130518]), array([-6.70693791,  4.83913301, 71.51383605,  0.34013044]), array([-1.86826048,  3.78355691, 71.80681105, -0.64530442]), array([ 1.99442858,  2.92092319, 71.18197042, -1.43802047]), array([ 4.91727245,  2.22986177, 69.78148178, -2.1524973 ]), array([ 7.16230512,  1.55655866, 67.56656678, -2.75822495]), array([ 8.6681909 ,  1.03720328, 64.80364644, -3.12645015]), array([ 9.69184331,  0.59184735, 61.68237796, -3.56482668]), array([10.24010713,  0.06053633, 58.1282542 , -3.90567574]), array([10.27443603, -0.22096312, 54.22584394, -4.05002113]), array([10.13387369, -0.3755572 , 50.22258983, -4.29495018]), array([ 9.79530554, -0.59086272, 45.89893421, -4.44063413]), array([ 9.20372849, -0.82748719, 41.49184043, -4.63470242]), array([ 8.34024941, -0.87127019, 36.82035756, -4.68750668]), array([ 7.52263568, -1.00592861, 32.15221863, -4.75838463]), array([ 6.56145369, -1.09264975, 27.47682948, -4.8346923 ]), array([ 5.54682096, -1.11341159, 22.73325977, -4.79148213]), array([ 4.42055222, -1.096891  , 17.97538063, -4.79356904]), array([ 3.31935699, -1.12699168, 13.16815945, -4.84220196]), array([ 2.21474402, -1.14827051,  8.23519771, -4.82015631]), array([-0.02746615, -0.02647394, -0.03680698,  0.01244221])]

Actions: [array([-0.26262246,  1.        ]), array([-0.32109198,  1.        ]), array([-0.36970582,  1.        ]), array([-0.32026038,  1.        ]), array([-0.51753581,  1.        ]), array([-0.54511512,  1.        ]), array([-0.57326244,  1.        ]), array([-0.15076046,  1.        ]), array([-0.11768114,  1.        ]), array([-0.086499,  1.      ]), array([-0.0446278,  1.       ]), array([0.14965828, 1.        ]), array([0.18818146, 1.        ]), array([0.22579332, 1.        ]), array([0.2704277, 1.       ]), array([0.32539891, 1.        ]), array([0.39386009, 1.        ]), array([0.47788926, 1.        ]), array([0.63473882, 1.        ]), array([1.        , 0.08349958]), array([ 1.        , -0.03062193]), array([ 1.        , -0.13377094]), array([ 1.      , -0.230296]), array([ 1.        , -0.32454167]), array([ 1.        , -0.41880744]), array([ 1.       , -0.5223318]), array([ 1.        , -0.63914609]), array([ 1.        , -0.48300343]), array([ 1.        , -0.53487326]), array([ 1.        , -0.36954728]), array([ 1.        , -0.48051923]), array([ 1.        , -0.38626019]), array([ 1.        , -0.39105328]), array([ 1.        , -0.39565823]), array([1.        , 0.97240205]), array([0.16411182, 1.        ]), array([0.07438586, 1.        ]), array([5.02083781e-04, 1.00000000e+00]), array([-0.06354399,  1.        ]), array([-0.11848969,  1.        ]), array([-0.168972,  1.      ]), array([-0.21487661,  1.        ]), array([-0.25878217,  1.        ]), array([-0.31658036,  1.        ]), array([-0.34506642,  1.        ]), array([0.15270581, 1.        ]), array([0.17118729, 1.        ]), array([0.19058423, 1.        ]), array([0.20875027, 1.        ]), array([0.22556867, 1.        ]), array([0.2447826, 1.       ]), array([0.26339019, 1.        ]), array([-0.09309148,  1.        ]), array([-0.11780754,  1.        ]), array([-0.14164873,  1.        ]), array([-0.16576147,  1.        ]), array([0.47790055, 1.        ]), array([0.55764196, 1.        ]), array([0.65221211, 1.        ]), array([1.        , 0.10616275]), array([1.        , 0.04629815]), array([ 1.        , -0.00316908]), array([1.        , 0.59768391]), array([1.        , 0.58427874]), array([1.        , 0.57328019]), array([0.72443634, 1.        ]), array([0.59460222, 1.        ]), array([1.        , 0.37272277]), array([1.        , 0.30313853]), array([1.        , 0.07287125]), array([ 1.        , -0.14165713]), array([1.        , 0.06606742]), array([ 1.        , -0.57533559]), array([ 1.        , -0.80454757]), array([ 1.        , -0.90426325]), array([ 0.99961533, -1.        ]), array([ 0.90757348, -1.        ]), array([1.        , 0.26345118]), array([1.        , 0.57969146]), array([0.84314251, 1.        ]), array([ 0.01557623, -1.        ]), array([-0.10256738, -1.        ]), array([-0.1468467, -1.       ]), array([-0.18269051, -1.        ]), array([-0.21383878, -1.        ]), array([-0.23931402, -1.        ]), array([-0.26167526, -1.        ]), array([-0.28122205, -1.        ]), array([-0.2970012, -1.       ]), array([-0.31248214, -1.        ]), array([-0.32845239, -1.        ]), array([-0.22612152, -1.        ]), array([-0.230288, -1.      ]), array([-0.23647311, -1.        ]), array([-0.24038262, -1.        ]), array([-0.24428475, -1.        ]), array([-0.24559703, -1.        ]), array([-0.24910721, -1.        ])]
Bad
Feature: [19, 19, 4756.541307995497]

States: [array([-168.66211073,    1.1548422 , -129.30106099,   -0.80901465]), array([-1.67370872e+02,  1.86677907e+00, -1.30182797e+02,  1.58711215e-01]), array([-165.53783038,    2.49582776, -129.98231594,    0.9133269 ]), array([-162.96557071,    2.92855047, -129.09811714,    1.46547869]), array([-159.99652248,    3.35079525, -127.66084466,    2.00762757]), array([-156.6353481 ,    3.73947088, -125.63922424,    2.41498457]), array([-152.91229588,    3.92204425, -123.19957202,    2.74034891]), array([-149.01411093,    4.13430996, -120.46370669,    3.00253317]), array([-144.86571862,    4.32123757, -117.5024754 ,    3.27959432]), array([-140.57098143,    4.4017786 , -114.23047187,    3.44095957]), array([-136.10602291,    4.54584327, -110.80116428,    3.68107861]), array([-131.61886241,    4.70059762, -107.17136748,    3.74191307]), array([-126.92889329,    4.74591589, -103.38372172,    3.74316693]), array([-122.20893157,    4.78728318,  -99.69694732,    3.82799761]), array([-117.44273256,    4.80319243,  -95.90495034,    3.89717053]), array([-112.64315269,    4.89166199,  -92.03394864,    3.98699256]), array([-107.76359934,    4.9277738 ,  -88.08165577,    4.03002128]), array([-102.80070867,    4.89355275,  -84.06849549,    4.0989225 ]), array([-97.95245176,   4.85436734, -80.02286869,   4.11600966]), array([-93.14831168,   4.7986907 , -75.84462162,   4.12401855]), array([-88.38433819,   4.84581986, -71.71701912,   4.23533055]), array([-83.52307987,   4.90941502, -67.44254669,   4.20668891]), array([-78.56581932,   4.96340926, -63.28045454,   4.19369247]), array([-73.60498529,   4.9567439 , -59.13909807,   4.18451972]), array([-68.68413579,   4.96885388, -54.96346274,   4.18997871]), array([-63.70055401,   4.93471548, -50.76082867,   4.1616955 ]), array([-58.79937946,   4.92369653, -46.6600213 ,   4.20580878]), array([-53.89031865,   4.8929546 , -42.4713153 ,   4.15856913]), array([-48.98135916,   4.88731409, -38.33447798,   4.15765797]), array([-44.0293915 ,   4.92673098, -34.15284616,   4.17138503]), array([-39.17610922,   4.96925452, -30.0068994 ,   4.18555635]), array([-34.20433063,   4.94879109, -25.84584368,   4.16944196]), array([-29.2977034 ,   4.97899501, -21.62519777,   4.12181611]), array([-24.26649698,   4.96658051, -17.46753972,   4.08657397]), array([-19.33878362,   4.86887863, -13.39930831,   4.12939285]), array([-14.50363715,   4.86057506,  -9.28091306,   4.17251958]), array([-9.58057853,  4.94649634, -5.09503978,  4.17273497]), array([-4.69240475,  4.95024686, -0.94533102,  4.10775443]), array([-0.0013311 ,  0.04839355,  0.01620497, -0.11526436]), array([-0.01609949, -0.0105085 ,  0.01855608, -0.02766774]), array([-0.03999281,  0.0042478 , -0.07765118, -0.04277922]), array([0.05684913, 0.06402356, 0.02176157, 0.01096265]), array([-0.03439444,  0.05619002, -0.05685763, -0.04247547]), array([-0.03465406, -0.02910766,  0.05616618, -0.04764282]), array([-0.01406573, -0.06464118,  0.02865351,  0.01286854]), array([ 0.01958166, -0.04578755,  0.06745219,  0.00725172]), array([-0.10869705,  0.06564409, -0.06484584,  0.03061037]), array([ 0.03992786, -0.04249309, -0.00108802,  0.0327393 ]), array([-0.03656649,  0.03362404, -0.03731626,  0.10252422]), array([-0.06371768, -0.00092524, -0.01449334,  0.0087092 ]), array([ 0.04168199,  0.06113534,  0.03035982, -0.04849746]), array([-0.03474679,  0.13468935, -0.01338431,  0.0669372 ]), array([ 0.04651663,  0.02965287, -0.04784653,  0.04339383]), array([ 0.02849644, -0.04915493,  0.07294502,  0.03506049]), array([-0.01723047, -0.04492921, -0.0258828 ,  0.08962116]), array([-0.1085584 , -0.03686347, -0.05391743, -0.0526534 ]), array([0.01010771, 0.04861406, 0.05940413, 0.01319061]), array([-0.12724675,  0.03369077,  0.06855508, -0.0141421 ]), array([-0.02132158, -0.00795279, -0.00196145, -0.100896  ]), array([ 0.0252373 , -0.08062533, -0.02448644, -0.01656035]), array([ 0.00345769, -0.00272521, -0.00091361, -0.04869673]), array([-0.01840621,  0.06654587,  0.09034038, -0.00439774]), array([-0.00050706,  0.05821065,  0.05623522, -0.06774931]), array([ 0.05331024, -0.03260633,  0.06224501, -0.02745955]), array([ 0.06724352, -0.00428319,  0.05493195, -0.00566733]), array([ 0.00722263, -0.01961109,  0.03293004, -0.03975977]), array([-0.00241827,  0.02205819,  0.03718108,  0.06797935]), array([-0.04644022,  0.03993944, -0.07023788,  0.07179785]), array([ 0.02914921, -0.02297155, -0.04044762,  0.02927092]), array([ 0.01209133, -0.04290771,  0.05186969, -0.00542464]), array([-0.05147382,  0.03063828,  0.00780148, -0.01917625]), array([-0.00097248,  0.00046182,  0.04823711,  0.03604666]), array([ 0.00110038, -0.0153564 , -0.02656045,  0.08005629]), array([-0.12386858,  0.06401711, -0.01339378,  0.00476375]), array([-0.02094478, -0.05428142,  0.05101186, -0.01259771]), array([-0.01169279, -0.02094282, -0.04375526,  0.03006045]), array([ 0.06825628, -0.01908471, -0.00318577, -0.00959666]), array([ 0.03818527,  0.04394567, -0.08669386,  0.02985502]), array([ 0.02882677,  0.06116121, -0.08301522, -0.06053157]), array([-0.0217858 ,  0.00224446,  0.02961077, -0.02745666]), array([ 0.03558631, -0.0855451 , -0.04328137,  0.00875604]), array([-0.03779955,  0.05299475, -0.03285808,  0.00509074]), array([ 0.02449573, -0.04239604,  0.0071693 , -0.10325887]), array([-0.00656342,  0.0118112 ,  0.01019243,  0.01228166]), array([ 0.09163159, -0.07129572,  0.00881814,  0.02880076]), array([ 0.09094697, -0.04727935,  0.05479638, -0.06309522]), array([-0.08186504,  0.05824805,  0.03444276,  0.01650511]), array([-0.07729102, -0.05612601,  0.04287493,  0.03651963]), array([ 0.0148303 ,  0.0644649 , -0.0034757 , -0.03581749]), array([-0.00362382, -0.06047407,  0.0047189 , -0.01963867]), array([-0.05144203,  0.0043108 ,  0.05197481,  0.00010413]), array([ 0.07663487, -0.01293685, -0.04654752, -0.02773057]), array([-0.04608153, -0.01536491, -0.00777027,  0.06787068]), array([ 0.06737982,  0.00758585, -0.07214203, -0.1007618 ]), array([ 0.02015021, -0.00502446,  0.01091302, -0.05356665]), array([ 0.07089535,  0.03117773,  0.02825761, -0.03359323]), array([-0.06235149,  0.03727827,  0.05498879, -0.04127301]), array([-0.08699357,  0.00796738,  0.06665952, -0.11279817]), array([-0.05405171, -0.02884831, -0.02053811,  0.05904586]), array([ 0.04724776,  0.00314337, -0.05199593, -0.15299692])]

Actions: [array([1.        , 0.78299421]), array([1.        , 0.79420312]), array([1.       , 0.8017187]), array([1.        , 0.80888183]), array([1.        , 0.81485338]), array([1.        , 0.81938925]), array([1.        , 0.82334624]), array([1.        , 0.82649356]), array([1.        , 0.82968703]), array([1.        , 0.83173742]), array([1.        , 0.83380406]), array([1.        , 0.83464257]), array([1.        , 0.83562997]), array([1.        , 0.83771053]), array([1.        , 0.83939799]), array([1.        , 0.84078018]), array([1.        , 0.84215621]), array([1.        , 0.84375142]), array([1.        , 0.84420491]), array([1.        , 0.84290981]), array([1.        , 0.84166363]), array([1.        , 0.83951191]), array([1.        , 0.83950676]), array([1.        , 0.83981698]), array([1.        , 0.83920392]), array([1.        , 0.83889111]), array([1.        , 0.83906932]), array([1.        , 0.83781145]), array([1.        , 0.83733487]), array([1.        , 0.83656212]), array([1.        , 0.83445051]), array([1.        , 0.83410447]), array([1.        , 0.82994703]), array([1.        , 0.83064492]), array([1.        , 0.83184261]), array([1.        , 0.82582129]), array([1.        , 0.81495595])]