
Good
Feature: [0, 66, 7881.27430844016]

States: [array([-170.77986873,   -1.06073318, -130.25550922,    0.28087638]), array([-171.83454016,   -0.69076628, -129.99763232,    1.19288063]), array([-172.66200632,   -0.35014516, -128.78421511,    1.85191579]), array([-1.73094060e+02, -4.65521948e-02, -1.26927783e+02,  2.52318716e+00]), array([-173.15446347,    0.23819655, -124.36773161,    3.09568056]), array([-173.00154193,    0.40658437, -121.39036594,    3.4675871 ]), array([-172.59490965,    0.55070862, -117.91327358,    3.83281232]), array([-172.02856315,    0.67456102, -114.06465086,    4.07900385]), array([-171.43946533,    0.79751743, -109.99742343,    4.22829199]), array([-170.66276736,    0.98014623, -105.71307024,    4.43192985]), array([-169.61044026,    0.98900336, -101.34439197,    4.56092674]), array([-168.54347874,    1.05031332,  -96.81551118,    4.5944177 ]), array([-167.44453251,    1.74496327,  -92.17988621,    4.76037583]), array([-165.69288317,    2.32829003,  -87.39984856,    4.89746179]), array([-163.42025562,    2.85248126,  -82.46200899,    4.91805591]), array([-160.59256773,    3.3036065 ,  -77.54871473,    4.93495684]), array([-157.37550911,    3.60445548,  -72.58047755,    4.82190976]), array([-153.73844642,    3.90479883,  -67.79419806,    4.63548241]), array([-149.8513054 ,    4.13249736,  -63.14288134,    4.28985814]), array([-145.73007797,    4.35277013,  -58.89491569,    3.91649799]), array([-141.43832557,    4.1071793 ,  -55.02129027,    4.08188747]), array([-137.30861705,    4.00822919,  -50.97086159,    4.23486636]), array([-133.25738201,    3.81981623,  -46.72643548,    4.35911868]), array([-129.52026726,    3.72573986,  -42.40448159,    4.54572883]), array([-125.82941466,    3.59940403,  -37.85027726,    4.60042992]), array([-122.24312314,    3.44818123,  -33.2887354 ,    4.72768613]), array([-118.74984555,    3.36294498,  -28.52648299,    4.82219882]), array([-115.38902436,    3.30515314,  -23.74591723,    4.88046725]), array([-112.02929444,    3.24179669,  -18.88249595,    4.94301863]), array([-108.71826025,    3.18252159,  -13.92662351,    4.94918986]), array([-105.51555693,    3.19025443,   -9.02695016,    4.93145126]), array([-102.28566011,    3.15576586,   -4.09911772,    5.00250361]), array([-99.09051204,   3.08113612,   0.84480566,   5.00434693]), array([-95.95468542,   2.970443  ,   5.85211067,   5.01019948]), array([-92.9255406 ,   2.84827175,  10.91027174,   4.96858759]), array([-90.01643696,   2.6571656 ,  15.98966537,   5.00900042]), array([-87.3821339 ,   2.72450228,  20.9859152 ,   5.02582233]), array([-84.61270014,   2.66994294,  25.8870698 ,   4.90018139]), array([-82.0744182 ,   2.64631401,  30.7945411 ,   4.85344559]), array([-79.45854263,   2.58830801,  35.69254827,   4.90971578]), array([-76.7952155 ,   2.38475658,  40.5425147 ,   4.96696474]), array([-74.34321522,   2.18089123,  45.42332778,   4.9821167 ]), array([-72.19198926,   2.05181169,  50.41107318,   4.95788176]), array([-70.10154103,   2.64713378,  55.35671035,   3.82262388]), array([-67.43003955,   3.22963686,  59.10627611,   2.76740138]), array([-64.23323801,   3.65870686,  61.89285899,   1.85285017]), array([-60.62003291,   3.90724215,  63.77761136,   0.96132453]), array([-56.65979523,   4.09171753,  64.7333334 ,   0.13392448]), array([-52.62987595,   4.30710377,  64.82200055,  -0.43469122]), array([-48.30985674,   4.43665479,  64.42910746,  -1.05457198]), array([-43.87199646,   4.56391387,  63.35060019,  -1.60803595]), array([-39.23138755,   4.75246097,  61.78473327,  -2.11524252]), array([-34.4870717 ,   4.81287787,  59.66291184,  -2.63437328]), array([-29.68447451,   4.94412643,  56.98867312,  -3.20015967]), array([-24.77883658,   4.50110911,  53.83722468,  -3.56615417]), array([-20.29328079,   3.99338948,  50.27064581,  -3.84594524]), array([-16.26435196,   3.54465815,  46.44701184,  -4.10947291]), array([-12.71977976,   3.20182202,  42.34602009,  -4.26352775]), array([-9.51380804,  2.83211036, 38.08975703, -4.37020786]), array([-6.6316212 ,  2.45885356, 33.61795477, -4.62183827]), array([-4.17053892,  2.23249785, 29.05268701, -4.72883765]), array([-1.91881531,  2.0330671 , 24.28573418, -4.86188888]), array([ 0.08771793,  1.82206864, 19.42476845, -4.84113181]), array([ 1.95500429,  1.49957073, 14.58988667, -4.87785563]), array([ 3.58799627,  1.1078682 ,  9.68252495, -4.89043354]), array([ 4.6228758 ,  0.58112143,  4.89084329, -4.94412286]), array([ 0.01862162, -0.07080691,  0.03557189, -0.04589778]), array([-0.01698054,  0.02201894, -0.04499884,  0.12985514]), array([ 0.00948865, -0.07999286, -0.01162848,  0.00415147]), array([ 0.08214381,  0.0377014 , -0.0008172 , -0.03677668]), array([-0.07795277,  0.08214275,  0.06354704,  0.0267137 ]), array([ 0.04159022, -0.00558231,  0.02943678,  0.02028296]), array([-0.05095976, -0.025911  ,  0.02879051,  0.00459126]), array([ 0.06764149,  0.02891825, -0.03231149, -0.02078592]), array([ 0.00501214,  0.03125417, -0.04693489, -0.01537509]), array([-0.04769759,  0.01916332, -0.01844998,  0.02855238]), array([-0.05883307, -0.01458917, -0.03579249, -0.07250112]), array([ 0.11880728,  0.0714591 ,  0.0373427 , -0.03658785]), array([-0.08916055,  0.07135453,  0.05504626,  0.01099355]), array([-0.00744343,  0.0154618 , -0.04786799,  0.00359701]), array([-0.05709772, -0.08078704,  0.00256877, -0.01481048]), array([-0.07496696, -0.07966565, -0.07423814,  0.00511611]), array([ 0.05573305, -0.03955554, -0.00785178, -0.02519261]), array([-0.0143872 , -0.0696206 ,  0.0494792 ,  0.01607147]), array([-0.00598584,  0.02666977,  0.00870792, -0.01241961]), array([ 0.02155094, -0.02466729, -0.01233977, -0.05856369]), array([ 0.01373742,  0.10190059, -0.0814064 ,  0.06413734]), array([ 0.00519986,  0.00372822,  0.02077709, -0.06398308]), array([ 0.02527635, -0.05841873,  0.02812871,  0.02019094]), array([ 0.0586894 , -0.03705554,  0.00246321,  0.0046873 ]), array([-0.08471649, -0.05845411, -0.03850977, -0.005006  ]), array([ 0.03165222, -0.17727322, -0.04601316, -0.11890282]), array([-0.04482927,  0.05339237, -0.03020533,  0.06111224]), array([ 0.0500008 , -0.0507709 ,  0.04545459,  0.00946458]), array([ 0.07626954,  0.02654317,  0.03172158, -0.02778632]), array([-0.03787832,  0.0133033 , -0.02765597,  0.03595647]), array([-0.00614276, -0.05241997, -0.07932062, -0.03041135]), array([ 0.01241177,  0.09114254,  0.02748968, -0.11381923]), array([ 0.0447611 ,  0.079952  , -0.08285994,  0.02214508]), array([ 0.09809152,  0.0865718 ,  0.02195925, -0.04906261])]

Actions: [array([0.19376529, 1.        ]), array([0.20867174, 1.        ]), array([0.22349753, 1.        ]), array([0.2354207, 1.       ]), array([0.24510444, 1.        ]), array([0.25391155, 1.        ]), array([0.26159034, 1.        ]), array([0.2691613, 1.       ]), array([0.27850695, 1.        ]), array([0.28686749, 1.        ]), array([0.29128769, 1.        ]), array([0.85857831, 1.        ]), array([0.93425189, 1.        ]), array([1.        , 0.98447042]), array([1.       , 0.8988631]), array([1.        , 0.81627985]), array([1.        , 0.72443003]), array([1.       , 0.6260246]), array([1.        , 0.50264714]), array([0.67385015, 1.        ]), array([0.65815918, 1.        ]), array([0.64396241, 1.        ]), array([0.63063184, 1.        ]), array([0.61993293, 1.        ]), array([0.61029274, 1.        ]), array([0.60090025, 1.        ]), array([0.59307027, 1.        ]), array([0.58614422, 1.        ]), array([0.57897687, 1.        ]), array([0.5722915, 1.       ]), array([0.5657742, 1.       ]), array([0.55791786, 1.        ]), array([0.54940204, 1.        ]), array([0.54108929, 1.        ]), array([0.53400199, 1.        ]), array([0.52856132, 1.        ]), array([0.52877063, 1.        ]), array([0.52199699, 1.        ]), array([0.52309326, 1.        ]), array([0.3823834, 1.       ]), array([0.34753342, 1.        ]), array([0.30629546, 1.        ]), array([ 1.        , -0.20332008]), array([ 1.        , -0.30050415]), array([ 1.        , -0.38706525]), array([ 1.        , -0.46853082]), array([ 1.        , -0.54667733]), array([ 1.        , -0.62129744]), array([ 1.        , -0.68989669]), array([ 1.       , -0.7672013]), array([ 1.        , -0.84732398]), array([ 1.        , -0.94432983]), array([ 0.93953258, -1.        ]), array([ 0.51504826, -1.        ]), array([ 0.45565366, -1.        ]), array([ 0.40032534, -1.        ]), array([ 0.3481436, -1.       ]), array([ 0.29978591, -1.        ]), array([ 0.25094771, -1.        ]), array([ 0.2007288, -1.       ]), array([ 0.1500517, -1.       ]), array([ 0.09030153, -1.        ]), array([ 0.01512985, -1.        ]), array([-0.0968744, -1.       ]), array([-0.28662972, -1.        ])]
Bad
Feature: [0, 65, 7894.918873931858]

States: [array([-170.17798434,   -0.92774694, -130.51045674,    0.94423569]), array([-171.1335217 ,   -0.42817717, -129.63536628,    1.73757022]), array([-1.71599939e+02, -4.96279244e-02, -1.27944077e+02,  2.43251803e+00]), array([-171.78098257,    0.23535987, -125.6015715 ,    2.90653232]), array([-171.55866787,    0.49446132, -122.67488572,    3.27695275]), array([-171.09091762,    0.70965153, -119.4335983 ,    3.6573448 ]), array([-170.29747416,    0.83809029, -115.83077112,    3.90191932]), array([-169.45939879,    0.95234048, -111.93521018,    4.09739733]), array([-168.44751527,    1.07878874, -107.86342494,    4.29167238]), array([-167.34645684,    1.14672824, -103.50387405,    4.40725102]), array([-166.21678288,    1.33025758,  -99.18237971,    4.60695535]), array([-164.90178439,    1.47582233,  -94.54390812,    4.63132058]), array([-163.43628598,    1.53793874,  -89.96651716,    4.64567735]), array([-161.87597842,    1.58546807,  -85.26443197,    4.63046196]), array([-160.2017588 ,    1.88747231,  -80.56649034,    4.61559588]), array([-158.23215143,    2.18473288,  -75.90890705,    4.75614258]), array([-156.05664571,    2.35551433,  -71.17987611,    4.80430464]), array([-153.63134915,    2.55825523,  -66.29074354,    4.81977184]), array([-151.03201648,    2.67990518,  -61.40325453,    4.89188889]), array([-148.38603799,    2.80111872,  -56.56118775,    5.05263072]), array([-145.53438235,    3.01056088,  -51.52188611,    5.04447257]), array([-142.49129387,    3.0705926 ,  -46.37954461,    5.01780766]), array([-139.50350386,    3.17511543,  -41.33499616,    4.96715624]), array([-136.27640272,    3.25073126,  -36.385016  ,    4.85482816]), array([-133.04256391,    3.33131076,  -31.60208617,    5.02673656]), array([-129.69366368,    3.38435365,  -26.64157453,    4.93576668]), array([-126.32675965,    3.3855028 ,  -21.68630635,    5.07255665]), array([-122.87742726,    3.38633878,  -16.5818499 ,    4.98676015]), array([-119.49001589,    3.50624225,  -11.5558484 ,    5.02867405]), array([-116.10310557,    3.50162789,   -6.47645762,    4.91609687]), array([-112.63789014,    3.44701169,   -1.56136998,    4.88747217]), array([-109.26262691,    3.41983579,    3.25678883,    4.90893734]), array([-105.90026468,    3.53314118,    8.12847464,    4.89216372]), array([-102.2972982 ,    3.60201227,   13.05234778,    4.89786017]), array([-98.687052  ,   3.60001514,  17.91916206,   4.97453058]), array([-95.11230479,   3.65366453,  22.87608848,   4.91251583]), array([-91.381975  ,   3.68576292,  27.80655259,   5.00720805]), array([-87.6781205 ,   3.75917473,  32.88425635,   4.98509785]), array([-83.95527975,   3.81010575,  37.84705325,   4.94967995]), array([-80.13435312,   3.83189974,  42.75242483,   4.98600895]), array([-76.25337406,   3.8475759 ,  47.73997422,   5.04216547]), array([-72.43179779,   3.8503986 ,  52.75510165,   5.0281896 ]), array([-68.69164155,   4.08896307,  57.74069014,   4.02491137]), array([-64.44491468,   4.26092173,  61.83117853,   3.15164427]), array([-60.21100969,   4.45481311,  65.02085594,   2.28542232]), array([-55.69756996,   4.55920717,  67.38257415,   1.47267352]), array([-51.19711179,   4.64362384,  68.73527506,   0.61172909]), array([-46.60757466,   4.77257167,  69.2289627 ,  -0.09744516]), array([-41.86489817,   4.89605875,  69.16146975,  -0.94474211]), array([-36.99641478,   4.93016665,  68.31114548,  -1.67380716]), array([-32.12690065,   4.86139758,  66.62860136,  -2.41706936]), array([-27.30667965,   4.60583684,  64.22212506,  -2.96034093]), array([-22.74357333,   4.32321734,  61.23574786,  -3.33969333]), array([-18.46436846,   3.77530956,  57.92019006,  -3.7368707 ]), array([-14.71157632,   3.19123107,  54.14212034,  -3.9974161 ]), array([-11.48754025,   2.84206983,  50.16836013,  -4.23837284]), array([-8.66007709,  2.49075481, 45.91832082, -4.43149312]), array([-6.18100614,  2.14354515, 41.4229066 , -4.54248749]), array([-4.05019477,  1.84319791, 36.87696495, -4.61286514]), array([-2.21571965,  1.55426376, 32.29783596, -4.69462587]), array([-0.63563843,  1.39817972, 27.55942858, -4.69447323]), array([ 0.76627114,  1.21920253, 22.8936849 , -4.68434764]), array([ 2.07060873,  0.99550706, 18.19403094, -4.77643327]), array([ 3.05129817,  0.63740438, 13.46379675, -4.73433295]), array([ 3.71717456,  0.29797501,  8.74286315, -4.86794993]), array([-0.0129668 , -0.02076408,  0.04186709, -0.04430072]), array([-0.05785108, -0.01505297, -0.03704903,  0.01063717]), array([ 0.04048557, -0.04628567,  0.06317052, -0.01392773]), array([-0.05064296,  0.01930964, -0.00062257,  0.06270832]), array([-0.04865708,  0.01523789, -0.00363306, -0.04624786]), array([-0.04926173,  0.03813074, -0.00797234,  0.00741903]), array([ 0.03124236, -0.03988525, -0.02941863, -0.04349109]), array([ 0.05037785, -0.01663072,  0.00376717, -0.01529985]), array([ 0.01995893, -0.11929647, -0.01574851, -0.01211101]), array([-0.01206937, -0.03686733,  0.09499987,  0.01750513]), array([0.03738763, 0.03138761, 0.05096022, 0.06864098]), array([-0.0446557 ,  0.01631448, -0.03918413,  0.06928911]), array([0.02296518, 0.02802546, 0.00420735, 0.00497463]), array([-0.02891341, -0.01765538, -0.04024408, -0.03989472]), array([-0.00789008, -0.07999463, -0.03784242, -0.03504479]), array([ 0.01826132, -0.05890316, -0.04519651, -0.03561262]), array([ 0.03728882, -0.01385384, -0.00568521, -0.02723469]), array([ 0.05275829,  0.0203235 ,  0.04130096, -0.01370831]), array([-0.01432955,  0.00023698,  0.03288846, -0.05281313]), array([-0.01473009,  0.00046416, -0.043543  ,  0.06170332]), array([ 0.11411919, -0.07299655,  0.03971735, -0.02848694]), array([-0.1007891 , -0.1050953 , -0.02854779,  0.06055925]), array([ 0.01488854, -0.06854963, -0.02225938, -0.03003495]), array([ 0.01558683, -0.01541645, -0.02764829,  0.04289148]), array([-0.05093767,  0.04690213, -0.00450714,  0.0021861 ]), array([-0.11566369, -0.04571855,  0.04145715,  0.01004583]), array([ 0.02740982, -0.03405683, -0.03893201,  0.0531338 ]), array([ 0.01371316, -0.02246978,  0.08100832, -0.05100852]), array([ 0.09357714, -0.03820512,  0.04999036,  0.00648979]), array([-0.09801404,  0.04924791, -0.04362467,  0.02099395]), array([-0.03451887,  0.01334227, -0.06142764, -0.04693846]), array([ 0.00405029,  0.00699108,  0.03830473, -0.0470694 ]), array([-0.02122156,  0.01853252,  0.00688924, -0.04919786]), array([-0.01115397,  0.01179565,  0.02446774,  0.01321152]), array([ 0.02334818, -0.08289027, -0.03165803,  0.00877472])]

Actions: [array([0.24824756, 1.        ]), array([0.2660962, 1.       ]), array([0.28041245, 1.        ]), array([0.29399882, 1.        ]), array([0.30486124, 1.        ]), array([0.31423684, 1.        ]), array([0.32076252, 1.        ]), array([0.32933373, 1.        ]), array([0.3368242, 1.       ]), array([0.34610634, 1.        ]), array([0.35648884, 1.        ]), array([0.36754751, 1.        ]), array([0.37587806, 1.        ]), array([0.64504165, 1.        ]), array([0.65492802, 1.        ]), array([0.66308382, 1.        ]), array([0.67059818, 1.        ]), array([0.67754172, 1.        ]), array([0.68357632, 1.        ]), array([0.68944319, 1.        ]), array([0.69520165, 1.        ]), array([0.70036616, 1.        ]), array([0.70593313, 1.        ]), array([0.70880707, 1.        ]), array([0.7105794, 1.       ]), array([0.71269279, 1.        ]), array([0.71479615, 1.        ]), array([0.71751943, 1.        ]), array([0.72073, 1.     ]), array([0.72507279, 1.        ]), array([0.72676754, 1.        ]), array([0.72913712, 1.        ]), array([0.73305152, 1.        ]), array([0.73320044, 1.        ]), array([0.73211753, 1.        ]), array([0.73372748, 1.        ]), array([0.76761557, 1.        ]), array([0.77578784, 1.        ]), array([0.78257015, 1.        ]), array([0.78386002, 1.        ]), array([0.78708106, 1.        ]), array([ 1.        , -0.02613337]), array([ 1.        , -0.12052622]), array([ 1.        , -0.21330353]), array([ 1.      , -0.303508]), array([ 1.        , -0.56279833]), array([ 1.        , -0.67296518]), array([ 1.        , -0.78972751]), array([ 1.        , -0.93152731]), array([ 0.90381639, -1.        ]), array([ 0.74898423, -1.        ]), array([ 0.59198763, -1.        ]), array([ 0.41982384, -1.        ]), array([ 0.1963554, -1.       ]), array([ 0.27199233, -1.        ]), array([ 0.23045491, -1.        ]), array([ 0.1914234, -1.       ]), array([ 0.15365239, -1.        ]), array([ 0.11626049, -1.        ]), array([ 0.07765267, -1.        ]), array([ 0.03583773, -1.        ]), array([-0.01492647, -1.        ]), array([-0.08497257, -1.        ]), array([-0.17781405, -1.        ])]