
Good
Feature: [2, 66, 7772.411501861793]

States: [array([-171.41854366,   -0.40156734, -129.33029649,    0.92291867]), array([-171.8746356 ,   -0.23012386, -128.47834114,    1.76180902]), array([-1.72097117e+02, -4.76633028e-02, -1.26701580e+02,  2.31057188e+00]), array([-172.16981441,    0.4971606 , -124.35298695,    2.80951209]), array([-171.6616831 ,    0.73557794, -121.47497672,    3.1947758 ]), array([-170.85276488,    0.94316374, -118.30344579,    3.55650071]), array([-169.88619745,    1.1294772 , -114.74092386,    3.90665877]), array([-168.75847567,    1.32917767, -110.87664809,    4.1128365 ]), array([-167.48515186,    1.41352629, -106.72435806,    4.260019  ]), array([-166.00867193,    1.56929071, -102.42471843,    4.34107848]), array([-164.40554939,    1.57502228,  -98.10536161,    4.42204295]), array([-162.85389872,    1.68128102,  -93.64426109,    4.55762685]), array([-161.19550832,    1.96763614,  -89.1023626 ,    4.60060631]), array([-159.21448995,    2.43267445,  -84.51299066,    4.68463447]), array([-156.77812752,    2.97430327,  -79.83830513,    4.14863031]), array([-153.73843033,    3.41334677,  -75.60662826,    3.53462342]), array([-150.33404647,    3.74594042,  -72.06121515,    3.79440097]), array([-146.59399227,    3.87617118,  -68.23410486,    4.03368069]), array([-142.69253682,    4.0888983 ,  -64.19274915,    4.21805746]), array([-138.65780319,    4.3472006 ,  -59.98869584,    4.06432256]), array([-134.25206333,    4.10286179,  -55.87509077,    4.28618547]), array([-130.14894055,    3.79547174,  -51.63806618,    4.53028038]), array([-126.36452966,    3.47371546,  -47.08573494,    4.5332254 ]), array([-122.93895307,    3.29781334,  -42.48291   ,    4.62651364]), array([-119.60660324,    3.32327089,  -37.79515531,    4.66470294]), array([-116.26993635,    3.27325655,  -33.15127457,    4.73283504]), array([-112.93737375,    3.2357574 ,  -28.39723769,    4.75950835]), array([-109.63245441,    3.17626763,  -23.61450501,    4.84371034]), array([-106.40964962,    3.07878266,  -18.71038169,    4.87532271]), array([-103.35300451,    3.04143584,  -13.76708962,    4.85416084]), array([-100.33665444,    2.94377373,   -9.00465957,    4.90929839]), array([-97.45319835,   2.832137  ,  -4.00454313,   4.92036519]), array([-94.69026507,   2.83509504,   0.93232702,   4.91962067]), array([-91.86358981,   2.83574348,   5.79134902,   4.97617166]), array([-89.03456009,   2.84864862,  10.72761934,   4.98361808]), array([-86.20134291,   2.81696091,  15.69115603,   4.92887861]), array([-83.4670159 ,   2.89359557,  20.66380248,   4.89941438]), array([-80.63283039,   2.8742568 ,  25.60702257,   4.8710481 ]), array([-77.69772769,   2.70896161,  30.48437698,   4.78820823]), array([-74.96156257,   2.60773614,  35.29931521,   4.72254994]), array([-72.34939862,   2.43798389,  40.05353603,   4.80315043]), array([-69.90094011,   1.82870474,  44.88118183,   4.9551223 ]), array([-68.0138877 ,   1.85723482,  49.81281093,   4.95128183]), array([-66.19530121,   2.4537261 ,  54.75350647,   4.03879129]), array([-63.77409726,   2.91808453,  58.74822704,   2.80923098]), array([-60.79768886,   3.33699106,  61.58585051,   1.83260598]), array([-57.44662538,   3.74448766,  63.36140099,   0.9653706 ]), array([-53.73682305,   3.9929551 ,  64.22798026,   0.12779508]), array([-49.68277059,   4.16248897,  64.33835204,  -0.66414895]), array([-45.55324322,   4.3031681 ,  63.66731918,  -1.06645848]), array([-41.19513748,   4.52038995,  62.55374901,  -1.58575896]), array([-36.65306384,   4.60210958,  60.9605331 ,  -2.04421534]), array([-32.1335043 ,   4.66711413,  58.89257581,  -1.8571392 ]), array([-27.37900433,   4.80033656,  56.97581732,  -1.48127306]), array([-22.56563063,   4.80033985,  55.48768048,  -1.04569361]), array([-17.73225427,   4.32135857,  54.4872372 ,  -1.8539596 ]), array([-13.42379102,   3.78163399,  52.66739249,  -2.47480199]), array([-9.64296117,  3.29983902, 50.30619986, -3.01516005]), array([-6.41779167,  2.82689881, 47.24251426, -3.42209695]), array([-3.54724494,  2.34352425, 43.74473385, -3.75827796]), array([-1.17533776,  1.903316  , 39.92645395, -4.00329982]), array([ 0.66474637,  1.46458212, 35.97112572, -4.23868493]), array([ 2.12495521,  1.16680967, 31.6611295 , -4.38104517]), array([ 3.27038555,  0.89164763, 27.2717048 , -4.50894058]), array([ 4.10156388,  0.50736874, 22.69255873, -4.60710659]), array([ 4.78653194,  0.1222382 , 18.11027005, -4.81124971]), array([ 4.8443722 , -0.2422179 , 13.27285137, -4.92459257]), array([ 4.67904472, -0.69766993,  8.32861443, -4.92905996]), array([-0.02667872,  0.05340735,  0.06138503,  0.00150737]), array([-0.00436697,  0.04130806,  0.04156745,  0.04246921]), array([0.07890872, 0.00389705, 0.0510718 , 0.01645474]), array([0.01697929, 0.10381731, 0.04249992, 0.02077792]), array([-0.02670797,  0.00442813,  0.00985743,  0.07509458]), array([0.04255368, 0.00165241, 0.00261087, 0.02883456]), array([-0.06104986, -0.03923786, -0.07716587, -0.06104433]), array([ 0.0485213 ,  0.06339491, -0.03379146,  0.05356873]), array([ 0.02860589,  0.02727351,  0.04406317, -0.12424073]), array([-0.01107851, -0.0823406 , -0.02916257, -0.0492014 ]), array([-0.04693647, -0.01934457, -0.04159136, -0.03060927]), array([-0.08331222,  0.07432256, -0.0154063 ,  0.06519933]), array([ 0.05360511, -0.01064293, -0.04198824,  0.02662972]), array([-0.06075576,  0.00552709,  0.07038959,  0.00544774]), array([ 0.02169794, -0.05148736,  0.01847061, -0.04637662]), array([ 0.02564722, -0.00171026, -0.04160719,  0.01017243]), array([ 0.03561277,  0.03546807, -0.01139822,  0.02065659]), array([ 0.08770535, -0.00866751, -0.03623148,  0.02146317]), array([0.0433014 , 0.03147915, 0.117054  , 0.02246396]), array([-0.02986957, -0.10830062,  0.07230897,  0.01054882]), array([-0.10755048,  0.01691064, -0.08013329, -0.08362381]), array([ 0.02993464, -0.02376557, -0.09430774, -0.00139972]), array([-0.01938875,  0.02943131, -0.02907492,  0.0379248 ]), array([-0.02934599, -0.03436149, -0.01948076, -0.0294238 ]), array([-0.0570292 ,  0.0687759 ,  0.04423075, -0.08316276]), array([ 0.00753235,  0.0505742 ,  0.0321884 , -0.01027087]), array([-0.03399091, -0.03431019, -0.00777064, -0.0064834 ]), array([-0.06495279, -0.03483779, -0.04211926, -0.00926687]), array([-0.09442193,  0.00560344,  0.05840725,  0.03166614]), array([ 0.02001187,  0.04052839, -0.02619833,  0.05420961]), array([-0.03133298, -0.05912317, -0.13255533,  0.03223541]), array([ 0.02134195,  0.01483331, -0.0568357 , -0.00800698])]

Actions: [array([0.01690588, 1.        ]), array([0.02594521, 1.        ]), array([0.50120865, 1.        ]), array([0.35843342, 1.        ]), array([0.3679735, 1.       ]), array([0.3749009, 1.       ]), array([0.38256756, 1.        ]), array([0.39048779, 1.        ]), array([0.39916474, 1.        ]), array([0.40585934, 1.        ]), array([0.41061926, 1.        ]), array([0.64245115, 1.        ]), array([0.81943683, 1.        ]), array([1.        , 0.40167704]), array([1.        , 0.24994302]), array([0.95312606, 1.        ]), array([0.95248725, 1.        ]), array([0.94982154, 1.        ]), array([1.        , 0.74419706]), array([0.59243757, 1.        ]), array([0.57163246, 1.        ]), array([0.55303374, 1.        ]), array([0.60808483, 1.        ]), array([0.60061662, 1.        ]), array([0.59409324, 1.        ]), array([0.58634626, 1.        ]), array([0.55848491, 1.        ]), array([0.55058386, 1.        ]), array([0.54364426, 1.        ]), array([0.53839727, 1.        ]), array([0.53150414, 1.        ]), array([0.58845652, 1.        ]), array([0.59133362, 1.        ]), array([0.59237989, 1.        ]), array([0.59478006, 1.        ]), array([0.59821269, 1.        ]), array([0.60630788, 1.        ]), array([0.47562573, 1.        ]), array([0.51329864, 1.        ]), array([0.34465173, 1.        ]), array([-0.05204022,  1.        ]), array([0.49618317, 1.        ]), array([1.        , 0.09615967]), array([ 1.        , -0.35776265]), array([ 1.        , -0.46052582]), array([ 1.        , -0.55546659]), array([ 1.        , -0.64422724]), array([ 1.        , -0.73161569]), array([ 1.        , -0.62215058]), array([ 1.        , -0.68287427]), array([ 1.        , -0.75210899]), array([ 1.        , -0.13843243]), array([ 1.        , -0.03562125]), array([1.        , 0.15279432]), array([ 0.4067682, -1.       ]), array([ 0.32073716, -1.        ]), array([ 0.2456889, -1.       ]), array([ 0.17467896, -1.        ]), array([ 0.11503309, -1.        ]), array([ 0.05570437, -1.        ]), array([-0.00144245, -1.        ]), array([-0.05600597, -1.        ]), array([-0.12110345, -1.        ]), array([-0.18141127, -1.        ]), array([-0.25295714, -1.        ]), array([-0.35185729, -1.        ]), array([-0.47930871, -1.        ])]
Bad
Feature: [19, 20, 4897.221876605502]

States: [array([-1.69728262e+02,  1.04079668e-01, -1.27928666e+02, -1.98426485e-01]), array([-169.56149097,    1.16261502, -128.12901569,    0.59354879]), array([-168.38619299,    1.94418778, -127.53049616,    1.32249546]), array([-166.43102952,    2.55480684, -126.09007672,    1.73143715]), array([-163.81237583,    2.99650629, -124.28987332,    2.14444748]), array([-160.84865416,    3.40295866, -122.0944619 ,    2.50170833]), array([-157.3905349 ,    3.70787808, -119.59653951,    2.75295184]), array([-153.66643642,    3.9841553 , -116.90085182,    2.90421052]), array([-149.61218256,    4.13163361, -114.11362105,    3.02775729]), array([-145.53778271,    4.38124627, -111.02980722,    3.09881117]), array([-141.11873981,    4.48606923, -107.88155508,    3.22941104]), array([-136.68796581,    4.67948173, -104.59504274,    3.34907738]), array([-132.02594458,    4.65680087, -101.25703727,    3.433695  ]), array([-127.42748807,    4.77804505,  -97.77762245,    3.51586539]), array([-122.61201573,    4.84018192,  -94.24635225,    3.63217836]), array([-117.74189833,    4.81600434,  -90.65871035,    3.62000825]), array([-113.01052867,    4.89341039,  -87.01334074,    3.63522542]), array([-108.12299371,    4.94733048,  -83.4552192 ,    3.70197813]), array([-103.1646954 ,    4.91535177,  -79.70469718,    3.73694144]), array([-98.25398288,   4.92584072, -75.97733148,   3.73002352]), array([-93.22131306,   4.91918939, -72.20000069,   3.78296122]), array([-88.2959701 ,   5.01321286, -68.52175605,   3.81736072]), array([-83.34362011,   5.08093458, -64.75121192,   3.86801663]), array([-78.20310488,   5.01092835, -60.83763074,   3.83613816]), array([-73.16236186,   4.97473984, -56.95353016,   3.78851371]), array([-68.14242655,   5.00973806, -53.13955883,   3.90296345]), array([-63.13577356,   5.00114037, -49.14936669,   3.86972302]), array([-58.20404025,   4.91015679, -45.29606079,   3.93076497]), array([-53.27440153,   4.91305644, -41.3439702 ,   3.99624668]), array([-48.39347761,   4.90963865, -37.2952457 ,   4.00079292]), array([-43.42363034,   4.95875501, -33.32191813,   3.94696377]), array([-38.41480409,   4.97583204, -29.29262163,   3.94620548]), array([-33.377143  ,   4.90058734, -25.3116503 ,   3.89706661]), array([-28.45997376,   4.91816258, -21.51270678,   3.87226794]), array([-23.56700584,   5.00463722, -17.65013957,   3.8787766 ]), array([-18.52679328,   4.99193452, -13.79095518,   3.85084305]), array([-13.56893013,   4.90963867,  -9.92580353,   3.87185334]), array([-8.67089251,  4.90753867, -6.06002685,  3.80189678]), array([-3.80059792,  5.01246757, -2.2303463 ,  3.73777609]), array([-0.04765994,  0.02353364, -0.0286766 ,  0.00628323]), array([-0.02634433, -0.04880898, -0.02856371, -0.09520759]), array([-0.01467197,  0.01904459, -0.01721564,  0.01201149]), array([0.03021601, 0.0580567 , 0.07256519, 0.00482607]), array([ 0.04002854, -0.00611088,  0.03828066,  0.01372485]), array([-0.01749262,  0.01153986, -0.00212951,  0.00302442]), array([ 0.02650375, -0.02628381, -0.02954356, -0.07851486]), array([-0.03371552,  0.07733672, -0.00838085, -0.05092598]), array([-0.0207494 ,  0.04488621,  0.02178918,  0.01210492]), array([ 0.06824371,  0.06719595, -0.05411886, -0.07867104]), array([-0.03866328,  0.00131154, -0.00295012, -0.03506281]), array([-0.01637374,  0.05597021,  0.08476654,  0.00180979]), array([-0.01397213,  0.04977682, -0.05360978,  0.02982203]), array([0.00438141, 0.00057972, 0.08255663, 0.02951462]), array([-0.00471621, -0.12306609,  0.07137416,  0.0356466 ]), array([ 0.03828625, -0.0060654 ,  0.05033311, -0.03161611]), array([-0.00533822, -0.02973389, -0.00954149, -0.02758562]), array([-0.04796619,  0.08242808,  0.00399282, -0.06112281]), array([-0.09686994,  0.12266743, -0.06560833,  0.01039112]), array([-0.08076945, -0.00402245, -0.01867568,  0.03685832]), array([-0.03023927, -0.03150852, -0.01689143, -0.08052729]), array([-0.15362224, -0.04882818, -0.04081654, -0.01977134]), array([ 0.04772285,  0.06936152,  0.12630912, -0.0555507 ]), array([-0.0012807 , -0.02659228, -0.01722997,  0.1566067 ]), array([ 0.03148029, -0.04273579,  0.01477812, -0.00523285]), array([-0.01843115,  0.0252657 , -0.0886544 ,  0.01782739]), array([ 0.0006772 ,  0.00536941,  0.10654118, -0.00524681]), array([-0.00289868, -0.06902448,  0.03857415,  0.09008489]), array([ 0.00975816,  0.05972905,  0.01587916, -0.02722721]), array([ 0.11402031, -0.00515842, -0.059432  , -0.03990496]), array([-0.01367108, -0.01033695,  0.04587748, -0.00816996]), array([ 0.08807777,  0.04942142, -0.00746672,  0.01216358]), array([-0.03398026,  0.0883003 , -0.0217925 , -0.01597947]), array([-0.03380034,  0.06547723, -0.11373685, -0.13090042]), array([ 0.04913788,  0.00022418, -0.05467626, -0.02408257]), array([-0.04388626, -0.00433818, -0.09676504,  0.04434809]), array([-0.02093576, -0.01360399, -0.04611652, -0.04622112]), array([ 0.00545577,  0.0187666 , -0.06495044,  0.03089114]), array([-0.05921859, -0.00620155, -0.02846055,  0.05669485]), array([ 0.06207467,  0.00488322, -0.00576563, -0.0286713 ]), array([0.02626425, 0.04710465, 0.16497203, 0.05934784]), array([0.0161824 , 0.08283177, 0.03433643, 0.00960971]), array([0.04627622, 0.02908478, 0.01451195, 0.07530821]), array([ 0.00828687, -0.02822395,  0.00440293, -0.0104197 ]), array([ 0.01532456,  0.11947246,  0.00561907, -0.01280592]), array([-0.01462876, -0.01574436, -0.02728225,  0.01121206]), array([-0.0211548 ,  0.02618754,  0.04382821, -0.00761686]), array([ 0.13160237, -0.02120325, -0.01489317,  0.02473451]), array([-0.05731747,  0.0867367 ,  0.00464864,  0.01431346]), array([-0.07300794, -0.06086752,  0.01403987, -0.04850329]), array([ 0.04677892, -0.06230395, -0.02761279, -0.00913428]), array([ 0.02484081,  0.02975789, -0.01145689, -0.0778039 ]), array([-0.04534512, -0.00523867,  0.02699978,  0.03673783]), array([-0.02892407,  0.03728904,  0.00128131,  0.01831683]), array([-0.05571141,  0.02983579,  0.00585357,  0.00841953]), array([ 0.03153553, -0.05137634, -0.00748445,  0.13736731]), array([-0.01773273,  0.04056068,  0.03674852, -0.00087138]), array([ 0.0332732 , -0.04496491, -0.02170105, -0.06594235]), array([-0.02799709,  0.04564123, -0.00263989, -0.02191973]), array([ 0.00376404, -0.02422475,  0.01013028,  0.01383491]), array([-0.00348374,  0.00621632, -0.03983081, -0.06108708])]

Actions: [array([1.       , 0.7492446]), array([1.        , 0.75114636]), array([1.        , 0.75281992]), array([1.        , 0.75300731]), array([1.        , 0.75404577]), array([1.        , 0.75428828]), array([1.        , 0.75498374]), array([1.        , 0.75573102]), array([1.        , 0.75756217]), array([1.       , 0.7575812]), array([1.        , 0.75898033]), array([1.        , 0.75953293]), array([1.        , 0.76105298]), array([1.        , 0.76121008]), array([1.        , 0.76229237]), array([1.        , 0.76333915]), array([1.        , 0.76304457]), array([1.        , 0.76460718]), array([1.        , 0.76499539]), array([1.       , 0.7652892]), array([1.        , 0.76607174]), array([1.        , 0.76712892]), array([1.        , 0.76746541]), array([1.        , 0.76786176]), array([1.        , 0.77904187]), array([1.        , 0.78045361]), array([1.        , 0.77915155]), array([1.        , 0.77896832]), array([1.        , 0.77688071]), array([1.        , 0.77161746]), array([1.        , 0.76845715]), array([1.        , 0.76381425]), array([1.        , 0.75987309]), array([1.        , 0.75770704]), array([1.        , 0.75123523]), array([1.        , 0.74738953]), array([1.        , 0.73595989]), array([1.        , 0.70719485])]