
Good
Feature: [0, 67, 7986.869549429847]

States: [array([-170.17959871,    2.20615423, -130.81481463,    0.42756667]), array([-167.88935279,    1.67488396, -130.36329022,    1.35255712]), array([-166.2257075 ,    1.33631679, -129.09770294,    2.05429167]), array([-164.85141439,    1.05111689, -127.1368525 ,    2.61702761]), array([-163.83784255,    0.8760863 , -124.50958558,    3.10406217]), array([-163.0075196 ,    0.59619949, -121.37619307,    3.43150335]), array([-162.36564156,    0.39332671, -117.85607406,    3.72829689]), array([-161.98725702,    0.45151119, -114.18437522,    4.00403542]), array([-161.6467958 ,    0.64686913, -110.1702696 ,    4.20033084]), array([-161.03400103,    0.78214888, -105.92380425,    4.44631027]), array([-160.30139543,    0.74883795, -101.47654089,    4.54170082]), array([-159.58840691,    0.79257812,  -96.90343215,    4.71058684]), array([-158.75234354,    0.8418017 ,  -92.21556828,    4.79813862]), array([-157.9076743 ,    0.76424267,  -87.40210952,    4.73943096]), array([-157.23718086,    0.65441971,  -82.64917562,    4.71999047]), array([-156.6534819 ,    0.53955125,  -77.87625046,    4.8435748 ]), array([-156.03788629,    1.13533277,  -72.97792505,    4.73248644]), array([-154.8902562 ,    1.67763869,  -68.20688296,    4.78231843]), array([-153.21409761,    2.15145896,  -63.43123583,    4.80531418]), array([-151.04108359,    2.53311155,  -58.71952384,    4.86056638]), array([-148.54550885,    2.89819209,  -53.79954954,    4.89626446]), array([-145.64121529,    3.2109533 ,  -48.83367365,    4.83020209]), array([-142.48201658,    3.45793089,  -44.00905327,    4.87830244]), array([-139.13364624,    3.78586349,  -39.24721012,    4.90396832]), array([-135.40018077,    4.03781487,  -34.33407782,    4.93252422]), array([-131.33962491,    4.24292388,  -29.40281351,    4.8652304 ]), array([-127.1758323 ,    4.37483524,  -24.59218249,    4.86753851]), array([-122.85524148,    4.4876116 ,  -19.75227178,    4.80845411]), array([-118.37895307,    4.54994485,  -14.88412064,    4.72102399]), array([-113.85188131,    4.58907005,  -10.20249579,    4.70320284]), array([-109.19677886,    4.02435178,   -5.4455904 ,    4.78357042]), array([-105.13254898,    3.50995593,   -0.71772041,    4.84036535]), array([-101.71989888,    3.07563638,    4.18814799,    4.90845633]), array([-98.61238556,   2.58285568,   9.15231729,   4.91404575]), array([-96.02956685,   2.32807848,  14.14016575,   4.95303319]), array([-93.70754743,   2.05966957,  19.15013997,   4.99578932]), array([-91.70868242,   1.95700733,  24.22571287,   4.95717601]), array([-89.76013093,   1.92539976,  29.12168526,   4.92509992]), array([-87.84211704,   1.86301877,  34.10462551,   5.00102987]), array([-86.00141297,   2.45616493,  39.04870333,   5.02610277]), array([-83.53148728,   2.92936084,  44.07949545,   4.94482278]), array([-80.60398233,   3.26960286,  49.04012364,   4.07540461]), array([-77.3782871 ,   3.65339504,  53.15802757,   3.22269737]), array([-73.73501797,   3.90206762,  56.34965252,   2.59160535]), array([-69.749155  ,   4.09254894,  58.90493866,   1.97938385]), array([-65.6637673 ,   4.28409683,  60.89270298,   1.45937303]), array([-61.35265332,   4.36274064,  62.31850445,   0.9433223 ]), array([-56.98211407,   4.48101701,  63.34145589,   0.39259535]), array([-52.35808325,   4.58341274,  63.6805643 ,  -0.14352863]), array([-47.79328208,   4.68396328,  63.46500155,  -0.55246991]), array([-43.18450393,   4.66800328,  62.99436775,  -0.98016365]), array([-38.53558578,   4.69421903,  62.07447446,  -1.37557771]), array([-33.85867551,   4.88395944,  60.65912311,  -1.8910105 ]), array([-28.98195633,   4.81927626,  58.86210206,  -2.36489445]), array([-24.21704409,   4.60021504,  56.4925805 ,  -2.92006525]), array([-19.6302265 ,   3.97909994,  53.56471   ,  -3.38422676]), array([-15.69149883,   3.6082378 ,  50.23041357,  -3.72259584]), array([-12.03605499,   3.20136069,  46.44202752,  -4.00791532]), array([-8.84048749,  2.83863404, 42.43331922, -4.19213847]), array([-5.97185582,  2.50256831, 38.30741074, -4.24684472]), array([-3.52699348,  2.19732288, 34.08348868, -4.41258351]), array([-1.3478361 ,  1.84737596, 29.61467904, -4.47108555]), array([ 0.48233115,  1.57292147, 25.15513601, -4.53374447]), array([ 2.09011   ,  1.14928047, 20.63426088, -4.62498162]), array([ 3.27138735,  0.79200741, 15.92132307, -4.70429647]), array([ 4.0339955 ,  0.29970891, 11.25995086, -4.69806028]), array([ 4.38971164, -0.43669645,  6.64078502, -4.78780405]), array([-0.03440446,  0.0481015 ,  0.08597728, -0.0061944 ]), array([-0.02798917,  0.07654508, -0.03713688, -0.01549548]), array([ 0.04462847,  0.08257681,  0.01650624, -0.02742415]), array([ 0.01398266,  0.05665598, -0.09366773,  0.06536607]), array([-0.05621151,  0.0429263 ,  0.02282719, -0.01556734]), array([ 0.05015414, -0.02405469,  0.03853362,  0.09012079]), array([-0.07971163,  0.05829479, -0.07354907, -0.01424911]), array([ 0.09150149,  0.03800444,  0.04311841, -0.03842194]), array([-0.04602253, -0.03726592,  0.02766611, -0.05185919]), array([-0.05520991, -0.03808783,  0.05189187,  0.02910718]), array([ 0.02813643, -0.03010354, -0.12751277,  0.01309955]), array([ 0.00513909, -0.01746929,  0.06392776,  0.0465213 ]), array([ 0.08171565,  0.02177188,  0.02542055, -0.08894816]), array([-0.05089471, -0.00960715, -0.04585051, -0.00405365]), array([-0.01570014,  0.01240359,  0.00315179,  0.07771037]), array([-0.11799644,  0.04463544,  0.07146864, -0.03788513]), array([0.02683416, 0.01646   , 0.02316312, 0.07878998]), array([-0.01277813,  0.08118543,  0.03155449,  0.03837655]), array([-0.01338734, -0.05140178, -0.02181947,  0.13821014]), array([ 0.02581775, -0.0220637 , -0.09989621,  0.02464058]), array([-0.02028989, -0.01072528, -0.04571784, -0.04119593]), array([ 0.01120774,  0.05350261, -0.0367871 , -0.0316305 ]), array([ 0.06575693, -0.14829741,  0.00419357, -0.0306218 ]), array([ 0.00326061, -0.03943414,  0.0077237 , -0.01929373]), array([ 0.0028812 , -0.0559512 ,  0.0202395 ,  0.04220332]), array([ 0.02069677, -0.04618189,  0.06653635,  0.02469857]), array([ 0.02145065, -0.08238223, -0.04320592, -0.04921628]), array([ 0.01515408,  0.08057289,  0.02702468, -0.08292614]), array([ 0.07429843, -0.00264276,  0.02646018,  0.00015915]), array([-0.02903033,  0.00081165, -0.05671403, -0.02678369]), array([-0.046834  ,  0.0368003 ,  0.08335253,  0.02987816]), array([ 0.07039988,  0.00209973, -0.03399418,  0.02727406]), array([-0.073981  , -0.07319613,  0.02173683,  0.00712449])]

Actions: [array([0.03250344, 1.        ]), array([0.00119603, 1.        ]), array([-0.02207688,  1.        ]), array([-0.04248601,  1.        ]), array([-0.05932241,  1.        ]), array([-0.07527596,  1.        ]), array([0.17599339, 1.        ]), array([0.18113947, 1.        ]), array([0.18919012, 1.        ]), array([0.19354349, 1.        ]), array([0.19680108, 1.        ]), array([0.20218086, 1.        ]), array([0.075201, 1.      ]), array([0.06352221, 1.        ]), array([0.05344569, 1.        ]), array([0.73542788, 1.        ]), array([0.77426425, 1.        ]), array([0.80956474, 1.        ]), array([0.84207726, 1.        ]), array([0.87072317, 1.        ]), array([0.90170219, 1.        ]), array([0.93152366, 1.        ]), array([0.95937338, 1.        ]), array([0.98763032, 1.        ]), array([1.        , 0.98340722]), array([1.        , 0.95648766]), array([1.        , 0.92950234]), array([1.        , 0.89825014]), array([1.        , 0.85953657]), array([0.35854679, 1.        ]), array([0.2859415, 1.       ]), array([0.21038117, 1.        ]), array([0.13356557, 1.        ]), array([0.20099165, 1.        ]), array([0.15258374, 1.        ]), array([0.34923177, 1.        ]), array([0.34183487, 1.        ]), array([0.33113681, 1.        ]), array([0.93883144, 1.        ]), array([1.        , 0.86749831]), array([1.        , 0.11377648]), array([1.        , 0.04566692]), array([ 1.       , -0.0156863]), array([ 1.        , -0.06888061]), array([ 1.        , -0.11845042]), array([ 1.        , -0.23734117]), array([ 1.        , -0.37442101]), array([ 1.        , -0.39573538]), array([ 1.        , -0.46698388]), array([ 1.        , -0.54102859]), array([ 1.        , -0.63613553]), array([ 1.        , -0.75872377]), array([ 1.        , -0.93732786]), array([ 0.75194423, -1.        ]), array([ 0.32749359, -1.        ]), array([ 0.37794993, -1.        ]), array([ 0.29590532, -1.        ]), array([ 0.24393115, -1.        ]), array([ 0.19437845, -1.        ]), array([ 0.14351202, -1.        ]), array([ 0.09300569, -1.        ]), array([ 0.03778504, -1.        ]), array([-0.02269062, -1.        ]), array([-0.09719765, -1.        ]), array([-0.41631379, -1.        ]), array([-0.62935685, -1.        ])]
Bad
Feature: [19, 19, 4894.498694833434]

States: [array([-169.68110275,    0.24972807, -129.94990711,   -0.42629525]), array([-169.50318299,    1.1975911 , -130.31075022,    0.38464643]), array([-168.29198955,    1.96119822, -129.93964266,    1.0013463 ]), array([-166.1864698 ,    2.55920197, -128.98811875,    1.61793419]), array([-163.61624889,    3.06006917, -127.33582531,    2.05701538]), array([-160.58533123,    3.44820292, -125.27802153,    2.53030039]), array([-157.12719506,    3.7579703 , -122.80443187,    2.7608725 ]), array([-153.36548418,    3.93096283, -120.07907039,    3.01865189]), array([-149.36618996,    4.04616067, -117.08793399,    3.2116349 ]), array([-145.29774974,    4.27163883, -113.91603993,    3.33399313]), array([-141.11221115,    4.43584779, -110.59687175,    3.5178375 ]), array([-136.67806557,    4.52198413, -107.02543868,    3.64690041]), array([-132.18785537,    4.64050277, -103.36867349,    3.71720461]), array([-127.54555386,    4.72287275,  -99.61228958,    3.80373034]), array([-122.81322801,    4.81903101,  -95.79789271,    3.81543775]), array([-117.9310887 ,    5.00263026,  -91.92907234,    3.86672511]), array([-112.92290619,    4.96587229,  -88.11052293,    3.94535153]), array([-107.90340047,    5.08771177,  -84.15942255,    3.88306331]), array([-102.8411621 ,    5.10143211,  -80.30344402,    3.92632395]), array([-97.79364122,   5.12242291, -76.2766824 ,   3.97327423]), array([-92.76525158,   5.08595959, -72.24891945,   3.99267672]), array([-87.67263666,   5.0429559 , -68.23761707,   3.96287114]), array([-82.50565114,   5.07919927, -64.21832163,   3.95478192]), array([-77.53486779,   5.10357878, -60.20692114,   3.88621247]), array([-72.45023068,   5.05326519, -56.3309347 ,   3.91685807]), array([-67.46504996,   4.99720749, -52.43079079,   4.02262745]), array([-62.49253125,   4.96820412, -48.37198987,   3.98754106]), array([-57.48826685,   5.09577384, -44.34730574,   3.92144778]), array([-52.36140896,   5.07676211, -40.37334916,   3.81496003]), array([-47.41821367,   5.09423869, -36.62562669,   3.79653766]), array([-42.31490592,   5.16022596, -32.8642018 ,   3.83011613]), array([-37.20695079,   5.0399011 , -29.00512537,   3.90414962]), array([-32.26569847,   5.06009052, -25.05778267,   3.89683924]), array([-27.20676615,   4.98632386, -21.26411323,   3.89184485]), array([-22.22582376,   5.00439539, -17.45107181,   3.80243107]), array([-17.22344946,   5.07959317, -13.61476461,   3.83543614]), array([-12.18040393,   5.08493961,  -9.766478  ,   3.7765069 ]), array([-7.15110348,  5.04893763, -5.97526454,  3.78100103]), array([ 0.04645138, -0.00867842, -0.01353378,  0.00796958]), array([ 0.06517528,  0.07708293,  0.04258502, -0.03951978]), array([0.00639843, 0.04315504, 0.03230949, 0.05435391]), array([-0.04475712,  0.01641865, -0.02752131,  0.06584897]), array([0.03700446, 0.02339437, 0.04598182, 0.0962511 ]), array([-0.03405395,  0.06583758,  0.00722444,  0.04913059]), array([ 0.0465726 , -0.06109104, -0.10176369, -0.03686356]), array([ 0.00131708, -0.0801096 , -0.02685983,  0.01653935]), array([-0.0351282 , -0.00897482,  0.04956217, -0.02320688]), array([-0.0477596 ,  0.00346271,  0.06698494, -0.01988191]), array([ 0.03143898,  0.04090428, -0.0154509 ,  0.15279351]), array([ 0.02239806,  0.0662013 ,  0.00834596, -0.01053217]), array([ 0.05183801,  0.06104546, -0.0315589 ,  0.00684775]), array([-0.03573953, -0.08306818,  0.06617974, -0.05956833]), array([-0.06418081,  0.05350611,  0.0025563 , -0.03508287]), array([-0.04940622, -0.08621756,  0.04160107,  0.00425088]), array([ 0.03347302, -0.05994551,  0.04029943,  0.00815068]), array([ 0.04952852, -0.03607008,  0.0807785 ,  0.04285737]), array([-0.02433836,  0.05069933,  0.01335411,  0.07664959]), array([-0.06452041, -0.05605441,  0.12292974, -0.05738842]), array([ 0.01401314,  0.06275923, -0.00866769, -0.09509991]), array([-0.01696494, -0.00726621,  0.14410593,  0.12404781]), array([-0.03763012,  0.0263998 ,  0.04216399,  0.02965019]), array([-0.00238381,  0.06499774, -0.02112533, -0.03508611]), array([-0.00844727, -0.02395886, -0.05278717, -0.06313821]), array([-0.02366614, -0.04930481, -0.00194606,  0.02685332]), array([ 0.00746118,  0.01354012, -0.02517544,  0.04589848]), array([ 0.16429524,  0.04284669,  0.05357543, -0.0270466 ]), array([-0.01845855,  0.00917172, -0.04501114, -0.00028163]), array([-0.03389852, -0.06062697, -0.08047715, -0.10135233]), array([-0.07467349,  0.02203168,  0.00712316, -0.04401449]), array([-0.01247095, -0.02775953, -0.02372796,  0.01371823]), array([ 0.06526754, -0.02224865,  0.03402059,  0.00432155]), array([ 0.05837873,  0.01758017, -0.00588248,  0.07040613]), array([ 0.08638176, -0.00398194, -0.03032602, -0.00842969]), array([ 0.03886392,  0.01051249,  0.08128515, -0.01182129]), array([ 0.00435334,  0.05870108,  0.00571988, -0.06351785]), array([-0.06472878, -0.03070333, -0.00554032, -0.0835666 ]), array([-0.00703654, -0.02128592, -0.00385623, -0.04864278]), array([ 0.02836377, -0.01470303, -0.09462091,  0.02861835]), array([-0.03782968, -0.00508226,  0.01107566, -0.01607716]), array([-0.00352712,  0.02978225,  0.06502467, -0.10563725]), array([-0.03166753, -0.00311043, -0.05191465,  0.04083709]), array([-0.04759775, -0.02945034, -0.00506776, -0.04709038]), array([ 0.02407464, -0.03186987, -0.00839615,  0.03485351]), array([-0.01487692, -0.01669374, -0.07557589,  0.03299376]), array([ 0.04503844, -0.04425977, -0.05517953,  0.0758045 ]), array([-0.10307959,  0.07481749,  0.02867215,  0.09676809]), array([-0.05214222,  0.0062984 , -0.02384244, -0.05183514]), array([ 0.06368935, -0.01063586, -0.08150534, -0.01689688]), array([ 0.04197446, -0.06899199, -0.04906241, -0.03352993]), array([-0.05615337,  0.00817867, -0.01503461, -0.00761267]), array([ 0.00593147,  0.00618673,  0.0120713 , -0.00592437]), array([ 0.02271404, -0.07096893, -0.04017547, -0.02065055]), array([-0.06176393,  0.05707996, -0.06635618, -0.10781141]), array([-0.04034133,  0.05219088,  0.04232742,  0.00887664]), array([-0.00830071, -0.01852918, -0.0079554 ,  0.04923702]), array([-0.01279638, -0.02190507, -0.05229672,  0.00342054]), array([ 0.06132183,  0.07907481, -0.05458867,  0.03085387]), array([ 0.01223238, -0.05029989, -0.08309959, -0.07610024]), array([ 0.00405159, -0.04420894,  0.03823542,  0.01782744]), array([-0.0401691 ,  0.01352881,  0.04091962, -0.06004144])]

Actions: [array([1.        , 0.76368784]), array([1.        , 0.76660198]), array([1.        , 0.76989551]), array([1.        , 0.77390132]), array([1.        , 0.77594796]), array([1.        , 0.77776821]), array([1.       , 0.7791349]), array([1.        , 0.78046673]), array([1.        , 0.78133278]), array([1.        , 0.78138004]), array([1.        , 0.78103743]), array([1.        , 0.78025124]), array([1.        , 0.77909999]), array([1.       , 0.7780138]), array([1.        , 0.77694253]), array([1.        , 0.77630592]), array([1.        , 0.77691479]), array([1.        , 0.77644284]), array([1.        , 0.77716123]), array([1.        , 0.77610773]), array([1.        , 0.77477183]), array([1.       , 0.7740306]), array([1.        , 0.77379226]), array([1.        , 0.77168928]), array([1.        , 0.77234016]), array([1.        , 0.77161093]), array([1.        , 0.76811234]), array([1.        , 0.76501755]), array([1.        , 0.76404547]), array([1.        , 0.76464721]), array([1.        , 0.76790188]), array([1.        , 0.76956176]), array([1.        , 0.76520374]), array([1.        , 0.76795446]), array([1.        , 0.76847641]), array([1.        , 0.76891114]), array([1.        , 0.77114814])]