
Good
Feature: [0, 77, 8787.485447530982]

States: [array([-1.68331855e+02,  1.03157968e+00, -1.30164195e+02,  1.17897315e-01]), array([-167.22711159,    1.33931635, -129.96824369,    1.05289486]), array([-165.7834807 ,    1.50235157, -128.9028242 ,    1.80719489]), array([-164.24404565,    1.6428464 , -127.05619138,    2.47100725]), array([-162.62094723,    1.45163582, -124.55815625,    2.93189229]), array([-161.09320155,    1.12143   , -121.58222999,    3.34982747]), array([-159.97272221,    0.85418777, -118.26754132,    3.65153461]), array([-159.08998359,    0.59758532, -114.56648861,    3.91965606]), array([-158.50896442,    0.38397065, -110.60497798,    4.21244011]), array([-158.05080517,   -0.32835991, -106.33654661,    4.44263282]), array([-158.32679473,   -0.91837813, -101.92539233,    4.54189868]), array([-159.18743902,   -1.35832056,  -97.42425468,    4.68200524]), array([-160.50255948,   -0.39345753,  -92.75213226,    4.74483121]), array([-160.83057833,    0.48235759,  -87.93619984,    4.82906455]), array([-160.35615573,    1.20188187,  -83.09145641,    4.96094208]), array([-159.10928183,    1.77225462,  -78.01718986,    4.99054155]), array([-157.31832066,    2.28021446,  -72.9737048 ,    5.06921538]), array([-155.09789432,    2.85417118,  -67.77209696,    5.08809006]), array([-152.24435732,    3.23967171,  -62.74096999,    5.02619056]), array([-148.95401532,    3.60997323,  -57.75308356,    4.94758958]), array([-145.35171227,    3.90758819,  -52.88639215,    4.61754227]), array([-141.44078633,    4.09319778,  -48.25897321,    4.25475279]), array([-137.36954137,    4.32501634,  -44.00891541,    3.98098485]), array([-132.99629491,    4.43074688,  -40.0486924 ,    3.74284305]), array([-128.63613618,    4.14684546,  -36.16970759,    4.01388415]), array([-124.45365583,    3.87420072,  -32.18972576,    4.24370227]), array([-120.60753022,    3.50152697,  -28.02824998,    4.38380329]), array([-117.0854386 ,    3.1822245 ,  -23.59806817,    4.54070046]), array([-113.8891161 ,    2.78836199,  -19.11538249,    4.70036373]), array([-111.0161732 ,    2.40393238,  -14.40092782,    4.7351054 ]), array([-108.51498758,    2.15756352,   -9.6667997 ,    4.76828119]), array([-106.37011802,    1.836267  ,   -4.96663588,    4.880196  ]), array([-104.51464856,    1.58999668,   -0.13644358,    4.88365258]), array([-102.97178239,    1.41740628,    4.75769588,    4.94132202]), array([-101.56232455,    1.30087965,    9.66461806,    4.95275469]), array([-100.31238937,    1.17374545,   14.56713532,    5.00791266]), array([-99.14353464,   1.00030549,  19.62788555,   4.88645349]), array([-98.17499397,   1.00958865,  24.48294125,   4.95955437]), array([-97.14842205,   0.85939591,  29.4900667 ,   5.06038145]), array([-96.38419209,   0.74796896,  34.55525098,   5.01363232]), array([-95.57616494,   1.63751311,  39.63848895,   4.31683138]), array([-93.97041483,   2.29478782,  43.95652067,   3.66182131]), array([-91.63797549,   2.88108189,  47.54222137,   3.07748607]), array([-88.84690631,   3.29069394,  50.5655136 ,   2.58611464]), array([-85.56630851,   3.60519178,  53.16986968,   2.85668222]), array([-81.97794321,   3.88110782,  55.95583882,   3.07444551]), array([-78.16502626,   4.06036111,  59.18310922,   3.25411876]), array([-74.09365662,   4.32599006,  62.30044157,   3.2987518 ]), array([-69.64209044,   4.50813778,  65.68275542,   2.2496764 ]), array([-65.20060859,   4.60234399,  67.95331314,   1.33014164]), array([-60.6115395 ,   4.60087467,  69.25732022,   0.53411975]), array([-55.91910641,   4.72039621,  69.82954867,  -0.26023945]), array([-51.20526954,   4.80430463,  69.60129689,  -0.93796649]), array([-46.38350493,   4.90556299,  68.68328272,  -1.56784209]), array([-41.56529662,   5.01535659,  67.15170396,  -2.17372271]), array([-36.60498612,   4.97903069,  65.01586313,  -2.68795526]), array([-31.57125673,   4.9879817 ,  62.34711197,  -1.73712958]), array([-26.57341393,   5.01063757,  60.5867086 ,  -0.68381887]), array([-21.57396772,   4.99622803,  59.86781788,   0.33348661]), array([-16.51996353,   4.93223006,  60.21940259,   1.2613941 ]), array([-1.17302993e+01,  3.84896265e+00,  6.14189893e+01,  2.51812228e-02]), array([-7.88040606,  2.96035144, 61.44203104, -1.02079229]), array([-4.90772001,  2.30539974, 60.37109823, -1.85788746]), array([-2.60596838,  1.76667719, 58.51668786, -2.4619763 ]), array([-0.88678135,  1.24940893, 56.10654122, -2.97780894]), array([ 0.43151586,  0.79261286, 53.12958268, -3.44762773]), array([ 1.24192327,  0.38184844, 49.73366676, -3.71785931]), array([ 1.61560112,  0.05095064, 46.04688702, -3.90922599]), array([ 1.68612004, -0.22897898, 42.13173443, -4.16308877]), array([ 1.5263743 , -0.50449903, 37.86866631, -4.26999969]), array([ 1.02234802, -0.52934585, 33.53006751, -4.46362182]), array([ 0.41910282, -0.47285579, 29.03935958, -4.5624137 ]), array([ 2.20924914e-02, -4.70066426e-01,  2.45724827e+01, -4.64571283e+00]), array([-0.52192678, -0.47941564, 19.94326163, -4.6739389 ]), array([-1.10901121, -0.36218109, 15.2807696 , -4.69983341]), array([-1.52274737, -0.30622556, 10.5905895 , -4.72565729]), array([-1.79752829, -0.26937452,  5.95185737, -4.83535461]), array([ 0.01413003,  0.08118399, -0.07601384,  0.03399233]), array([ 0.04133943,  0.047682  , -0.0915881 , -0.011422  ]), array([ 0.02807367, -0.02631214,  0.10823981, -0.06335191]), array([-0.02174676, -0.12589102,  0.04767751, -0.0724556 ]), array([-0.00762029,  0.01538623, -0.03206545,  0.03903768]), array([-0.09382981, -0.02803303,  0.02995571, -0.01970708]), array([-0.06041779, -0.08979708, -0.01132248, -0.01943613]), array([ 0.00819072,  0.01424034, -0.05092068, -0.11190753]), array([-0.07098055, -0.05438578, -0.06700968,  0.00623485]), array([-0.02810349, -0.03579202,  0.00377691, -0.03497002]), array([-0.01722896,  0.09698355, -0.03223052,  0.05025941]), array([ 0.04276635, -0.01058781, -0.06893703, -0.0117329 ]), array([ 0.01906873, -0.04325568,  0.0051827 ,  0.03545822]), array([-0.03630427,  0.07558688,  0.00164692,  0.0111274 ]), array([-0.00840617,  0.06044305,  0.01899627,  0.05986002]), array([ 0.03976062,  0.09466894, -0.02701307,  0.00115226]), array([-0.06623164,  0.0149951 , -0.01474328,  0.01433751]), array([-0.04661479, -0.13364228, -0.02847596,  0.02430429]), array([-0.00204045, -0.02446492, -0.00764049, -0.01440123]), array([-0.05868642,  0.0023545 , -0.03835532, -0.00230002]), array([ 0.04285863, -0.03084277, -0.05764445,  0.08219329]), array([-0.03867297,  0.11160276,  0.02240638,  0.04421007]), array([ 0.03559563, -0.03927043,  0.03181103, -0.02580406])]

Actions: [array([0.50779101, 1.        ]), array([0.47143091, 1.        ]), array([0.4360167, 1.       ]), array([0.03021387, 1.        ]), array([-0.00674024,  1.        ]), array([-0.02832427,  1.        ]), array([-0.04836695,  1.        ]), array([-0.06703079,  1.        ]), array([-0.55344557,  1.        ]), array([-0.60399148,  1.        ]), array([-0.65046598,  1.        ]), array([0.63921699, 1.        ]), array([0.70776639, 1.        ]), array([0.77226102, 1.        ]), array([0.83379604, 1.        ]), array([0.89594106, 1.        ]), array([1.        , 0.99725697]), array([1.        , 0.96828727]), array([1.        , 0.90555618]), array([1.        , 0.66772348]), array([1.        , 0.62099219]), array([1.        , 0.57589797]), array([1.       , 0.5332594]), array([0.5118774, 1.       ]), array([0.4777413, 1.       ]), array([0.44295953, 1.        ]), array([0.41035249, 1.        ]), array([0.25608057, 1.        ]), array([0.2305353, 1.       ]), array([0.20686975, 1.        ]), array([0.1853561, 1.       ]), array([0.16606926, 1.        ]), array([0.14886031, 1.        ]), array([0.13439984, 1.        ]), array([0.11981095, 1.        ]), array([0.10556366, 1.        ]), array([0.0902507, 1.       ]), array([0.0757552, 1.       ]), array([0.05526032, 1.        ]), array([1.        , 0.22921074]), array([1.        , 0.16120879]), array([1.        , 0.10356815]), array([1.        , 0.05445441]), array([1.        , 0.77773499]), array([1.        , 0.77675231]), array([1.        , 0.77677821]), array([1.        , 0.77106298]), array([ 1.        , -0.42583854]), array([ 1.        , -0.51188904]), array([ 1.        , -0.59175846]), array([ 1.        , -0.66860811]), array([ 1.        , -0.74652074]), array([ 1.        , -0.82322974]), array([ 1.        , -0.90336739]), array([ 1.        , -0.98818794]), array([1.        , 0.53805259]), array([1.       , 0.6817577]), array([1.        , 0.84115595]), array([0.97968572, 1.        ]), array([-0.02360058, -1.        ]), array([-0.07568334, -1.        ]), array([-0.11776628, -1.        ]), array([-0.15205606, -1.        ]), array([-0.1812452, -1.       ]), array([-0.20628412, -1.        ]), array([-0.22952971, -1.        ]), array([-0.24946949, -1.        ]), array([-0.26647764, -1.        ]), array([-0.2819191, -1.       ]), array([-0.06467311, -1.        ]), array([-0.0611561, -1.       ]), array([-0.05559014, -1.        ]), array([-0.05286539, -1.        ]), array([-0.04687272, -1.        ]), array([-0.03873371, -1.        ]), array([-0.03301642, -1.        ])]
Bad
Feature: [19, 20, 4893.924645884959]

States: [array([-1.71275582e+02,  1.05680477e+00, -1.31397707e+02,  3.93082471e-02]), array([-170.19268814,    1.85102785, -131.2835974 ,    0.83741389]), array([-168.44693163,    2.42288544, -130.47393455,    1.42082985]), array([-166.02792909,    2.93959417, -129.1653654 ,    1.95063275]), array([-163.09300749,    3.30229379, -127.3334211 ,    2.35799608]), array([-159.71687223,    3.68618392, -124.88379041,    2.7168991 ]), array([-156.04951651,    3.95343731, -122.17389014,    2.99164536]), array([-152.15500237,    4.04755861, -119.19862565,    3.12147029]), array([-148.18317191,    4.28629056, -116.09537669,    3.209009  ]), array([-143.89988159,    4.37309766, -112.88655488,    3.41138288]), array([-139.53984473,    4.44119362, -109.45624061,    3.558569  ]), array([-135.14176879,    4.56274107, -105.87817794,    3.60262803]), array([-130.55236705,    4.68507595, -102.3317277 ,    3.7078368 ]), array([-125.93101823,    4.70904371,  -98.67439654,    3.77204994]), array([-121.18643816,    4.73871512,  -94.95979029,    3.76181647]), array([-116.39241798,    4.74550049,  -91.14848616,    3.88183563]), array([-111.69608129,    4.80945723,  -87.30805504,    3.89468998]), array([-106.84781405,    4.91964533,  -83.42138517,    3.88825797]), array([-101.90930732,    4.96261749,  -79.47846911,    3.8739493 ]), array([-96.92239961,   4.86966783, -75.56357781,   3.82887215]), array([-92.06891971,   4.87722013, -71.73645184,   3.81128307]), array([-87.04558247,   4.84367396, -67.96252639,   3.88279365]), array([-82.24698769,   4.70637492, -64.18409378,   3.96106776]), array([-77.49892705,   4.76286826, -60.23363661,   3.98888932]), array([-72.78872049,   4.88556802, -56.2745038 ,   4.04202094]), array([-67.91342477,   4.92333123, -52.2709463 ,   3.91963052]), array([-62.93663188,   4.96708842, -48.37863463,   3.97364251]), array([-58.00645908,   4.92002913, -44.40305296,   3.83315375]), array([-53.06136055,   4.98866138, -40.62142939,   3.88674223]), array([-48.0582908 ,   4.97946997, -36.76276145,   3.92203782]), array([-43.07587315,   4.95937274, -32.85878332,   3.90861037]), array([-38.08161328,   4.972631  , -28.98946283,   3.91556526]), array([-33.28411792,   4.90386898, -25.17729066,   3.93756719]), array([-28.37010128,   4.91261026, -21.19613061,   3.9269976 ]), array([-23.52202148,   4.91337008, -17.28724429,   3.94425683]), array([-18.56624824,   4.96688877, -13.34150465,   3.85617731]), array([-13.63229997,   4.93317647,  -9.476772  ,   3.81655807]), array([-8.72727682,  4.87120182, -5.75274302,  3.90328843]), array([-3.8530181 ,  4.84273477, -1.88602055,  3.84120976]), array([-0.02866239,  0.00620854,  0.06026765,  0.02459916]), array([ 0.0014812 ,  0.00355504, -0.00284933, -0.07440315]), array([ 0.08948919,  0.07084776, -0.036811  ,  0.06875466]), array([ 0.01728232, -0.00225081, -0.01960816, -0.05057918]), array([-0.07271538,  0.01212826,  0.13523563, -0.00786444]), array([-0.01889605, -0.03899782, -0.01366641, -0.01081745]), array([-0.01144241,  0.0064753 ,  0.03398626,  0.04094616]), array([-0.00734596, -0.06856605,  0.08747143,  0.04135903]), array([-0.02080613, -0.03039777, -0.03537208,  0.05841224]), array([-0.02982393, -0.01385268,  0.03758778, -0.04494904]), array([ 0.08553669, -0.03628404, -0.04507539,  0.06578633]), array([ 0.08789767,  0.06818004, -0.03001305,  0.00332011]), array([ 0.01697571,  0.11434289,  0.01546028, -0.00055454]), array([-0.02376504, -0.00575438,  0.06951601, -0.0451722 ]), array([ 0.01238544, -0.00502363,  0.08496772, -0.04592071]), array([ 0.0040554 , -0.00309203,  0.02310687, -0.00285948]), array([-0.02105494,  0.04292295,  0.038403  ,  0.03739532]), array([ 0.0330745 , -0.02623851, -0.10373277,  0.00201198]), array([ 0.09853876, -0.05547373,  0.01453407, -0.05284049]), array([-0.06170663,  0.0198755 ,  0.10790482, -0.04648474]), array([-0.06799688, -0.0379214 , -0.00256862, -0.02587429]), array([-0.06732554,  0.01715365,  0.02182826, -0.02943637]), array([-0.01002727,  0.00185244, -0.01720671,  0.02637349]), array([ 0.01853048, -0.02764665,  0.01948669, -0.04739415]), array([ 0.10845585, -0.12982207,  0.05221154, -0.05889031]), array([-0.12722444,  0.0675113 ,  0.05461218,  0.02247909]), array([ 0.10210129,  0.03122033, -0.04556011, -0.02926393]), array([ 0.020522  , -0.10529175,  0.09764915,  0.05228265]), array([ 0.00998317, -0.02747709, -0.02730563, -0.04344782]), array([ 0.03192381, -0.07989951, -0.0157204 ,  0.00981135]), array([-0.01682158, -0.02375256,  0.02375108,  0.0433365 ]), array([ 0.06731301, -0.16031613, -0.04785509,  0.04639608]), array([ 0.00257152,  0.01326844, -0.02514901, -0.07197111]), array([ 0.09470429, -0.0365224 ,  0.05493726,  0.03545514]), array([-0.02536423,  0.0223884 , -0.04019941,  0.01087597]), array([ 0.02360415, -0.06924934, -0.00647015, -0.03571258]), array([ 0.00696398,  0.03879474,  0.03522888, -0.08670066]), array([-0.00910745,  0.06100979,  0.00860156, -0.03036526]), array([ 0.02167077, -0.0054259 , -0.00701569, -0.03124632]), array([ 0.02139223, -0.06522452,  0.04672743, -0.07469615]), array([ 0.14353519, -0.03424611,  0.01718605, -0.07967127]), array([-0.08132364, -0.06570395,  0.00066705, -0.03179005]), array([-0.08844962,  0.06056005,  0.05981326, -0.06008782]), array([-0.03597759,  0.00061825,  0.04332523, -0.12667787]), array([-0.01525416, -0.00380102,  0.10799507, -0.01129651]), array([-0.05823153, -0.05895004, -0.08626227,  0.01647663]), array([-0.11396059, -0.10672727, -0.0757499 ,  0.0172595 ]), array([-0.01484198, -0.05502764,  0.05694269, -0.02563988]), array([ 0.01025158, -0.08892427, -0.04308971,  0.06338399]), array([-0.0781085 ,  0.00543464, -0.03387293,  0.05334141]), array([-0.08966383,  0.00268265,  0.05475729,  0.00397853]), array([ 2.68067056e-03,  5.52416784e-03, -6.54313661e-05,  1.70516250e-03]), array([-0.06868155,  0.04377878,  0.08161605, -0.02757719]), array([-0.0272365 , -0.02236351,  0.07094486, -0.03787115]), array([-0.00383733,  0.03653476, -0.05623925, -0.00982599]), array([0.04628698, 0.05835354, 0.03776712, 0.00099132]), array([-0.02042517,  0.08514309, -0.06539953, -0.06915004]), array([ 0.0742327 ,  0.01341845, -0.0129786 ,  0.0266188 ]), array([ 0.05865482,  0.00278116, -0.09092757,  0.07099881]), array([ 0.01092201, -0.04646856,  0.04364422, -0.00623755]), array([ 0.07928627, -0.01364274, -0.01232794,  0.031874  ])]

Actions: [array([1.        , 0.76711365]), array([1.        , 0.77134116]), array([1.       , 0.7745416]), array([1.        , 0.77795905]), array([1.        , 0.78073789]), array([1.        , 0.78190901]), array([1.        , 0.78292365]), array([1.        , 0.78341116]), array([1.        , 0.78346762]), array([1.        , 0.78449403]), array([1.       , 0.7844228]), array([1.        , 0.78346999]), array([1.       , 0.7838489]), array([1.        , 0.78357031]), array([1.        , 0.78359608]), array([1.        , 0.78312309]), array([1.        , 0.78165817]), array([1.        , 0.79756525]), array([1.        , 0.74845391]), array([1.        , 0.78524114]), array([1.       , 0.7850714]), array([1.        , 0.78697698]), array([1.        , 0.78695267]), array([1.        , 0.78426257]), array([1.        , 0.78071971]), array([1.        , 0.77789886]), array([1.        , 0.77757764]), array([1.        , 0.77521284]), array([1.        , 0.77615444]), array([1.        , 0.77664326]), array([1.        , 0.77588033]), array([1.        , 0.77602061]), array([1.        , 0.77349468]), array([1.        , 0.76756848]), array([1.        , 0.76022632]), array([1.        , 0.75157543]), array([1.       , 0.7415874]), array([1.        , 0.73354865])]