
Good
Feature: [12, 75, 10261.00202652492]

States: [array([-169.36674127,   -0.60994446, -130.23987243,   -0.66487726]), array([-169.95611875,   -0.49047329, -130.94650306,    0.40560439]), array([-170.39689983,   -0.31874563, -130.46866215,    1.19865628]), array([-1.70679705e+02, -1.60390238e-01, -1.29328082e+02,  1.98398095e+00]), array([-1.70811765e+02, -1.44380333e-01, -1.27356051e+02,  2.64853215e+00]), array([-170.87544443,   -0.17195018, -124.74449966,    3.15830253]), array([-1.71006552e+02, -8.55443351e-02, -1.21586893e+02,  3.55282176e+00]), array([-1.71080814e+02, -6.82308732e-02, -1.18028810e+02,  3.91089463e+00]), array([-1.71155670e+02,  6.64455430e-02, -1.14060252e+02,  4.09385150e+00]), array([-1.71140866e+02,  5.41220060e-02, -1.09939932e+02,  4.28129957e+00]), array([-1.71109917e+02,  1.29642329e-01, -1.05625832e+02,  4.43925360e+00]), array([-170.93796168,    0.2045107 , -101.21493396,    4.541974  ]), array([-170.6966972 ,    0.1855311 ,  -96.70218573,    4.6170153 ]), array([-170.51036344,    0.29245633,  -92.11222021,    4.74381499]), array([-170.21151887,    0.400693  ,  -87.40479755,    4.77815905]), array([-169.78019935,    1.31071825,  -82.5820654 ,    3.91173006]), array([-168.5102968 ,    2.15811594,  -78.76149935,    3.09695654]), array([-166.42271305,    2.73039046,  -75.66912519,    2.42241931]), array([-163.5839548 ,    3.14547859,  -73.30945666,    1.77025235]), array([-160.43521796,    3.56246904,  -71.53859129,    1.30012711]), array([-156.82565049,    3.7983534 ,  -70.20065784,    0.80701372]), array([-153.01556391,    4.00101096,  -69.35303715,    0.36220533]), array([-1.49013968e+02,  4.07460610e+00, -6.90569189e+01, -9.40322523e-02]), array([-144.95141699,    4.15624762,  -69.2258732 ,   -0.49301551]), array([-140.72205971,    4.28742272,  -69.68461818,   -0.90464273]), array([-136.39873524,    4.3751097 ,  -70.5668221 ,   -1.44356542]), array([-132.03917469,    4.4886368 ,  -71.93607577,   -1.46844972]), array([-127.56685569,    4.56722598,  -73.33992684,   -1.57895199]), array([-122.9974898 ,    4.65777846,  -74.93698756,   -1.70109443]), array([-118.32327443,    4.71038456,  -76.5736889 ,   -2.2716212 ]), array([-113.63577641,    4.64201846,  -78.80771697,   -2.86772068]), array([-109.00592745,    4.29177406,  -81.68894599,   -3.29306171]), array([-104.77073156,    4.57206037,  -84.90602203,   -1.71907343]), array([-100.12120154,    4.58179072,  -86.68113614,   -0.45371751]), array([-95.41304621,   4.40904101, -87.09662752,   0.70908112]), array([-91.08307863,   4.11883479, -86.34953408,   1.5806762 ]), array([-86.90117861,   3.86010865, -84.75852573,   2.21780907]), array([-83.03557246,   3.11709559, -82.59347831,   2.70955704]), array([-79.91481457,   2.61770716, -79.87801506,   3.14328204]), array([-77.23993919,   2.14424857, -76.71322449,   3.5269067 ]), array([-75.06293949,   1.82220237, -73.17325973,   3.80563637]), array([-73.2801716 ,   1.32747758, -69.33168861,   3.99043428]), array([-71.91798375,   0.90256105, -65.39121251,   4.12704739]), array([-71.07886238,   0.55351714, -61.34764388,   4.30500714]), array([-70.53516908,   0.27524994, -57.02087684,   4.53153866]), array([-70.30044753,   0.32788797, -52.50785425,   4.54126422]), array([-69.99943157,   0.30603419, -48.00736953,   4.58595646]), array([-69.62869803,   0.18867373, -43.40342807,   4.61055974]), array([-69.43323368,   0.15788853, -38.86012546,   4.70780825]), array([-69.20235948,   0.16927742, -34.14958932,   4.69479431]), array([-69.04556298,   0.14437255, -29.41310269,   4.76292827]), array([-68.87396844,   0.16092641, -24.63193831,   4.82069623]), array([-68.78373727,  -0.1505021 , -19.8888467 ,   4.89351672]), array([-68.89017188,  -0.44839548, -15.01902407,   4.90193546]), array([-69.2153057 ,  -0.69058347, -10.10509505,   4.97006546]), array([-69.98453038,  -0.97374421,  -5.179283  ,   4.98101597]), array([-70.97093172,  -1.23251366,  -0.12283228,   4.98988119]), array([-72.20416142,  -0.83884511,   4.93133785,   4.94163556]), array([-73.0506522 ,  -0.54602191,   9.9091385 ,   4.96596107]), array([-73.58450286,  -0.26543036,  14.89484612,   4.95558245]), array([-7.38741941e+01,  5.03252999e-02,  1.97892463e+01,  4.99076855e+00]), array([-73.79222592,   0.53902878,  24.76998244,   4.99013531]), array([-73.26212016,   1.0221517 ,  29.65417903,   4.91630127]), array([-72.2761394 ,   1.36514033,  34.65477993,   4.91409271]), array([-70.9550849 ,   1.7534826 ,  39.52606202,   4.97100716]), array([-69.29545358,   2.35426356,  44.52362821,   4.74973932]), array([-67.00382314,   2.8439628 ,  49.28121085,   4.31598836]), array([-64.07620237,   3.22629503,  53.66933453,   3.22580047]), array([-60.88194726,   3.61563893,  56.87092607,   2.18252143]), array([-57.30132862,   3.82876698,  59.00217728,   1.18970629]), array([-53.49529571,   4.07002979,  60.251905  ,   0.23651875]), array([-49.42915605,   4.28287995,  60.48669239,  -0.67328513]), array([-45.1696647 ,   4.42250725,  59.75416994,  -1.34802566]), array([-40.78303433,   4.52281166,  58.46748258,  -2.09767982]), array([-36.24669016,   4.54712938,  56.39065381,  -2.40038113]), array([-31.77488965,   4.64098769,  54.01401085,  -2.70865617]), array([-27.09846362,   3.785214  ,  51.30063292,  -3.2030317 ]), array([-23.20144845,   3.11528082,  48.1252629 ,  -3.5388372 ]), array([-20.03081933,   2.99632413,  44.53319994,  -3.8343025 ]), array([-16.97600408,   2.98810414,  40.64188469,  -4.07618675]), array([-13.98819229,   2.89864739,  36.60051443,  -4.15547536]), array([-11.1429572 ,   2.62217463,  32.5374049 ,  -4.37784182]), array([-8.53567975,  2.37295628, 28.0966554 , -4.52906076]), array([-6.19624967,  2.05709166, 23.56839586, -4.60261292]), array([-4.15344502,  1.84606322, 18.91342384, -4.78981483]), array([-2.30542008,  1.51827616, 14.10713186, -4.76612532]), array([-0.72073636,  1.21017495,  9.29772894, -4.73049787]), array([0.07577985, 0.04024334, 0.02366048, 0.13194146]), array([-0.00737204, -0.0914582 ,  0.07965305,  0.02266408]), array([-0.04911016,  0.07524535, -0.04785796, -0.02433637]), array([-0.07549775, -0.05795454,  0.02648111,  0.0117526 ]), array([-0.05608003, -0.0337571 , -0.00539415,  0.06792945]), array([-0.0611119 , -0.00698906, -0.07372688, -0.03809275]), array([ 0.01792119, -0.03983813, -0.00046133, -0.04940886]), array([ 0.02571695, -0.01792494,  0.02496506,  0.01028477]), array([ 0.01288567,  0.02534752, -0.00499559, -0.12249084]), array([ 0.01659151, -0.02124451, -0.05539447, -0.08671518]), array([-0.03281224,  0.02164519, -0.01256897,  0.13219822]), array([-0.03397882,  0.00873931,  0.02450706,  0.08923644]), array([ 0.02638317, -0.02905393,  0.0937586 ,  0.10210711])]

Actions: [array([-0.0013444,  1.       ]), array([0.01004324, 1.        ]), array([0.0187186, 1.       ]), array([0.02477495, 1.        ]), array([0.02852462, 1.        ]), array([0.03155223, 1.        ]), array([0.03698393, 1.        ]), array([0.04227285, 1.        ]), array([0.04921411, 1.        ]), array([0.05531066, 1.        ]), array([0.06314164, 1.        ]), array([0.06796146, 1.        ]), array([0.07168004, 1.        ]), array([0.08265076, 1.        ]), array([1.        , 0.14339333]), array([1.        , 0.03755314]), array([ 1.       , -0.0487592]), array([ 1.        , -0.12549709]), array([ 1.        , -0.19552119]), array([ 1.        , -0.26248871]), array([ 1.       , -0.3338468]), array([ 1.        , -0.40896437]), array([ 1.        , -0.48877366]), array([ 1.       , -0.5789196]), array([ 1.        , -0.70387273]), array([ 1.        , -0.37978173]), array([ 1.        , -0.39558213]), array([ 1.        , -0.42233447]), array([ 1.        , -0.93660054]), array([ 0.81235012, -1.        ]), array([ 0.50104909, -1.        ]), array([1.        , 0.94739845]), array([0.87557382, 1.        ]), array([0.73515702, 1.        ]), array([0.62273581, 1.        ]), array([0.53459974, 1.        ]), array([0.01681812, 1.        ]), array([0.15275903, 1.        ]), array([0.12047103, 1.        ]), array([0.09202909, 1.        ]), array([-0.1024908,  1.       ]), array([-0.12868783,  1.        ]), array([-0.15230738,  1.        ]), array([-0.17168197,  1.        ]), array([0.0332013, 1.       ]), array([0.0319202, 1.       ]), array([0.02937217, 1.        ]), array([0.02525158, 1.        ]), array([0.02371691, 1.        ]), array([0.02122932, 1.        ]), array([0.01992626, 1.        ]), array([-0.2674532,  1.       ]), array([-0.30581037,  1.        ]), array([-0.35106711,  1.        ]), array([-0.40566698,  1.        ]), array([-0.46499669,  1.        ]), array([0.12377191, 1.        ]), array([0.1563635, 1.       ]), array([0.18757726, 1.        ]), array([0.24191752, 1.        ]), array([0.43542553, 1.        ]), array([0.50097068, 1.        ]), array([0.5720847, 1.       ]), array([0.65748719, 1.        ]), array([1.       , 0.7761691]), array([1.       , 0.5566287]), array([ 1.        , -0.28947963]), array([ 1.        , -0.41207843]), array([ 1.        , -0.52642323]), array([ 1.        , -0.63819979]), array([ 1.       , -0.7527154]), array([ 1.        , -0.87016537]), array([ 1.        , -0.99512765]), array([ 1.        , -0.69376862]), array([ 1.        , -0.82574215]), array([ 0.11796447, -1.        ]), array([ 0.05900109, -1.        ]), array([ 0.49555422, -1.        ]), array([ 0.46748079, -1.        ]), array([ 0.44040697, -1.        ]), array([ 0.2893817, -1.       ]), array([ 0.25125554, -1.        ]), array([ 0.21334852, -1.        ]), array([ 0.17390579, -1.        ]), array([ 0.13301925, -1.        ]), array([ 0.01957151, -1.        ])]
Bad
Feature: [19, 21, 5041.857391734563]

States: [array([-170.99229936,   -0.37562381, -129.48825145,    0.21696884]), array([-171.35387157,    0.7006433 , -129.22251769,    0.96217409]), array([-170.63152109,    1.52183333, -128.21069272,    1.54859566]), array([-169.10002282,    2.17944816, -126.58272765,    1.97171996]), array([-166.88479038,    2.66912525, -124.60110171,    2.41653656]), array([-164.19874728,    3.22284601, -122.17091307,    2.68400217]), array([-160.94774914,    3.66897958, -119.46120184,    2.97085322]), array([-157.26890734,    3.96466239, -116.47892099,    3.14411278]), array([-153.40854739,    4.20891861, -113.29260932,    3.18471218]), array([-149.22308748,    4.43327763, -110.10168905,    3.29438719]), array([-144.75285532,    4.49802577, -106.8048029 ,    3.32574006]), array([-140.24909256,    4.66101567, -103.47641896,    3.36324133]), array([-135.60847272,    4.68660549, -100.13532147,    3.45555485]), array([-131.01946964,    4.75446834,  -96.73481042,    3.51009487]), array([-126.33371713,    4.74539345,  -93.15355887,    3.5215714 ]), array([-121.51653083,    4.83127091,  -89.74479604,    3.61112786]), array([-116.67848089,    4.8815886 ,  -86.08537402,    3.62430455]), array([-111.7838568 ,    4.9421845 ,  -82.5347949 ,    3.68660302]), array([-106.80073261,    4.89425122,  -78.84936546,    3.67932235]), array([-102.02376148,    4.82976442,  -75.13192908,    3.70612118]), array([-97.20875979,   4.9054761 , -71.4335672 ,   3.65648007]), array([-92.3194299 ,   4.81387021, -67.78881382,   3.70725597]), array([-87.43839483,   4.82076009, -64.01530458,   3.64642841]), array([-82.73034883,   4.74861835, -60.39529473,   3.77467278]), array([-77.9718005 ,   4.80688471, -56.50719732,   3.74908701]), array([-73.14629036,   4.71558239, -52.71036342,   3.77716036]), array([-68.4418919 ,   4.67975115, -48.9517938 ,   3.73781973]), array([-63.69541577,   4.74145777, -45.28280132,   3.73673206]), array([-58.95635029,   4.79584967, -41.50245469,   3.82901501]), array([-54.2089036 ,   4.81345393, -37.71546122,   3.79580043]), array([-49.33787328,   4.90525368, -33.8789818 ,   3.77488077]), array([-44.51586158,   4.89049152, -30.04743321,   3.76028455]), array([-39.6967124 ,   4.93409717, -26.29503659,   3.67658475]), array([-34.7693192 ,   4.9785736 , -22.65451694,   3.63776599]), array([-29.88861491,   4.93242725, -19.03132879,   3.72635275]), array([-24.9371361 ,   4.94928816, -15.31821494,   3.67454315]), array([-20.01320268,   5.07719865, -11.69390974,   3.60055393]), array([-14.9243594 ,   5.01857498,  -8.0407396 ,   3.49487402]), array([-9.97500954,  5.05704829, -4.55081291,  3.46702325]), array([-4.97754348,  5.11884157, -1.06464749,  3.40456901]), array([ 0.05366284, -0.06771178,  0.03150663,  0.00812278]), array([-0.01201693, -0.01849385,  0.01716446,  0.07898184]), array([-0.0510147 , -0.01885523, -0.00812348,  0.00525471]), array([ 0.02525221, -0.02712941, -0.13391474,  0.05901103]), array([ 0.08773385,  0.01669082, -0.03997371,  0.00075771]), array([ 0.0135169 ,  0.04714143,  0.05911659, -0.02590455]), array([-0.03621591, -0.03727197, -0.03283323,  0.00991415]), array([-0.05887752,  0.10469152,  0.0074121 , -0.10721202]), array([ 0.07902848, -0.02837711,  0.01912689,  0.06365734]), array([ 0.01058713,  0.06146715, -0.01010834,  0.00497041]), array([-0.00586747, -0.00549966, -0.02678769, -0.07135699]), array([ 0.02277225, -0.0696172 , -0.03153991, -0.06416923]), array([ 0.02418687,  0.06596631, -0.07341672, -0.02586964]), array([ 0.02333112,  0.00478084,  0.00561226, -0.00025749]), array([ 0.08832546, -0.15460067,  0.0574657 , -0.11489437]), array([-0.0346701 , -0.01092031,  0.10800378, -0.02335119]), array([-0.12278471,  0.06014314,  0.01025623, -0.06646634]), array([0.00077214, 0.02026525, 0.04916899, 0.00836518]), array([-0.06137144, -0.13015498, -0.00221186, -0.07515708]), array([-0.03328026, -0.00167321,  0.00944328, -0.03344325]), array([ 0.04776744,  0.09892348, -0.02258716, -0.02763554]), array([-0.07050202,  0.02724099, -0.0372525 , -0.01456625]), array([ 0.02422711, -0.01607884,  0.01922617,  0.06303895]), array([ 0.00026867, -0.02223589, -0.00384296,  0.00053117]), array([-0.07690962, -0.06157628, -0.00546494,  0.0528224 ]), array([-0.00676281,  0.00934284,  0.03618866,  0.02830452]), array([-0.00384494, -0.01690384, -0.00170612,  0.05197542]), array([-0.0144923 ,  0.01660822,  0.02072116,  0.02458499]), array([ 0.0512197 , -0.05678502,  0.02847745,  0.02151058]), array([ 0.07272067,  0.04443921, -0.15884604, -0.10368259]), array([ 0.03859242, -0.03130549,  0.04111364,  0.00501737]), array([ 0.01732794, -0.01260154, -0.06572867, -0.00068425]), array([0.03035431, 0.04447197, 0.02501756, 0.04509079]), array([ 0.05200111, -0.09322976,  0.01056848, -0.00875976]), array([ 0.00835002, -0.07720661,  0.13563778,  0.02602116]), array([-0.0025705 ,  0.02353889,  0.0175775 , -0.10749716]), array([ 0.05216714, -0.04093638,  0.01070817, -0.05638133]), array([-0.05745966,  0.02371264,  0.00186792, -0.02427574]), array([-0.0803257 ,  0.02987733, -0.08175554, -0.02351718]), array([ 0.08244047, -0.02221993, -0.00015452, -0.02451373]), array([-0.07518806, -0.04518555, -0.00242142,  0.04517283]), array([ 0.09273641,  0.00516851,  0.01453926, -0.08493383]), array([-0.01631782, -0.10825386, -0.00363962, -0.01071383]), array([-0.01197609,  0.07634551,  0.01677499,  0.01402271]), array([-0.04192261, -0.01046662,  0.03460164, -0.01729566]), array([ 0.03624982,  0.03705567, -0.04084611, -0.02172567]), array([ 0.07372694, -0.06150836,  0.04414293,  0.06615685]), array([-0.01432194,  0.01353977,  0.08729461, -0.04748208]), array([ 0.04189364, -0.05874269,  0.01188069, -0.00355715]), array([ 0.04999505, -0.02420399, -0.08990393,  0.06173092]), array([-0.01385427, -0.02601538,  0.01103828, -0.04065435]), array([ 0.07479349,  0.01750075, -0.06510951,  0.04064975]), array([ 0.08745764, -0.00997261, -0.05458737,  0.0188914 ]), array([-0.02919264, -0.05074789,  0.06116196, -0.09283692]), array([ 0.01547214,  0.08274054, -0.02552314, -0.06780158]), array([-0.01655102, -0.05463675, -0.02293371, -0.04257838]), array([ 0.02060618,  0.00929788, -0.0334874 ,  0.00221056]), array([ 0.04272949,  0.0755948 ,  0.12785752, -0.08786858]), array([-0.00033921,  0.01963462, -0.03530018, -0.04470547]), array([ 0.03327759, -0.04511111,  0.04395423,  0.10598139])]

Actions: [array([1.        , 0.74526723]), array([1.        , 0.76483229]), array([1.        , 0.76214659]), array([1.        , 0.75942842]), array([1.       , 0.7576392]), array([1.        , 0.75523864]), array([1.        , 0.75366176]), array([1.        , 0.75233192]), array([1.        , 0.75049825]), array([1.        , 0.75016582]), array([1.        , 0.75055526]), array([1.        , 0.75092453]), array([1.        , 0.75198075]), array([1.        , 0.75236372]), array([1.        , 0.75192295]), array([1.       , 0.7536732]), array([1.       , 0.7535612]), array([1.        , 0.75478968]), array([1.        , 0.75549657]), array([1.        , 0.75443775]), array([1.        , 0.75376424]), array([1.        , 0.75420263]), array([1.        , 0.75315279]), array([1.        , 0.75226107]), array([1.       , 0.7483258]), array([1.        , 0.74579988]), array([1.        , 0.74216811]), array([1.        , 0.73988555]), array([1.        , 0.73526994]), array([1.       , 0.7298437]), array([1.        , 0.72418663]), array([1.        , 0.71662833]), array([1.       , 0.7091755]), array([1.        , 0.70502075]), array([1.        , 0.69900625]), array([1.        , 0.68906167]), array([1.       , 0.6777271]), array([1.        , 0.66439668]), array([1.        , 0.64497189])]