
Good
Feature: [0, 69, 8417.765118430334]

States: [array([-169.49962472,    0.71629554, -129.86822065,   -0.71720303]), array([-168.70297678,    1.01110751, -130.56714659,    0.39502194]), array([-167.67323496,    0.97890839, -130.07504548,    1.26542421]), array([-166.70455905,    0.98872168, -128.85916925,    2.03856673]), array([-165.73585726,    1.04759289, -126.80383373,    2.60817212]), array([-164.66483259,    1.04764916, -124.18764535,    3.10802303]), array([-163.56544254,    0.99950698, -121.12640047,    3.50487236]), array([-162.5453819 ,    1.04546596, -117.68459975,    3.69377403]), array([-161.40305139,    1.01931257, -114.01878998,    3.91706374]), array([-160.40945922,    0.95182329, -110.1023967 ,    4.06346338]), array([-159.43997562,    0.85523113, -106.07272673,    4.29775527]), array([-158.65497433,    0.81276605, -101.76380424,    4.40839127]), array([-157.85431453,    0.70151541,  -97.40023521,    4.46780281]), array([-157.0219408 ,    0.6940558 ,  -92.88001121,    4.54870679]), array([-156.29664335,    0.75842366,  -88.3383121 ,    4.65675039]), array([-155.52084612,    0.5534619 ,  -83.64132169,    4.79344775]), array([-154.93172856,    0.43212396,  -78.9158247 ,    4.88400411]), array([-154.55848386,    0.89918651,  -73.98506094,    4.87361201]), array([-153.65887024,    1.3552422 ,  -69.14166587,    4.97594085]), array([-152.2773021 ,    1.65281621,  -64.13135869,    4.89755961]), array([-150.68975126,    1.87107252,  -59.26791761,    4.88409231]), array([-148.89351301,    2.11622717,  -54.42800221,    4.88671242]), array([-146.80299841,    2.31428218,  -49.63070505,    4.97017342]), array([-144.51051272,    2.47837717,  -44.62086471,    4.97451214]), array([-142.03646526,    2.67995878,  -39.65820336,    4.95082247]), array([-139.26342422,    2.89628835,  -34.64581813,    5.04273937]), array([-136.37492731,    2.95977009,  -29.54532624,    5.06758774]), array([-133.46093127,    3.04002051,  -24.43424882,    5.03031356]), array([-130.44493323,    3.07966914,  -19.4139339 ,    4.96829766]), array([-127.38044155,    3.20973005,  -14.43976854,    4.9774113 ]), array([-124.2289105 ,    3.3247344 ,   -9.47510724,    4.90179558]), array([-120.91573486,    3.63304921,   -4.61648691,    4.93419513]), array([-117.30687444,    3.99587654,    0.35035856,    4.74234851]), array([-113.28012404,    4.26034437,    5.12392468,    3.69566774]), array([-108.95142005,    4.35289974,    8.79689249,    2.51271457]), array([-104.67249348,    3.9246768 ,   11.31895074,    2.95326058]), array([-100.78758927,    3.50745779,   14.35051019,    3.34867052]), array([-97.25305426,   3.36750987,  17.55928597,   3.6903733 ]), array([-93.91819458,   3.19183242,  21.28670264,   4.04756307]), array([-90.72436074,   3.10910338,  25.33416732,   4.3435819 ]), array([-87.51447342,   2.95048645,  29.75389575,   4.51913751]), array([-84.5615802 ,   2.78411508,  34.31084469,   4.60552166]), array([-81.81922296,   2.72171112,  38.95866213,   4.70452602]), array([-79.10494028,   2.68140183,  43.56724139,   4.78474218]), array([-76.45763388,   2.58832455,  48.37316018,   4.82652227]), array([-73.9052561 ,   3.00750118,  53.22867031,   3.96383124]), array([-70.9200011 ,   3.39284455,  57.23111215,   3.22892111]), array([-67.44962943,   3.71666747,  60.43277816,   2.54671848]), array([-63.74073492,   3.92180162,  63.03175435,   1.81738703]), array([-59.79248206,   4.1536787 ,  64.91925866,   0.83986476]), array([-5.56234612e+01,  4.37022323e+00,  6.57142545e+01,  2.12795725e-02]), array([-51.25385183,   4.5629555 ,  65.76507088,  -0.80134501]), array([-46.60224308,   4.57659202,  64.92014757,  -1.57563197]), array([-41.99414842,   4.7297639 ,  63.31401107,  -2.30152628]), array([-37.31441209,   4.5926724 ,  61.03059459,  -2.88269674]), array([-32.69295963,   4.67603809,  58.17711548,  -2.8623109 ]), array([-27.97732794,   4.7062086 ,  55.26276995,  -2.72598577]), array([-23.29807518,   4.80506909,  52.51559187,  -2.60863206]), array([-18.48389451,   4.11442379,  49.85365859,  -3.05018554]), array([-14.33366702,   3.5372898 ,  46.83656389,  -3.40042152]), array([-10.80638466,   2.95408528,  43.49607547,  -3.72992908]), array([-7.90278497,  2.47752645, 39.77298002, -4.03145428]), array([-5.52125343,  2.08458729, 35.75056642, -4.19463901]), array([-3.42973752,  1.72232837, 31.5462659 , -4.3893425 ]), array([-1.75914185,  1.35954673, 27.17658732, -4.55818513]), array([-0.38062027,  0.98794388, 22.56584352, -4.64781242]), array([ 0.600748  ,  0.57475602, 17.90097648, -4.7005162 ]), array([ 1.2152923 ,  0.47260009, 13.23236881, -4.69793815]), array([ 1.64811758,  0.28583279,  8.57584545, -4.84319105]), array([-0.03442539, -0.03975311, -0.02770169,  0.02117461]), array([-0.04475141,  0.02907729,  0.0078212 ,  0.03740897]), array([-0.0024072 , -0.10839469,  0.01203117, -0.04603607]), array([-0.13443787, -0.05482075,  0.04615528, -0.00496527]), array([ 0.05876193, -0.02301055,  0.03407117,  0.03492823]), array([-0.01029146, -0.0126445 , -0.01884613,  0.01823067]), array([ 0.03200031,  0.02880497, -0.0060943 , -0.05889383]), array([ 0.08166554, -0.10322134,  0.01607637,  0.07696661]), array([-0.08039097, -0.02958507, -0.06214639,  0.01120229]), array([ 0.06241918, -0.0576061 ,  0.01041839, -0.02777668]), array([ 0.03447557,  0.0639358 , -0.01066825, -0.0139123 ]), array([-0.01170603, -0.05309865,  0.05251654, -0.0689133 ]), array([-0.01923623,  0.09186362,  0.02300705,  0.01111576]), array([ 0.02246822, -0.00014063, -0.07416072, -0.00560682]), array([ 0.06705597, -0.01897532, -0.04937979,  0.00168577]), array([ 0.06476301, -0.0619896 ,  0.04535962,  0.00477926]), array([ 0.06437802, -0.09890045,  0.02111869,  0.00923186]), array([ 0.0591596 , -0.01216814, -0.0840068 , -0.01370367]), array([-0.00331992, -0.02680648, -0.02404349, -0.06384873]), array([ 0.01308717,  0.01812207,  0.11319753, -0.03116676]), array([-0.04097066,  0.05184533,  0.016138  ,  0.01143798]), array([-0.05642215,  0.00397393,  0.02038965, -0.08581009]), array([ 0.01997465,  0.01079388,  0.01734451, -0.01288852]), array([-0.07018322,  0.01272797,  0.00337104, -0.03370343]), array([ 0.05271076,  0.01940427, -0.00996821, -0.03775859]), array([-0.01711085, -0.14065348,  0.05543615,  0.0192484 ]), array([-0.02422709, -0.07454633, -0.0258426 , -0.01515554]), array([-0.00941709,  0.04941038,  0.01382291, -0.01567157]), array([-0.03118936,  0.07245172, -0.01324479, -0.06785977]), array([-0.02128401, -0.02182931, -0.02643836, -0.01063502]), array([ 0.05096946,  0.1354428 , -0.00126426, -0.02499624])]

Actions: [array([0.25892725, 1.        ]), array([0.24198705, 1.        ]), array([0.22607141, 1.        ]), array([0.21368255, 1.        ]), array([0.20386707, 1.        ]), array([0.19339241, 1.        ]), array([0.18288119, 1.        ]), array([0.17416733, 1.        ]), array([0.16192618, 1.        ]), array([0.15227594, 1.        ]), array([0.14156224, 1.        ]), array([0.13550756, 1.        ]), array([0.12697713, 1.        ]), array([0.11407145, 1.        ]), array([-0.03101856,  1.        ]), array([0.03362553, 1.        ]), array([0.53984373, 1.        ]), array([0.56703596, 1.        ]), array([0.59031837, 1.        ]), array([0.61152829, 1.        ]), array([0.63149447, 1.        ]), array([0.65099932, 1.        ]), array([0.66826291, 1.        ]), array([0.65548263, 1.        ]), array([0.67031431, 1.        ]), array([0.6826679, 1.       ]), array([0.69666344, 1.        ]), array([0.71400537, 1.        ]), array([0.77447843, 1.        ]), array([0.8053626, 1.       ]), array([1.        , 0.96672725]), array([1.        , 0.77423522]), array([1.00000000e+00, 4.93822352e-04]), array([ 1.        , -0.45834951]), array([0.45200107, 1.        ]), array([0.39109568, 1.        ]), array([0.59227954, 1.        ]), array([0.55311869, 1.        ]), array([0.51961371, 1.        ]), array([0.48748806, 1.        ]), array([0.49552134, 1.        ]), array([0.46955674, 1.        ]), array([0.44423457, 1.        ]), array([0.40612983, 1.        ]), array([1.        , 0.07566757]), array([ 1.        , -0.00326676]), array([ 1.        , -0.07480922]), array([ 1.       , -0.1405994]), array([ 1.        , -0.63137356]), array([ 1.        , -0.73000864]), array([ 1.       , -0.8253958]), array([ 1.        , -0.92735826]), array([ 0.96295609, -1.        ]), array([ 0.86360337, -1.        ]), array([ 1.        , -0.50045945]), array([ 1.        , -0.47778408]), array([ 1.        , -0.44320948]), array([ 0.26822718, -1.        ]), array([ 0.19910514, -1.        ]), array([ 0.14612755, -1.        ]), array([ 0.09236763, -1.        ]), array([ 0.04389632, -1.        ]), array([-0.00130004, -1.        ]), array([-0.04833657, -1.        ]), array([-0.09513346, -1.        ]), array([-0.14617498, -1.        ]), array([-0.0060363, -1.       ]), array([-0.02894676, -1.        ])]
Bad
Feature: [18, 20, 4915.535904122791]

States: [array([-170.53369281,    0.9044298 , -131.63891644,   -2.15086913]), array([-169.62005808,    1.75027114, -133.74773277,   -0.93927776]), array([-1.67920869e+02,  2.41036237e+00, -1.34646311e+02,  7.95011055e-03]), array([-165.57571101,    2.88156484, -134.63752752,    0.75466037]), array([-162.68508811,    3.26417621, -133.8945311 ,    1.32664091]), array([-159.38734796,    3.65337542, -132.54007767,    1.94519032]), array([-155.7400245 ,    3.94559846, -130.5743183 ,    2.30162504]), array([-151.83756983,    4.18749849, -128.31854501,    2.7090878 ]), array([-147.5994491 ,    4.38578384, -125.6325677 ,    3.09386239]), array([-143.2001028 ,    4.58301407, -122.59876831,    3.40988056]), array([-138.60024511,    4.65904094, -119.20900137,    3.58356362]), array([-133.85879167,    4.69593564, -115.47875957,    3.81171678]), array([-129.14181662,    4.8258082 , -111.73379946,    4.03992984]), array([-124.35601571,    4.83158113, -107.76336601,    4.10334859]), array([-119.56396966,    4.88834851, -103.67531057,    4.26054558]), array([-114.71602147,    4.87875737,  -99.39791427,    4.38283248]), array([-109.8561732 ,    4.91724131,  -94.95479821,    4.52270761]), array([-104.93587142,    4.91030084,  -90.40222943,    4.6064701 ]), array([-100.01370106,    4.8644083 ,  -85.80252302,    4.59343793]), array([-95.19948852,   4.88957629, -81.18455627,   4.72735086]), array([-90.34862706,   4.89645665, -76.39063938,   4.70763486]), array([-85.42313603,   4.95822222, -71.63327627,   4.64640976]), array([-80.44434652,   4.98217617, -66.9307489 ,   4.69353328]), array([-75.48514358,   5.00068514, -62.31312722,   4.71430309]), array([-70.51761196,   4.91887993, -57.58165841,   4.68431636]), array([-65.59993974,   4.88179725, -52.86619282,   4.5700997 ]), array([-60.68349338,   4.98301635, -48.29845002,   4.62681724]), array([-55.68885337,   4.95112588, -43.66065203,   4.60961702]), array([-50.75475213,   4.96233752, -39.08749694,   4.54567331]), array([-45.77635191,   4.98262628, -34.55314866,   4.47718298]), array([-40.75842584,   5.00775611, -30.11447115,   4.55033586]), array([-35.8248052 ,   5.02583507, -25.58515685,   4.5195408 ]), array([-30.79542886,   5.02668771, -21.049461  ,   4.58447741]), array([-25.78719032,   5.02223209, -16.42625566,   4.5989907 ]), array([-20.7642331 ,   5.06197158, -11.73199611,   4.56012856]), array([-15.71161386,   5.05422653,  -7.19294635,   4.54469158]), array([-10.7057915 ,   5.05599728,  -2.64862814,   4.58136925]), array([-5.68556457,  5.06526035,  1.94976305,  4.59179406]), array([ 0.01222877, -0.03433404, -0.02927832, -0.01288112]), array([ 0.00266783, -0.01133981, -0.03315343,  0.03970894]), array([-0.00496967,  0.04463189,  0.08142965, -0.00098979]), array([ 0.05330422, -0.0026932 ,  0.07805254,  0.04574742]), array([-0.02089348, -0.063182  , -0.09740814, -0.04632317]), array([ 0.02426731, -0.01878761,  0.01411206, -0.010987  ]), array([0.06382199, 0.10524264, 0.04919759, 0.0346802 ]), array([ 0.03707728, -0.06731606,  0.01762874,  0.01837761]), array([ 0.02305921,  0.07098486, -0.0738907 ,  0.01000329]), array([ 0.06469871, -0.07085465,  0.11394194, -0.01645395]), array([ 0.05596222,  0.0246875 , -0.03595342,  0.05964699]), array([-0.0770796 , -0.02908146, -0.00895993, -0.0158384 ]), array([-0.0923986 , -0.0128986 , -0.00453851, -0.01114681]), array([-0.0283145 ,  0.08216873, -0.0026325 ,  0.01062807]), array([-0.0807801 , -0.07191913,  0.03470481, -0.0752755 ]), array([ 0.02965413, -0.05855335, -0.04060395, -0.03867614]), array([ 0.10452793, -0.01206657,  0.01840927, -0.06544073]), array([-0.03918051,  0.0245186 ,  0.04014804, -0.02079   ]), array([-0.0114597 ,  0.03023074, -0.01727118,  0.03986148]), array([-0.02626505,  0.06686409,  0.0229651 ,  0.01392821]), array([ 0.05566706,  0.00531502, -0.04090723, -0.02517857]), array([ 0.01563617,  0.01114652,  0.03506667, -0.05315108]), array([-0.06281126,  0.03554123,  0.08938939, -0.01021306]), array([-0.05013778,  0.05190957, -0.02078389,  0.00914432]), array([0.00563877, 0.03902701, 0.00219651, 0.01255429]), array([-0.01891016, -0.06059341,  0.02959843,  0.04289505]), array([-0.01446324,  0.06919887, -0.01317537, -0.0482055 ]), array([-0.05000745,  0.1246914 ,  0.08883643,  0.03290964]), array([ 0.01697266,  0.01660277, -0.00589514,  0.06090682]), array([ 0.02314028, -0.0742092 ,  0.03265585, -0.06878059]), array([ 0.03486982,  0.04481736, -0.05555187,  0.0253151 ]), array([ 0.0391252 , -0.12807902,  0.0176205 ,  0.03898888]), array([-0.02581787, -0.03753035,  0.02385478, -0.00864609]), array([ 0.03531946, -0.07486409, -0.01862392,  0.00844367]), array([-0.0241132 ,  0.00496196, -0.0998445 , -0.04408138]), array([-0.00914505,  0.00652041, -0.01878461, -0.01366989]), array([0.03000496, 0.04186195, 0.07403721, 0.06441608]), array([-0.02941818,  0.0812139 , -0.01159819, -0.01542968]), array([-0.04372202, -0.01943808,  0.01018575,  0.03350887]), array([ 0.08068942, -0.04519275, -0.02671199, -0.03372903]), array([-0.05331164, -0.01509059,  0.014211  , -0.00531578]), array([-0.01006066,  0.01136218,  0.03699272, -0.06710659]), array([0.00108918, 0.05775501, 0.01373985, 0.00215477]), array([ 0.01540345,  0.00917146, -0.03175523,  0.04426304]), array([ 0.0018782 , -0.01785535,  0.03352515, -0.06274535]), array([-0.02509661, -0.0423193 ,  0.02384555,  0.06898035]), array([ 0.00323076,  0.04873616, -0.00136198,  0.02189069]), array([ 0.0455903 ,  0.02577494, -0.01718788, -0.05272632]), array([-0.036754  , -0.00238244,  0.00206206,  0.01663484]), array([-0.02572539,  0.06866345,  0.03944553, -0.01219511]), array([0.06650534, 0.0334136 , 0.04572607, 0.00116837]), array([-0.01750714, -0.08043847,  0.05540398,  0.01317248]), array([-0.02052256, -0.0376993 , -0.03566521, -0.01943032]), array([ 0.1182474 ,  0.0340904 , -0.01038443,  0.02453438]), array([ 0.00799944, -0.09402647, -0.01191021, -0.01206204]), array([-0.03367251,  0.00752722, -0.05772689,  0.08478739]), array([ 0.07131347,  0.0286904 , -0.08350242,  0.02571143]), array([ 0.0271815 ,  0.00742747, -0.03666854,  0.06826906]), array([-0.0117541 , -0.06182103,  0.04214696, -0.02417435]), array([ 0.04961861, -0.01112948,  0.06972899,  0.02106479]), array([-0.03185807,  0.04347302, -0.07200135, -0.00690259]), array([0.04489753, 0.03236877, 0.06286219, 0.04100836])]

Actions: [array([1.        , 0.75732145]), array([1.       , 0.7735858]), array([1.        , 0.78656543]), array([1.        , 0.79748287]), array([1.        , 0.80693568]), array([1.        , 0.81500277]), array([1.        , 0.89776306]), array([1.        , 0.90587169]), array([1.        , 0.91357851]), array([1.        , 0.92036296]), array([1.        , 0.91646662]), array([1.        , 0.92097515]), array([1.        , 0.92552454]), array([1.        , 0.92914007]), array([1.        , 0.93212363]), array([1.        , 0.93418244]), array([1.        , 0.93504398]), array([1.        , 0.93549163]), array([1.       , 0.9355398]), array([1.        , 0.93437311]), array([1.        , 0.93156019]), array([1.        , 0.92964014]), array([1.        , 0.92874831]), array([1.        , 0.92859753]), array([1.        , 0.92697463]), array([1.        , 0.92467327]), array([1.        , 0.92433127]), array([1.        , 0.92396923]), array([1.        , 0.92370304]), array([1.        , 0.92503097]), array([1.        , 0.92971634]), array([1.        , 0.93121492]), array([1.        , 0.93564127]), array([1.        , 0.93785185]), array([1.        , 0.93855994]), array([1.        , 0.94966498]), array([1.        , 0.96543565])]