
Good
Feature: [12, 67, 8742.665983424431]

States: [array([-170.67339794,   -0.24129587, -128.92376694,   -0.66117722]), array([-1.70827773e+02, -4.40369361e-03, -1.29571121e+02,  4.86346311e-01]), array([-1.70761670e+02,  7.65027260e-02, -1.29197911e+02,  1.33582150e+00]), array([-1.70685289e+02,  1.40660591e-01, -1.27878500e+02,  2.11012609e+00]), array([-170.52685842,    0.25887486, -125.83307346,    2.66843302]), array([-170.22086679,    0.28301781, -123.11910568,    3.15679737]), array([-170.01208693,    0.3633159 , -120.00293181,    3.52383372]), array([-169.6805393 ,    0.49713142, -116.45075483,    3.80733021]), array([-169.12415342,    0.58788547, -112.68050554,    3.96490924]), array([-168.54605818,    0.92537781, -108.63468717,    4.17224485]), array([-167.6109641 ,    1.24888373, -104.43776506,    4.35036313]), array([-166.42772691,    1.49698525, -100.11389542,    4.48176347]), array([-164.94602521,    1.62917189,  -95.71316542,    4.58847297]), array([-163.24478406,    1.85720193,  -91.07430997,    4.70532517]), array([-161.36746779,    1.99605249,  -86.42768817,    4.72394125]), array([-159.43495428,    2.24670512,  -81.72270576,    4.76788176]), array([-157.2002103 ,    2.43370171,  -76.9199609 ,    4.85296109]), array([-154.70996784,    3.06938265,  -72.06015662,    4.25606302]), array([-151.65132786,    3.45787782,  -67.91822918,    3.67949473]), array([-148.15582137,    3.79576792,  -64.28532559,    3.24651032]), array([-144.34829808,    4.10843722,  -61.08921323,    2.85956859]), array([-140.20811624,    4.28400687,  -58.22102355,    2.55233207]), array([-135.96463332,    4.46175623,  -55.64451723,    2.19043585]), array([-131.46211991,    4.54972274,  -53.48965519,    1.8362588 ]), array([-126.91425057,    4.70407622,  -51.68999976,    1.50257829]), array([-122.09083405,    4.85297345,  -50.19248342,    1.29453818]), array([-117.13128233,    4.97563781,  -48.90199012,    1.08476115]), array([-112.16067562,    5.02616828,  -47.82638608,    0.51703293]), array([-107.07729494,    5.10841018,  -47.39285499,    0.98331615]), array([-102.02099335,    5.15241925,  -46.41301494,    1.36352095]), array([-96.99584358,   5.11168236, -45.11916041,   1.28324794]), array([-91.87624645,   5.12375209, -43.79265087,   1.24989188]), array([-86.78734782,   5.0697222 , -42.54051855,   1.28095051]), array([-81.67425984,   5.10379127, -41.27140078,   1.14255519]), array([-76.50999392,   4.18555373, -40.12504746,   1.85205872]), array([-72.36367002,   3.46423393, -38.25204185,   2.44434886]), array([-68.8164397 ,   2.71747489, -35.80831356,   2.97270565]), array([-66.10266406,   2.13827917, -32.84036264,   3.45472834]), array([-63.9494157 ,   1.16850082, -29.3316732 ,   3.81180355]), array([-62.77610682,   0.4133925 , -25.49180217,   4.09181595]), array([-62.38338559,  -0.13287898, -21.35932306,   4.28532128]), array([-62.48102072,  -0.66024915, -17.06322835,   4.43854858]), array([-63.12243429,  -1.14147147, -12.62835745,   4.5942144 ]), array([-64.17962046,  -1.63150785,  -8.03370304,   4.67085934]), array([-65.82257091,  -1.52034209,  -3.39380399,   4.66588248]), array([-67.39083435,  -1.32752928,   1.21595376,   4.78905067]), array([-68.66009379,  -1.23566793,   5.9564609 ,   4.83408615]), array([-69.88344197,  -1.13451732,  10.85502349,   4.88816436]), array([-70.96817226,  -1.01815137,  15.74489985,   4.8528331 ]), array([-71.96151039,  -0.81477667,  20.59204235,   4.75258653]), array([-72.80557302,  -0.58704774,  25.38266603,   4.7553291 ]), array([-73.40770126,  -0.25639313,  30.07933292,   4.80417879]), array([-7.36430732e+01,  1.83904360e-02,  3.48436771e+01,  4.84661486e+00]), array([-73.5775385 ,   0.33613644,  39.72344085,   4.8435812 ]), array([-73.23979002,   1.25239288,  44.59607083,   4.3971648 ]), array([-71.95736891,   1.9754598 ,  48.9973481 ,   3.95301066]), array([-69.90934804,   2.55501201,  52.93056574,   3.50074084]), array([-67.36179986,   3.04847847,  56.40105536,   2.61880227]), array([-64.27185338,   3.37227956,  59.06733546,   1.87908116]), array([-60.90079814,   3.65886632,  60.9493784 ,   1.18553223]), array([-57.24227937,   4.06468113,  62.16709101,   0.58120093]), array([-53.1601135 ,   4.35429697,  62.72952178,  -0.06426189]), array([-48.72380557,   4.47533746,  62.68015303,  -0.62863823]), array([-44.30624174,   4.46651172,  62.1240081 ,  -1.59513965]), array([-39.8420007 ,   4.34235521,  60.62466276,  -2.26849967]), array([-35.50280424,   4.12561309,  58.37869096,  -2.81633485]), array([-31.3623905 ,   4.27363175,  55.52987314,  -3.12198011]), array([-27.18035192,   4.45489921,  52.52006007,  -3.40316597]), array([-22.7528686 ,   4.09096835,  49.17564269,  -3.77548633]), array([-18.63418225,   3.66705978,  45.49184197,  -3.98590523]), array([-14.95566192,   3.30064286,  41.52656878,  -4.12638784]), array([-11.67608356,   2.94819993,  37.42759375,  -4.33858476]), array([-8.70070467,  2.7505255 , 33.13664129, -4.4732053 ]), array([-5.84904936,  2.35597376, 28.63149955, -4.53289144]), array([-3.51765817,  2.05597883, 24.05211049, -4.56147908]), array([-1.47545504,  1.77345385, 19.6007293 , -4.64549307]), array([ 0.28797867,  1.47882851, 15.07212859, -4.71466654]), array([ 1.76039387,  1.15842749, 10.22851293, -4.86733732]), array([ 2.95022904,  0.71296447,  5.34057713, -4.95969424]), array([-0.05501919,  0.0730978 , -0.00539915, -0.02036205]), array([-0.00311708, -0.03891011,  0.04587511,  0.04073688]), array([-0.06722354,  0.01138032, -0.03073422,  0.00885289]), array([ 0.0461517 , -0.06826105, -0.0215739 , -0.04348609]), array([ 0.05347827, -0.00259516, -0.04644652,  0.04125938]), array([ 0.00908185, -0.03939884, -0.03053456,  0.06460305]), array([ 0.00236987, -0.07718091, -0.02346706, -0.0148421 ]), array([ 0.01432667, -0.0125662 ,  0.05182263,  0.03094448]), array([-0.06995014, -0.00174869,  0.01414855, -0.00993809]), array([-0.01008065,  0.01653806,  0.03622247,  0.03214143]), array([ 0.12105407,  0.02853382, -0.06509749, -0.02581855]), array([-0.09454767,  0.01520066, -0.01989609, -0.014029  ]), array([ 0.02349152, -0.0102303 , -0.01208552,  0.02549803]), array([-0.04349494,  0.02614448,  0.05494488,  0.0398709 ]), array([0.06309151, 0.03707998, 0.10055359, 0.048097  ]), array([-0.00967424,  0.11925742,  0.0077372 ,  0.03711067]), array([ 0.06497478,  0.06105201, -0.0724761 , -0.01548862]), array([-0.03833199, -0.03365392, -0.05195495,  0.0322597 ]), array([-0.0801301 , -0.06920799,  0.05128022, -0.04525973]), array([-0.01622275, -0.0863136 , -0.04725869,  0.06221179]), array([ 0.01335669,  0.06358988,  0.08768688, -0.02235907])]

Actions: [array([0.13630056, 1.        ]), array([0.13730814, 1.        ]), array([0.13708051, 1.        ]), array([0.13871435, 1.        ]), array([0.14073843, 1.        ]), array([0.14202188, 1.        ]), array([0.14619107, 1.        ]), array([0.14976573, 1.        ]), array([0.41791477, 1.        ]), array([0.44280425, 1.        ]), array([0.46559713, 1.        ]), array([0.48853306, 1.        ]), array([0.50955583, 1.        ]), array([0.53396168, 1.        ]), array([0.56079836, 1.        ]), array([0.60047621, 1.        ]), array([1.        , 0.37556939]), array([1.        , 0.32477966]), array([1.        , 0.28235321]), array([1.      , 0.244937]), array([1.        , 0.21110723]), array([1.        , 0.17933709]), array([1.        , 0.14831635]), array([1.        , 0.12078961]), array([1.        , 0.09551772]), array([1.        , 0.07229793]), array([ 1.        , -0.38898403]), array([1.        , 0.49994061]), array([1.        , 0.56507926]), array([1.        , 0.23708034]), array([1.        , 0.23168951]), array([1.        , 0.22158667]), array([1.        , 0.10762298]), array([0.04161425, 1.        ]), array([-0.00338768,  1.        ]), array([-0.04052362,  1.        ]), array([-0.06474253,  1.        ]), array([-0.46082875,  1.        ]), array([-0.52009169,  1.        ]), array([-0.57312825,  1.        ]), array([-0.62274924,  1.        ]), array([-0.67294997,  1.        ]), array([-0.72289304,  1.        ]), array([-0.19912079,  1.        ]), array([-0.13076239,  1.        ]), array([-0.11180423,  1.        ]), array([-0.09579842,  1.        ]), array([-0.07753459,  1.        ]), array([-0.05814901,  1.        ]), array([0.11031534, 1.        ]), array([0.15693897, 1.        ]), array([0.21106609, 1.        ]), array([0.27318336, 1.        ]), array([1.        , 0.64150748]), array([1.        , 0.47141335]), array([1.        , 0.34833155]), array([ 1.        , -0.19366156]), array([ 1.        , -0.27689397]), array([ 1.        , -0.35597673]), array([ 1.        , -0.43085144]), array([ 1.        , -0.50534917]), array([ 1.        , -0.58390022]), array([ 0.92435557, -1.        ]), array([ 0.79258785, -1.        ]), array([ 0.67611078, -1.        ]), array([ 1.        , -0.85755772]), array([ 1.        , -0.89302173]), array([ 0.50120313, -1.        ]), array([ 0.44683511, -1.        ]), array([ 0.39413662, -1.        ]), array([ 0.34488382, -1.        ]), array([ 0.29686292, -1.        ]), array([ 0.24763556, -1.        ]), array([ 0.18988379, -1.        ]), array([ 0.1325133, -1.       ]), array([ 0.0634508, -1.       ]), array([-0.05596685, -1.        ]), array([-0.19489157, -1.        ])]
Bad
Feature: [19, 19, 4906.115983368227]

States: [array([-169.7419626 ,    0.31559991, -130.43200405,   -0.54585178]), array([-169.38269879,    1.36544581, -130.98269302,    0.28020343]), array([-168.06025846,    2.03647634, -130.75285178,    0.95451749]), array([-165.90465844,    2.59269469, -129.79286403,    1.50602938]), array([-163.27590467,    3.11400616, -128.28061279,    1.9573004 ]), array([-160.15180307,    3.48437957, -126.3622031 ,    2.30914687]), array([-156.5691704 ,    3.82427875, -124.0544023 ,    2.6046048 ]), array([-152.70240115,    4.13850359, -121.43075879,    2.74206032]), array([-148.50320323,    4.27073228, -118.6626026 ,    3.03346843]), array([-144.27358491,    4.43270655, -115.67501321,    3.22047278]), array([-139.90044625,    4.58971326, -112.44720607,    3.39671897]), array([-135.25041438,    4.67842251, -109.07158173,    3.4606022 ]), array([-130.50624457,    4.76612788, -105.52810596,    3.567805  ]), array([-125.78252657,    4.92951579, -101.89466328,    3.54502071]), array([-120.80616751,    4.96956941,  -98.2702759 ,    3.61988388]), array([-115.83653546,    5.04226101,  -94.64837261,    3.67759225]), array([-110.75462718,    5.07925051,  -90.97798664,    3.82403833]), array([-105.68015871,    5.03906657,  -87.10028867,    3.82756899]), array([-100.65326896,    4.95707293,  -83.31862695,    3.88350047]), array([-95.62863849,   5.0280442 , -79.4271279 ,   3.92983645]), array([-90.52783852,   5.0784218 , -75.46642826,   3.81390351]), array([-85.44549601,   5.06184159, -71.64736846,   3.87217787]), array([-80.35355077,   5.06555845, -67.79279885,   3.80753029]), array([-75.3062122 ,   5.11097632, -63.98871567,   3.92054711]), array([-70.13422714,   5.05503214, -60.05164991,   3.94879087]), array([-65.15750597,   5.14932997, -56.10199953,   3.95940627]), array([-59.94530182,   5.08558019, -52.01422243,   4.01041112]), array([-54.84472753,   5.00027405, -47.95419778,   3.96333323]), array([-49.75579187,   4.95798138, -44.00908229,   3.85642118]), array([-44.80565119,   4.97328025, -40.17684372,   3.9058905 ]), array([-39.97956885,   4.99614929, -36.2972328 ,   3.85947488]), array([-34.98119489,   4.86441312, -32.50751173,   3.90430375]), array([-30.12686909,   4.93933575, -28.51465157,   4.02062983]), array([-25.17511632,   4.97068888, -24.45512522,   4.07438599]), array([-20.12353118,   5.01638949, -20.22467208,   4.03911957]), array([-15.12469929,   5.07555393, -16.24570993,   4.09905629]), array([-10.06028484,   5.07927594, -12.10795589,   4.15094096]), array([-4.99339544,  5.01388615, -7.98510785,  4.24413856]), array([-0.0155544 , -0.09966873,  0.05424432,  0.00016533]), array([ 0.0724885 , -0.03511281,  0.0056235 , -0.01505164]), array([ 0.08779061,  0.06415542, -0.0876548 , -0.13057876]), array([ 0.04166563, -0.08318736,  0.02497762, -0.04228482]), array([-0.00290196, -0.05349863,  0.0548646 , -0.08435747]), array([-0.04879545,  0.01348171,  0.03196094, -0.06851185]), array([0.00142665, 0.08309217, 0.04610145, 0.11369521]), array([0.04211849, 0.0726715 , 0.0753342 , 0.08573419]), array([ 0.01456632, -0.01289433,  0.03378681, -0.03652335]), array([ 0.03113028,  0.06349184, -0.02031915,  0.03717991]), array([ 0.03773123, -0.03394319, -0.02906731,  0.02690079]), array([ 0.06568736, -0.03403568,  0.0276662 , -0.0562475 ]), array([ 0.04958292, -0.0962319 ,  0.03273547,  0.01735236]), array([ 0.07842097,  0.01517663, -0.02462749,  0.01101603]), array([ 0.03649652, -0.13969994, -0.01494749,  0.0900442 ]), array([ 0.03198222,  0.01598921, -0.01526006,  0.07452286]), array([-0.00942472,  0.00171574, -0.05321808,  0.0098575 ]), array([ 0.08400014, -0.06969452, -0.04511892,  0.05264077]), array([-0.02598761,  0.08240625,  0.04501204,  0.06914187]), array([ 0.06416941,  0.00315102, -0.02878284, -0.04375735]), array([-0.03608277,  0.02803779,  0.00369771, -0.02237746]), array([ 0.16802725, -0.02827381,  0.00622789, -0.07021862]), array([-0.05763981,  0.09926887, -0.08299103, -0.06325605]), array([-0.02981239, -0.00294577,  0.12387334, -0.05392934]), array([-0.00149323, -0.03109372,  0.00334148, -0.04361323]), array([-0.05438164, -0.03097161, -0.07617881, -0.05115398]), array([ 0.0993676 ,  0.04646881,  0.03972999, -0.01569828]), array([-0.01548801, -0.04500676, -0.07435469,  0.06625636]), array([-0.00227088, -0.04220195,  0.02856518, -0.06510596]), array([-0.03911369,  0.0089044 , -0.05903384, -0.00643254]), array([-0.02571868, -0.0304625 ,  0.01328018, -0.02048886]), array([ 0.07732371, -0.14271201,  0.00077647, -0.096311  ]), array([-0.07072873, -0.07057931,  0.01708118,  0.03035283]), array([ 0.06418903, -0.00757581,  0.00763586, -0.09930329]), array([-0.04943885,  0.05499262, -0.01062195, -0.06664429]), array([ 0.0513603 , -0.0392514 ,  0.07216134, -0.01005978]), array([-0.04675965,  0.00228066, -0.03807612,  0.05879905]), array([-0.12400467, -0.10331449, -0.034551  ,  0.00582623]), array([-0.02303463,  0.01375186,  0.03151092, -0.06965972]), array([-0.05378447, -0.02791622, -0.0634239 ,  0.01839421]), array([ 0.00807231, -0.00413796, -0.04859062,  0.03725543]), array([ 0.06175111,  0.04449175,  0.08127149, -0.12555058]), array([-0.01262947, -0.04268905, -0.06353642, -0.01436267]), array([ 0.01533095, -0.01294608, -0.01174013,  0.03359772]), array([-0.139018  , -0.01947624, -0.09354152, -0.07512746]), array([-0.02154421, -0.00781791, -0.06069838, -0.00026044]), array([-0.01275828, -0.016102  , -0.00370639,  0.01328549]), array([ 0.01028599,  0.03246254, -0.03722793,  0.10031676]), array([0.04135604, 0.0435639 , 0.06815482, 0.06120174]), array([-0.10877114,  0.06452529, -0.03256082,  0.03950437]), array([-0.02478143, -0.04737302, -0.07182527,  0.05853842]), array([-0.01899626, -0.10251086,  0.02013121,  0.02044109]), array([-0.007622  , -0.06381626,  0.06404406,  0.03637027]), array([-0.00109749,  0.13456891,  0.00178901, -0.0618408 ]), array([-0.03326804, -0.04985899, -0.07260179, -0.06136331]), array([-0.0006129 ,  0.07121907,  0.04140538, -0.00465239]), array([ 0.08367473, -0.0422067 , -0.04192705,  0.00438991]), array([ 0.00114635,  0.06313833, -0.02085496, -0.00140485]), array([-0.03227138, -0.00550775,  0.07233194,  0.08701355]), array([ 0.00457243, -0.06492084, -0.00609864,  0.10040942]), array([ 0.00932155,  0.07747605,  0.07499475, -0.00846641]), array([ 0.02127157, -0.02875213, -0.06104577,  0.07870363])]

Actions: [array([1.        , 0.74770095]), array([1.       , 0.7525265]), array([1.       , 0.7570695]), array([1.        , 0.76110991]), array([1.        , 0.76409452]), array([1.        , 0.76701377]), array([1.        , 0.76981762]), array([1.        , 0.77212363]), array([1.        , 0.77530781]), array([1.        , 0.77732379]), array([1.        , 0.77854641]), array([1.        , 0.78034984]), array([1.        , 0.78156164]), array([1.        , 0.78202472]), array([1.        , 0.78422957]), array([1.        , 0.78659906]), array([1.        , 0.78954117]), array([1.        , 0.79075534]), array([1.        , 0.79266891]), array([1.        , 0.79362035]), array([1.        , 0.79458151]), array([1.        , 0.79713572]), array([1.       , 0.7996668]), array([1.        , 0.80273255]), array([1.        , 0.80577568]), array([1.        , 0.80669804]), array([1.        , 0.80863508]), array([1.        , 0.80980216]), array([1.        , 0.81330932]), array([1.        , 0.81759514]), array([1.        , 0.81923372]), array([1.        , 0.82785659]), array([1.       , 0.8287025]), array([1.        , 0.83042284]), array([1.        , 0.82869332]), array([1.        , 0.83922508]), array([1.     , 0.84997])]