
Good
Feature: [0, 84, 9756.937221940601]

States: [array([-169.76803915,   -1.94670512, -130.66130855,   -1.51736064]), array([-171.66798552,   -1.32981911, -132.20234575,   -0.20067522]), array([-173.04302441,   -0.77759883, -132.36533233,    0.84306562]), array([-173.74098294,   -0.40554371, -131.46605393,    1.69594095]), array([-1.74081946e+02,  4.87062267e-02, -1.29743786e+02,  2.32953350e+00]), array([-174.07659918,    0.34976254, -127.3641547 ,    2.88483592]), array([-173.75515744,    0.60448124, -124.45686734,    3.26854523]), array([-173.10937455,    0.84436653, -121.11257975,    3.67328979]), array([-172.18713655,    0.86418246, -117.51084602,    3.93005856]), array([-171.23716503,    1.05394695, -113.57261349,    4.17026677]), array([-170.07457509,    1.17124155, -109.42217832,    4.36505161]), array([-168.93854347,    1.26063495, -104.99894316,    4.46087253]), array([-167.68983963,    1.31954926, -100.55649723,    4.7065506 ]), array([-166.39017577,    1.38183981,  -95.81326771,    4.69277693]), array([-165.01072634,    1.44843771,  -91.11435096,    4.81709521]), array([-163.54732527,    1.4620555 ,  -86.32449972,    4.9118391 ]), array([-162.15741251,    1.53970494,  -81.45054632,    4.96125304]), array([-160.67642249,    1.67589893,  -76.52001502,    4.96579637]), array([-158.99179978,    1.68705498,  -71.60642359,    5.01678497]), array([-157.3876707 ,    1.73852132,  -66.56015654,    4.98218795]), array([-155.65242063,    1.71398926,  -61.63138687,    5.10923532]), array([-153.76985947,    1.66736549,  -56.54005088,    5.16396339]), array([-152.04831102,    1.69881848,  -51.36194229,    5.13067834]), array([-150.31377051,    2.43231912,  -46.1436948 ,    3.9812394 ]), array([-147.934857  ,    2.95248996,  -42.15434394,    2.98562464]), array([-144.93851284,    3.36262656,  -39.08295877,    2.18085003]), array([-141.53183931,    3.71712744,  -36.96283001,    1.39686665]), array([-137.85498337,    4.05448651,  -35.53152007,    0.55862667]), array([-1.33725545e+02,  4.26635707e+00, -3.50310886e+01, -7.18630535e-02]), array([-129.40350078,    4.37066181,  -35.07705078,   -0.67285654]), array([-125.05319372,    4.01158169,  -35.72144425,    0.47202654]), array([-121.15855761,    3.7732016 ,  -35.27625195,    1.41335437]), array([-117.47051037,    3.33426643,  -33.93236543,    2.12931324]), array([-114.16945478,    3.03906073,  -31.75379011,    2.73238498]), array([-111.15285827,    2.81730475,  -28.98622747,    3.12952098]), array([-108.26354921,    2.52019904,  -25.75996856,    3.45774488]), array([-105.72869239,    2.30068941,  -22.28845393,    3.65344404]), array([-103.45355779,    2.09766527,  -18.63300916,    3.91189691]), array([-101.43046613,    2.03658235,  -14.69434254,    4.19842557]), array([-99.453666  ,   1.96501379, -10.525128  ,   4.39877467]), array([-97.5518236 ,   2.02080638,  -6.13638589,   4.50670127]), array([-95.49798076,   2.01490024,  -1.54723629,   4.51619661]), array([-93.42488771,   2.02055776,   3.03534385,   4.63041281]), array([-91.54161563,   1.99598184,   7.62796538,   4.66460634]), array([-89.5587726 ,   1.99243673,  12.2891933 ,   4.69279986]), array([-87.60331777,   2.01076973,  16.92805232,   4.79181581]), array([-85.58134895,   2.02037347,  21.58499163,   4.82120186]), array([-83.59381587,   1.71154949,  26.39319619,   4.85905893]), array([-81.89507218,   1.53360906,  31.27108733,   4.92342747]), array([-80.41681979,   1.31658787,  36.26369341,   4.9052154 ]), array([-79.08483587,   1.09832835,  41.10902411,   4.98189867]), array([-77.97388417,   1.86293735,  46.08227957,   3.91980497]), array([-76.10508923,   2.46280667,  50.05763792,   2.98420063]), array([-73.62509362,   2.9314337 ,  53.04085047,   2.20091084]), array([-70.70703851,   3.34236284,  55.23682946,   1.58952215]), array([-67.37883159,   3.74901086,  56.87370344,   1.00167793]), array([-63.59648875,   4.01748796,  57.83129617,   0.46454157]), array([-5.95842581e+01,  4.24920258e+00,  5.83043881e+01,  2.25221299e-02]), array([-55.3892043 ,   4.31125902,  58.30636495,  -0.44517019]), array([-51.12272156,   4.38068577,  57.84584434,  -0.73438263]), array([-46.82405015,   4.46965237,  57.16184644,  -1.01572309]), array([-42.4345625 ,   4.68616505,  56.09148633,  -1.227621  ]), array([-37.85615577,   4.77041855,  54.81317069,  -1.55679006]), array([-33.12084691,   4.81438415,  53.32134296,  -1.78871272]), array([-28.31853161,   4.51126317,  51.47026534,  -0.31672604]), array([-23.79625582,   4.16891207,  51.24432102,   0.6904109 ]), array([-19.59177789,   3.70929128,  51.87140138,   1.59980406]), array([-15.89479901,   3.26726201,  53.47140043,   2.24559754]), array([-12.73051463,   2.76630503,  55.6789738 ,   0.81907098]), array([-10.08962102,   2.2921023 ,  56.45472149,  -0.35151438]), array([-7.77890618,  1.86147245, 56.06531387, -1.23239282]), array([-5.90062932,  1.44516489, 54.81908367, -1.96756967]), array([-4.50920559,  1.15967394, 52.74244742, -2.56214113]), array([-3.3897967 ,  0.99742567, 50.23124891, -3.06042808]), array([-2.41883744,  0.77078732, 47.10736767, -3.4427814 ]), array([-1.64364982,  0.59984873, 43.66959296, -3.82563634]), array([-1.04253211,  0.40919286, 39.80829654, -4.09751086]), array([-0.72380664,  0.33506439, 35.7133812 , -4.14716982]), array([-0.26692594,  0.23817004, 31.54987737, -4.4128048 ]), array([-1.87107251e-02,  1.86872976e-01,  2.71243343e+01, -4.51066755e+00]), array([ 0.14926114,  0.18504227, 22.52212404, -4.59794441]), array([ 0.30162502,  0.06604084, 17.95825626, -4.67252427]), array([ 0.35120423,  0.04839171, 13.28385038, -4.72008601]), array([ 4.59173188e-01, -3.24570827e-03,  8.56295207e+00, -4.87721217e+00]), array([-0.050436  ,  0.04245622, -0.00856622,  0.00957946]), array([-0.02607848,  0.0433525 , -0.03450313, -0.01891124]), array([-0.14405631, -0.0537838 ,  0.0484586 ,  0.05357208]), array([-0.02945936,  0.08971553,  0.00198922,  0.01490179]), array([ 0.05872342, -0.01059251, -0.05548791, -0.05636886]), array([-0.01540253,  0.02988752, -0.0486847 , -0.0060763 ]), array([ 0.03222284, -0.01827422,  0.02582132, -0.06128122]), array([ 0.07457693, -0.09316573,  0.02584101,  0.03747911]), array([ 0.01040561,  0.20733008, -0.05674628, -0.0577532 ]), array([-0.07389352, -0.04209142,  0.01523659, -0.06004147]), array([ 0.00556664, -0.01167102, -0.06888246,  0.05195623]), array([-0.02505981,  0.10290705, -0.06543613, -0.0447385 ]), array([-0.00515346,  0.07154288,  0.06389013,  0.10340186]), array([ 0.08381076, -0.00771196, -0.05025266,  0.00166778]), array([ 0.0338427 , -0.07393839,  0.0340711 ,  0.01921318]), array([-0.06238489,  0.01120321,  0.07018167,  0.09700707])]

Actions: [array([0.27636666, 1.        ]), array([0.28763845, 1.        ]), array([0.29778196, 1.        ]), array([0.30520864, 1.        ]), array([0.31196244, 1.        ]), array([0.3178147, 1.       ]), array([0.32271225, 1.        ]), array([0.32633395, 1.        ]), array([0.32851456, 1.        ]), array([0.33158022, 1.        ]), array([0.33355822, 1.        ]), array([0.33683498, 1.        ]), array([0.33933344, 1.        ]), array([0.34261652, 1.        ]), array([0.34518635, 1.        ]), array([0.34742427, 1.        ]), array([0.35121594, 1.        ]), array([0.35455442, 1.        ]), array([0.35537395, 1.        ]), array([0.35827857, 1.        ]), array([0.35878723, 1.        ]), array([0.35777374, 1.        ]), array([ 1.        , -0.08575658]), array([ 1.        , -0.19078573]), array([ 1.        , -0.28198255]), array([ 1.        , -0.36763195]), array([ 1.        , -0.44732665]), array([ 1.        , -0.52693235]), array([ 1.        , -0.60448158]), array([0.52451284, 1.        ]), array([0.46947663, 1.        ]), array([0.42598353, 1.        ]), array([0.38862504, 1.        ]), array([0.35840508, 1.        ]), array([0.33259661, 1.        ]), array([0.30845192, 1.        ]), array([0.29508625, 1.        ]), array([0.3810232, 1.       ]), array([0.37522243, 1.        ]), array([0.35368128, 1.        ]), array([0.36703153, 1.        ]), array([0.36222712, 1.        ]), array([0.35651434, 1.        ]), array([0.35288317, 1.        ]), array([0.34752428, 1.        ]), array([0.34164812, 1.        ]), array([0.14362627, 1.        ]), array([0.12312104, 1.        ]), array([0.10430762, 1.        ]), array([0.08637018, 1.        ]), array([ 1.       , -0.0228211]), array([ 1.        , -0.10199421]), array([ 1.        , -0.16999178]), array([ 1.        , -0.22790981]), array([ 1.        , -0.27912008]), array([ 1.        , -0.32795596]), array([ 1.        , -0.37303666]), array([ 1.        , -0.41705894]), array([ 1.        , -0.41976556]), array([ 1.        , -0.44969631]), array([ 1.        , -0.48080659]), array([ 1.        , -0.50989217]), array([ 1.        , -0.54376274]), array([0.70389704, 1.        ]), array([0.55764176, 1.        ]), array([0.44688942, 1.        ]), array([0.35197001, 1.        ]), array([ 0.02809957, -1.        ]), array([-0.0129811, -1.       ]), array([-0.04615172, -1.        ]), array([-0.07565773, -1.        ]), array([ 0.06013153, -1.        ]), array([ 0.0433781, -1.       ]), array([ 0.02955268, -1.        ]), array([ 0.01699431, -1.        ]), array([ 0.00622022, -1.        ]), array([-0.00298899, -1.        ]), array([-0.00863971, -1.        ]), array([-0.01769832, -1.        ]), array([-0.02423154, -1.        ]), array([-0.03039053, -1.        ]), array([-0.03752171, -1.        ]), array([-0.04374653, -1.        ])]
Bad
Feature: [19, 19, 4908.24693951356]

States: [array([-1.69310012e+02,  4.21491169e-02, -1.29135538e+02, -1.11164563e+00]), array([-1.69206687e+02,  1.01423089e+00, -1.30235559e+02, -1.11913331e-01]), array([-168.18005434,    1.78798438, -130.30036831,    0.77930032]), array([-166.31937161,    2.29453854, -129.55302629,    1.48761339]), array([-163.97310242,    2.92754455, -128.07875911,    1.98628251]), array([-160.91344521,    3.23816107, -126.16796288,    2.42714746]), array([-157.67576457,    3.67872019, -123.7895675 ,    2.73976838]), array([-153.98136475,    3.90774055, -121.02324783,    3.03739877]), array([-150.06672578,    4.12396038, -118.00978678,    3.25535123]), array([-145.87991405,    4.36946577, -114.72463041,    3.47437576]), array([-141.4231631 ,    4.53537825, -111.24611411,    3.61251012]), array([-136.95370532,    4.60204761, -107.6438955 ,    3.73907513]), array([-132.36686507,    4.76602902, -103.97260508,    3.76123263]), array([-127.59937754,    4.83005146, -100.20194585,    3.75563081]), array([-122.7176783 ,    4.91435007,  -96.33746963,    3.92934998]), array([-117.88572241,    4.8575088 ,  -92.34822324,    3.93703303]), array([-113.02727294,    4.78814975,  -88.45197973,    3.99596831]), array([-108.23429629,    4.90442328,  -84.56045077,    4.01076068]), array([-103.31645159,    4.96235128,  -80.56159396,    4.02756666]), array([-98.27121269,   4.95228134, -76.49245464,   4.05814156]), array([-93.34335439,   5.01171052, -72.38133574,   4.05617718]), array([-88.3394389 ,   4.99320907, -68.29978995,   4.01149374]), array([-83.45165053,   5.0875638 , -64.25136467,   3.94234654]), array([-78.37949766,   5.0068127 , -60.33992291,   3.96456204]), array([-73.48168028,   4.98923696, -56.33180788,   4.00203132]), array([-68.48011997,   5.02771611, -52.34526817,   3.92007411]), array([-63.41296928,   5.05007193, -48.36356418,   3.97563521]), array([-58.37460335,   5.11268955, -44.39318691,   4.08208428]), array([-53.27090131,   5.07860946, -40.31381921,   4.07578302]), array([-48.15371965,   5.0422609 , -36.33217073,   4.1271382 ]), array([-43.07735555,   4.99737112, -32.19734557,   4.15931714]), array([-37.99136977,   4.9337482 , -27.99545854,   4.23888385]), array([-33.12224781,   4.93544966, -23.73550512,   4.2165271 ]), array([-28.17932362,   4.91377967, -19.4835937 ,   4.25263303]), array([-23.23181616,   4.93098191, -15.29718377,   4.19139807]), array([-18.23718896,   4.96169416, -11.09920898,   4.2668798 ]), array([-13.22651327,   4.95501484,  -6.83616628,   4.36156933]), array([-8.29170828,  4.96797016, -2.4250222 ,  4.40526959]), array([ 0.01373506, -0.04243155,  0.02351084,  0.01933652]), array([ 0.05540784, -0.07141634, -0.06968501, -0.07909494]), array([-0.0491816 , -0.04117311, -0.00563333,  0.02432111]), array([ 0.02947824, -0.01008789, -0.04411505, -0.07504486]), array([-0.08125917, -0.0397121 , -0.04619381, -0.01924652]), array([-0.00828402, -0.05818387, -0.0709443 , -0.01111621]), array([ 0.00996253,  0.02367584, -0.09067214,  0.04000244]), array([0.04424381, 0.03382195, 0.04667465, 0.03646915]), array([-0.05795238, -0.0774519 ,  0.10428068,  0.07588529]), array([-0.06364312,  0.02601685,  0.05605254,  0.0217224 ]), array([ 0.00917037,  0.0232835 , -0.04031478,  0.05947302]), array([-0.05859068, -0.04813724,  0.02617587, -0.0755796 ]), array([-0.00360816,  0.04113892,  0.09383811,  0.08925331]), array([ 0.03511504,  0.01379078,  0.04943698, -0.03643638]), array([-0.04947176,  0.1203416 , -0.01368767,  0.01137311]), array([-0.0284243 , -0.01914632,  0.12623685, -0.08753281]), array([-0.00819844,  0.01562234, -0.02765816,  0.05585669]), array([-0.09622078, -0.0318212 , -0.0576389 , -0.00702496]), array([-0.14678057,  0.01352402,  0.04388191,  0.00605716]), array([-0.01282258, -0.01022642,  0.03276762, -0.02503856]), array([-0.02162579, -0.02108522,  0.07805539,  0.05200791]), array([-0.03414978,  0.08925325, -0.02978264, -0.01801637]), array([-0.00176483,  0.07267023, -0.02219288,  0.03425647]), array([ 0.05943234, -0.04373251,  0.026759  ,  0.0215516 ]), array([-0.07147889, -0.03623179, -0.00729037, -0.01558271]), array([-0.01317712,  0.04197438,  0.04988757, -0.06034523]), array([-0.02943558, -0.00255287, -0.00414305,  0.03588499]), array([ 0.01874679,  0.07865724, -0.0549027 , -0.07890602]), array([ 0.04308872,  0.09152176, -0.06444846, -0.04754693]), array([0.01707777, 0.02392562, 0.03096054, 0.06018156]), array([-0.04858664,  0.01002818,  0.05081659, -0.02466354]), array([-0.05911402,  0.0320571 ,  0.08759336,  0.00479314]), array([-0.03293839,  0.05419576, -0.01180657,  0.00101321]), array([ 0.04989233,  0.07350299, -0.01254932,  0.02621015]), array([ 0.0723575 , -0.01106192,  0.05121585, -0.014029  ]), array([ 0.00464371, -0.02281884,  0.02977071, -0.01863099]), array([-0.0153108 ,  0.03656814, -0.01897449,  0.00368084]), array([-0.01514042,  0.04466593,  0.00357226, -0.09041172]), array([ 0.09398429,  0.07814233, -0.0883526 ,  0.08462024]), array([-0.08438789,  0.01081373, -0.00764888,  0.00736596]), array([-0.07632132, -0.08587992, -0.05945602, -0.02173662]), array([-0.03025929, -0.05539761, -0.05304102, -0.00526173]), array([0.04963232, 0.02120109, 0.0253714 , 0.08279551]), array([-0.07005852, -0.00060967, -0.08307416,  0.01530224]), array([-0.04058165, -0.03810219,  0.04611722,  0.00054642]), array([ 0.02965749, -0.13370515, -0.06365386,  0.08759867]), array([-0.0194175 , -0.12065625,  0.01704547, -0.06368171]), array([-0.01817934,  0.00094786, -0.04950663,  0.04383154]), array([-0.0712284 ,  0.01364177,  0.00440791,  0.02070514]), array([-0.04476705,  0.03532769,  0.06303897,  0.01806583]), array([-0.14538285,  0.01264811,  0.11026771,  0.02191519]), array([ 0.0136382 ,  0.01814633,  0.00501823, -0.00973059]), array([-0.03113386,  0.03900172,  0.11382493,  0.03518852]), array([ 0.00996467,  0.01563823, -0.10199377, -0.0129439 ]), array([ 2.32077057e-02,  2.98981874e-02, -1.02019071e-01,  9.73681961e-05]), array([ 0.0060397 , -0.01160038, -0.03985424,  0.04647037]), array([-0.01563473, -0.00390037,  0.05869763, -0.0187461 ]), array([ 0.09035979, -0.1409947 , -0.09064611, -0.041732  ]), array([-0.01808251, -0.13021269, -0.02794325,  0.00390539]), array([ 0.0063871 ,  0.03310189, -0.07174267,  0.03934474]), array([ 0.01093216,  0.08562724, -0.06626537,  0.01804058]), array([ 0.02103932,  0.02410206,  0.06292489, -0.08796769])]

Actions: [array([1.        , 0.79221249]), array([1.        , 0.79911424]), array([1.        , 0.80431472]), array([1.        , 0.80876501]), array([1.        , 0.81131495]), array([1.        , 0.81482247]), array([1.        , 0.81644877]), array([1.        , 0.81805095]), array([1.        , 0.81929296]), array([1.        , 0.82027371]), array([1.        , 0.82150917]), array([1.        , 0.82200908]), array([1.        , 0.82274667]), array([1.        , 0.82391745]), array([1.        , 0.82518106]), array([1.        , 0.82516432]), array([1.        , 0.82614444]), array([1.        , 0.82676257]), array([1.        , 0.82739884]), array([1.        , 0.82844847]), array([1.        , 0.82814817]), array([1.        , 0.82883904]), array([1.        , 0.82887138]), array([1.        , 0.83251147]), array([1.        , 0.83343011]), array([1.        , 0.83600981]), array([1.        , 0.83989807]), array([1.        , 0.84422406]), array([1.     , 0.84837]), array([1.        , 0.85553507]), array([1.        , 0.86014969]), array([1.        , 0.86446725]), array([1.       , 0.8630236]), array([1.        , 0.86348524]), array([1.        , 0.86687646]), array([1.        , 0.87337509]), array([1.        , 0.88078898])]