
Good
Feature: [0, 65, 7946.354499975943]

States: [array([-169.0460485 ,   -0.39441128, -130.52159199,   -0.4769803 ]), array([-1.69524251e+02, -1.25096597e-01, -1.30998233e+02,  6.17730845e-01]), array([-1.69565126e+02,  1.15263476e-01, -1.30380329e+02,  1.51522594e+00]), array([-169.41359312,    0.23861279, -128.94334529,    2.23968939]), array([-169.21570663,    0.41423712, -126.62714923,    2.80214598]), array([-168.77521219,    0.46301556, -123.70505256,    3.30879008]), array([-168.26784098,    0.55956479, -120.42526368,    3.63723198]), array([-167.58791231,    0.63307615, -116.82665935,    3.87620593]), array([-166.93811257,    0.74873285, -112.97168897,    4.07252609]), array([-166.21771062,    0.81110794, -108.90987361,    4.28029807]), array([-165.3710592 ,    0.80168619, -104.74458595,    4.4117637 ]), array([-164.65396294,    0.77247709, -100.32404818,    4.49165934]), array([-163.8957211 ,    0.84143611,  -95.81716182,    4.55653286]), array([-162.96200426,    0.81487833,  -91.24969237,    4.52533415]), array([-162.12851877,    1.31512087,  -86.76494443,    4.6305512 ]), array([-160.78622878,    1.65672291,  -82.18471647,    4.64578624]), array([-159.16146196,    1.95556619,  -77.49620206,    4.72174117]), array([-157.19734813,    2.22129769,  -72.88804237,    4.74967234]), array([-154.95071537,    2.42150846,  -68.10830386,    4.77610762]), array([-152.42849318,    2.6849138 ,  -63.40981993,    4.7671275 ]), array([-149.65388974,    2.86810381,  -58.71520055,    4.74327672]), array([-146.83544104,    2.98853767,  -53.91826556,    4.87212294]), array([-143.79723543,    3.0861703 ,  -49.10856554,    4.9307234 ]), array([-140.71553636,    3.11557629,  -44.24493882,    4.99389857]), array([-137.61710454,    3.19061633,  -39.23934705,    5.01290549]), array([-134.38163682,    3.27496941,  -34.31492675,    5.04403112]), array([-131.06544303,    3.37901891,  -29.33607828,    5.03499657]), array([-127.76236146,    3.42464573,  -24.26745687,    5.13268012]), array([-124.31840577,    3.39860958,  -19.12525399,    5.09699481]), array([-120.91615661,    3.47324466,  -14.0497461 ,    5.08566067]), array([-117.4447109 ,    3.56542837,   -9.0131625 ,    5.06998856]), array([-113.89898341,    3.54716515,   -3.89644093,    5.11475912]), array([-110.365873  ,    3.58881705,    1.1791776 ,    5.14468192]), array([-106.7397295 ,    3.61514781,    6.31350754,    5.07688432]), array([-103.11898116,    3.68616085,   11.39330358,    5.14853887]), array([-99.48364334,   3.69858748,  16.51336103,   5.05332377]), array([-95.86418972,   3.75054248,  21.51055674,   4.96883566]), array([-92.14210537,   3.75107676,  26.39066864,   4.97732272]), array([-88.45236906,   3.74835039,  31.32835587,   5.09990068]), array([-84.79311034,   3.81362059,  36.44652226,   5.0215675 ]), array([-80.9033123 ,   4.01422105,  41.47788826,   4.30283414]), array([-76.90694436,   4.19130256,  45.83782968,   3.58555223]), array([-72.75395321,   4.34588295,  49.35082751,   2.95615586]), array([-68.43004207,   4.56425813,  52.32027759,   2.32925817]), array([-63.86195351,   4.72527186,  54.63097419,   1.85842046]), array([-59.13043994,   4.74958886,  56.53359419,   1.34371612]), array([-54.36756606,   4.79379029,  57.98424542,   0.88097409]), array([-49.54284313,   4.82342   ,  58.84104434,   0.43228929]), array([-44.65937142,   4.87033754,  59.26814817,  -0.07841547]), array([-39.80759203,   4.90237348,  59.1653836 ,  -0.63818386]), array([-34.83164632,   4.55066352,  58.46071839,  -1.46245889]), array([-30.46061561,   4.19763141,  56.94729617,  -2.18037678]), array([-26.28150109,   3.860203  ,  54.79175784,  -2.73637525]), array([-22.35856428,   3.55992814,  52.03408678,  -3.26135108]), array([-18.79396538,   3.30679671,  48.72412892,  -3.63632355]), array([-15.51259091,   2.96944391,  45.13612192,  -3.8663111 ]), array([-12.57913673,   2.71002612,  41.36680977,  -4.03209895]), array([-9.87109596,  2.50340104, 37.21740602, -4.14055317]), array([-7.36866958,  2.25296499, 33.13307181, -4.27441494]), array([-5.09190028,  2.11703465, 28.78392675, -4.40793844]), array([-2.9414359 ,  1.74054331, 24.40162361, -4.50978362]), array([-1.18152068,  1.5636506 , 19.84747396, -4.56888567]), array([ 0.37163053,  1.3496186 , 15.28742873, -4.71633296]), array([ 1.67276908,  1.04114309, 10.54364168, -4.81635946]), array([ 2.81086767,  0.69868331,  5.68435214, -4.80715699]), array([ 0.01424381,  0.04995496, -0.03831916, -0.0398294 ]), array([-0.04603696, -0.0162512 ,  0.04483006,  0.01968018]), array([-0.06591017, -0.03154765,  0.05639438,  0.05658088]), array([-0.03506033, -0.10623904,  0.01447846,  0.06098456]), array([ 0.01528368, -0.06284586,  0.06091794, -0.04216237]), array([-0.04833607, -0.03022913,  0.02357644, -0.02518272]), array([ 0.02747666,  0.02505592,  0.01855137, -0.02925233]), array([-0.03432641, -0.08408649, -0.03779877,  0.06846796]), array([-0.0216911 ,  0.01493594, -0.01184188,  0.02501496]), array([-0.05000157, -0.0039474 ,  0.00403496, -0.00397277]), array([-0.09580447, -0.00048058,  0.00671748, -0.02111841]), array([ 0.01218045, -0.05185661, -0.09834587,  0.03583665]), array([ 0.06448482,  0.0191213 , -0.02292578, -0.01131129]), array([ 0.10224059, -0.05543502, -0.04791642, -0.06278994]), array([-0.00543271,  0.03511874, -0.00940423,  0.00967642]), array([ 0.03749068, -0.05365236, -0.02073459,  0.13915912]), array([ 0.06080291, -0.09552471,  0.00950701, -0.06296701]), array([ 0.07543622,  0.08973121, -0.09105173, -0.03987531]), array([-0.0162706 ,  0.04884762,  0.02058736,  0.03553233]), array([-0.02327391, -0.04982246,  0.03678267,  0.0071739 ]), array([ 0.08757896, -0.03101179,  0.08655133, -0.02916343]), array([ 0.02031629, -0.01936754, -0.02008986, -0.04405738]), array([ 0.09222069, -0.02206542,  0.02461587, -0.01826045]), array([ 0.01453645, -0.05299768,  0.02131747, -0.03315767]), array([-0.01604078, -0.00165098, -0.05208779,  0.0125521 ]), array([-0.00587437, -0.02663425, -0.01731171,  0.06638677]), array([ 0.0111131 ,  0.04385463,  0.05697   , -0.00138004]), array([-0.0206584 , -0.03337255, -0.04614139, -0.02566075]), array([ 0.04105709, -0.02139025,  0.00235017,  0.00696473]), array([ 0.0169643 , -0.02269202, -0.1260471 ,  0.02238069]), array([ 0.03312003,  0.01280217,  0.00588438, -0.05160104]), array([-0.04291305, -0.09524379, -0.04727637, -0.00850519]), array([ 0.01099818,  0.09432131, -0.07444079,  0.02894689]), array([-0.00965497, -0.08734594, -0.01036591,  0.02136724]), array([ 0.02165878, -0.05335086,  0.04077754,  0.10126563])]

Actions: [array([0.19033647, 1.        ]), array([0.19611375, 1.        ]), array([0.19855243, 1.        ]), array([0.20061018, 1.        ]), array([0.20486492, 1.        ]), array([0.20751045, 1.        ]), array([0.21057646, 1.        ]), array([0.2120482, 1.       ]), array([0.21546642, 1.        ]), array([0.21890747, 1.        ]), array([0.22050393, 1.        ]), array([0.22758309, 1.        ]), array([0.23597008, 1.        ]), array([0.63393161, 1.        ]), array([0.64812463, 1.        ]), array([0.65999467, 1.        ]), array([0.67110149, 1.        ]), array([0.67993739, 1.        ]), array([0.68809889, 1.        ]), array([0.69411083, 1.        ]), array([0.69837362, 1.        ]), array([0.7032624, 1.       ]), array([0.70657497, 1.        ]), array([0.71015658, 1.        ]), array([0.71500794, 1.        ]), array([0.71821125, 1.        ]), array([0.72129679, 1.        ]), array([0.72575885, 1.        ]), array([0.72965413, 1.        ]), array([0.7340263, 1.       ]), array([0.73755948, 1.        ]), array([0.74144516, 1.        ]), array([0.74573623, 1.        ]), array([0.74991518, 1.        ]), array([0.75425955, 1.        ]), array([0.76017252, 1.        ]), array([0.76555446, 1.        ]), array([0.76604362, 1.        ]), array([0.76999148, 1.        ]), array([1.        , 0.21837613]), array([1.        , 0.14332611]), array([1.        , 0.07010965]), array([1.        , 0.00238495]), array([ 1.        , -0.06603665]), array([ 1.        , -0.13357346]), array([ 1.        , -0.20823326]), array([ 1.        , -0.29191826]), array([ 1.        , -0.38490242]), array([ 1.        , -0.50333211]), array([ 0.66524874, -1.        ]), array([ 0.58767747, -1.        ]), array([ 0.52615393, -1.        ]), array([ 0.47021582, -1.        ]), array([ 0.41939555, -1.        ]), array([ 0.37439756, -1.        ]), array([ 0.33111758, -1.        ]), array([ 0.29002071, -1.        ]), array([ 0.24920094, -1.        ]), array([ 0.2039053, -1.       ]), array([ 0.15500932, -1.        ]), array([ 0.09382411, -1.        ]), array([ 0.0254504, -1.       ]), array([-0.07080336, -1.        ]), array([-0.2315077, -1.       ])]
Bad
Feature: [18, 21, 4992.374316710596]

States: [array([-1.70226962e+02,  9.51806109e-02, -1.30988406e+02, -4.79228662e-01]), array([-170.12178815,    0.99631688, -131.45171402,    0.36848023]), array([-169.11084233,    1.694918  , -131.06086086,    1.05769494]), array([-167.40455877,    2.30126632, -129.98999715,    1.6883763 ]), array([-165.10507286,    2.91917962, -128.30532269,    2.12941652]), array([-162.10243045,    3.35027558, -126.08488021,    2.45061239]), array([-158.77209825,    3.64773364, -123.64495753,    2.69195079]), array([-155.12639618,    4.05639739, -120.86341609,    2.93626016]), array([-151.00176615,    4.29900956, -117.96491468,    3.14091905]), array([-146.68547537,    4.53443016, -114.83629625,    3.22321332]), array([-142.18721766,    4.67962347, -111.64914378,    3.33711198]), array([-137.50896171,    4.77743945, -108.31602379,    3.42974256]), array([-132.70093844,    4.86251797, -104.78468735,    3.48055424]), array([-127.79069737,    4.89976938, -101.24586883,    3.53524863]), array([-122.93112829,    4.85043447,  -97.6650163 ,    3.5946173 ]), array([-118.07067548,    4.84936533,  -94.00413978,    3.58795291]), array([-113.30448608,    4.90619448,  -90.37724632,    3.68070776]), array([-108.48388982,    4.98984804,  -86.71203187,    3.67610467]), array([-103.40975957,    5.03658179,  -83.04690102,    3.74344112]), array([-98.36094237,   5.00322471, -79.38382263,   3.78318871]), array([-93.37035912,   5.02768258, -75.5614608 ,   3.81784865]), array([-88.38697342,   5.03751622, -71.72573544,   3.90870461]), array([-83.32100923,   4.99944131, -67.79189059,   3.96250285]), array([-78.37749604,   4.91252189, -63.76052763,   3.90195591]), array([-73.47796302,   4.90543912, -59.80514263,   3.87910016]), array([-68.58497138,   4.92835058, -56.0037515 ,   3.93582387]), array([-63.5912907 ,   4.97446543, -52.0960131 ,   3.93350617]), array([-58.66273293,   4.98871339, -48.17659845,   3.87210941]), array([-53.70085303,   5.01971755, -44.27689518,   3.90389482]), array([-48.77373091,   5.05920652, -40.31007943,   3.92290008]), array([-43.62641237,   5.0441    , -36.40939702,   4.0335405 ]), array([-38.5487386 ,   5.04818688, -32.4189285 ,   3.93028434]), array([-33.45739755,   5.01387975, -28.48512608,   3.83635264]), array([-28.52256585,   4.96769099, -24.62620381,   3.93674496]), array([-23.52442424,   4.90134475, -20.65211271,   3.95080096]), array([-18.61795337,   4.92656668, -16.73144879,   3.93941289]), array([-13.66739413,   4.97653942, -12.81077511,   3.92622133]), array([-8.64734463,  4.96645211, -8.8401695 ,  3.97665516]), array([-3.60192612,  4.98683153, -4.84265461,  3.89535079]), array([-0.0539326 , -0.04521512,  0.06425153,  0.03115627]), array([ 0.00054455,  0.09227424, -0.06000962, -0.00333644]), array([-0.0984316 , -0.04381048, -0.09954303,  0.04321497]), array([ 0.02859344, -0.0165643 , -0.02958805,  0.01501177]), array([ 0.04106922, -0.08877609,  0.03056832,  0.08037822]), array([ 0.03097158,  0.10631044,  0.00839978, -0.02146795]), array([-0.02014349, -0.03620278,  0.00083564, -0.01229466]), array([ 0.00149729,  0.11810639, -0.014633  ,  0.01674424]), array([-0.06028883,  0.06241344, -0.01787391, -0.02863534]), array([-0.03455053,  0.08743449, -0.01234183,  0.02823114]), array([-0.08498459, -0.00900321,  0.04551339, -0.0669855 ]), array([0.03833765, 0.08949495, 0.04698251, 0.01453435]), array([-0.02357706,  0.04435551,  0.02128385, -0.05586048]), array([-0.02593332, -0.06420586,  0.03798746, -0.03944358]), array([ 0.09849534, -0.01774336, -0.02441542,  0.00434688]), array([0.04605162, 0.082748  , 0.07065374, 0.04257867]), array([-0.06493312,  0.0373795 ,  0.02113689,  0.01488698]), array([-0.01744247, -0.03189749, -0.00481801, -0.0107078 ]), array([-0.08957635,  0.04145392, -0.08279438, -0.01383936]), array([ 0.09641425,  0.03222473,  0.05731305, -0.06929733]), array([-0.049943  , -0.01909139, -0.02359306, -0.08621977]), array([-0.05124004, -0.08998173, -0.02679821,  0.0548123 ]), array([-0.01997999,  0.03498967,  0.10527463,  0.08297169]), array([-0.00854033, -0.01542819, -0.00392083, -0.03595835]), array([-0.08584074, -0.01195661,  0.00041717, -0.06619309]), array([ 0.03613431,  0.00509615, -0.03177786, -0.02586089]), array([-0.00358615, -0.03365198,  0.00414079, -0.03291523]), array([ 0.06031953,  0.0269993 , -0.030569  , -0.10034301]), array([ 0.02523249,  0.0301792 , -0.0007225 ,  0.01283531]), array([-0.02224947,  0.06897203,  0.03493619, -0.03093608]), array([ 0.05061317,  0.00951207, -0.00379195, -0.04530448]), array([ 0.00178174, -0.09980197,  0.06318596, -0.00886506]), array([-0.02431684, -0.08590746,  0.03037255,  0.09712723]), array([-0.0255917 ,  0.12423459, -0.11884768, -0.01107348]), array([ 0.02157195, -0.01276496,  0.00737527,  0.03962741]), array([ 0.0047236 ,  0.00881146, -0.0736073 , -0.01396631]), array([-0.09434712,  0.02849216,  0.01132769, -0.01537998]), array([-0.03944702, -0.084481  , -0.01074766, -0.0061614 ]), array([-0.00595493,  0.0618106 , -0.05536072,  0.03548359]), array([-0.04037016, -0.00641515, -0.05731316, -0.07356095]), array([-0.14822618,  0.02373784,  0.05688544, -0.00640913]), array([ 0.07647123, -0.07144431,  0.1150626 , -0.01516714]), array([0.05520115, 0.04114391, 0.06352943, 0.02875642]), array([-0.04272594,  0.10139463, -0.02506295,  0.07274164]), array([-0.07902842,  0.04183433,  0.01689687, -0.03004457]), array([-0.09531748,  0.05658197, -0.00511269, -0.02453054]), array([0.07809151, 0.01818935, 0.07624624, 0.10130782]), array([0.0916512 , 0.02715857, 0.00058834, 0.01855145]), array([-0.04167854,  0.00665073, -0.14160572, -0.01267757]), array([-0.05150931,  0.04127098,  0.00016822,  0.03272356]), array([-0.00800191,  0.07747022,  0.00462512, -0.02795298]), array([-0.0110507 ,  0.05429377, -0.08905134, -0.04557439]), array([-0.05112145, -0.01445792,  0.00339263,  0.05975838]), array([-0.01081843,  0.0372601 ,  0.04013513, -0.02646819]), array([-0.00484556,  0.05310439,  0.0168118 ,  0.02208358]), array([-0.01825704, -0.06367336,  0.04041146,  0.05888614]), array([ 0.00321345,  0.02358839, -0.03693929, -0.10365412]), array([0.07436576, 0.03230905, 0.00982439, 0.00815122]), array([ 0.05033055,  0.03616419, -0.10880827, -0.00232801]), array([ 0.00567196, -0.0290469 , -0.04738615,  0.01183332]), array([-0.04032074,  0.00769541, -0.00177114, -0.07376341])]

Actions: [array([1.        , 0.75930195]), array([1.        , 0.76248721]), array([1.       , 0.7647288]), array([1.        , 0.76612313]), array([1.        , 0.76658846]), array([1.        , 0.76708905]), array([1.        , 0.76780988]), array([1.        , 0.76792345]), array([1.        , 0.76969948]), array([1.        , 0.77101588]), array([1.        , 0.77298709]), array([1.        , 0.77503993]), array([1.       , 0.7765055]), array([1.        , 0.77864297]), array([1.        , 0.78028904]), array([1.        , 0.78140052]), array([1.        , 0.78225719]), array([1.        , 0.78322821]), array([1.       , 0.7862054]), array([1.        , 0.78930702]), array([1.        , 0.79055194]), array([1.        , 0.79172211]), array([1.        , 0.79264169]), array([1.        , 0.79120824]), array([1.       , 0.7901412]), array([1.        , 0.79107996]), array([1.        , 0.79174661]), array([1.        , 0.79145464]), array([1.        , 0.79196106]), array([1.        , 0.79064486]), array([1.       , 0.7944836]), array([1.        , 0.79560447]), array([1.       , 0.7990566]), array([1.        , 0.80197053]), array([1.        , 0.80340281]), array([1.        , 0.80451781]), array([1.        , 0.80893406]), array([1.       , 0.8189095])]