
Good
Feature: [21, 26, 5941.567700597207]

States: [array([-1.71228385e+02,  1.16960285e-02, -1.29155408e+02,  1.61254386e+00]), array([-171.21920353,    1.07082734, -127.53500121,    1.60102735]), array([-170.10086098,    1.93679574, -125.8740815 ,    1.47000815]), array([-168.18707669,    2.5621682 , -124.4070981 ,    1.43238112]), array([-165.63177808,    3.01708019, -122.88654609,    1.26305814]), array([-162.62002566,    3.37572713, -121.74042433,    1.13361844]), array([-159.16778304,    3.69355491, -120.69081373,    0.99328033]), array([-155.41734392,    3.93498611, -119.73954842,    0.82060111]), array([-151.55130246,    4.19783993, -118.96450067,    0.68787088]), array([-147.3710774 ,    4.3999252 , -118.28865432,    0.43956222]), array([-142.97171391,    4.55072158, -117.92452094,    0.16991096]), array([-138.4492963 ,    4.61801639, -117.79978448,    0.92175451]), array([-133.86087746,    4.79212467, -116.94330658,    1.66311535]), array([-129.00298421,    4.84244727, -115.33910793,    2.20326207]), array([-124.1345963 ,    4.89256124, -113.23245857,    2.63986319]), array([-119.2129392 ,    4.90049336, -110.45862574,    2.48488608]), array([-114.32361697,    4.88820781, -107.94802413,    2.10659444]), array([-109.41137889,    4.88137032, -105.79109233,    1.69878743]), array([-104.46065881,    4.86261228, -104.17939291,    1.31297788]), array([ -99.61593254,    4.99215774, -102.72110523,    1.01766103]), array([ -94.64662172,    5.0149911 , -101.71469594,    0.72203261]), array([ -89.61025761,    5.06657608, -101.06815806,    0.37361765]), array([ -84.50751299,    5.02316166, -100.69679895,    0.24998798]), array([ -79.46824668,    4.89128946, -100.39276524,    1.24719706]), array([-74.5142654 ,   4.66146585, -99.14197883,   1.97468261]), array([-69.94530845,   4.54575647, -97.18222073,   2.51971923]), array([-65.45557373,   4.36833704, -94.6947292 ,   3.04428491]), array([-61.05750162,   4.29634214, -91.60336117,   3.48555438]), array([-56.82377084,   4.10554913, -88.08417999,   3.72741512]), array([-52.73500372,   3.91878598, -84.37560955,   3.91235687]), array([-48.89438194,   3.74990736, -80.3999689 ,   4.12698148]), array([-45.15830168,   3.6266296 , -76.23849743,   4.35549206]), array([-41.48697928,   3.49238334, -71.92045145,   4.47838883]), array([-38.00419158,   3.43332814, -67.4322626 ,   4.50331148]), array([-34.60156039,   3.34285137, -62.91360527,   4.54262963]), array([-31.32028342,   3.26851852, -58.26139586,   4.58139419]), array([-27.95571834,   3.17229956, -53.60828981,   4.64950016]), array([-24.80147212,   3.07378563, -48.87787804,   4.71322355]), array([-21.73433089,   2.95350302, -44.20671552,   4.81827267]), array([-18.82047614,   2.80862277, -39.45654677,   4.73020006]), array([-15.99192457,   2.7607624 , -34.72098559,   4.7883674 ]), array([-13.26522749,   2.64085432, -29.93088032,   4.89280725]), array([-10.60132536,   2.71026348, -25.00817809,   4.88210645]), array([ -7.84181129,   2.5607996 , -20.15795738,   4.93255522]), array([ -5.27967425,   2.4838744 , -15.30236654,   4.92944906]), array([ -2.69733401,   2.38992044, -10.4321033 ,   4.94575429]), array([-0.29271119,  2.29766166, -5.4698466 ,  4.99781148]), array([ 0.01178104,  0.00991955, -0.03479499,  0.04805335]), array([-0.01838332, -0.01616694,  0.005837  , -0.0329445 ]), array([-0.0290454 ,  0.03368879,  0.05854645, -0.03997217]), array([ 0.01289865, -0.0209923 ,  0.05856954,  0.07040978]), array([ 0.01340087,  0.02219176, -0.00937989, -0.02405609]), array([ 0.01834869, -0.05492395,  0.05358575, -0.02183879]), array([-0.10164936, -0.00866087, -0.00827321,  0.01829045]), array([-0.02011122,  0.097316  , -0.093541  , -0.01899119]), array([ 0.03549136, -0.06792285, -0.08932164, -0.03733626]), array([ 0.00660707, -0.03769316,  0.03502387, -0.01512439]), array([ 0.02552118, -0.00012852,  0.01003127,  0.05161086]), array([-0.07608764, -0.07517627,  0.03843856, -0.08712436]), array([-0.07796869, -0.00922293,  0.02222399,  0.01843787]), array([-0.04777177,  0.05010189,  0.12085481, -0.03279749]), array([-0.07703757, -0.06681028, -0.071532  ,  0.01994693]), array([ 0.00157997,  0.05631857,  0.0617033 , -0.01434346]), array([-0.03014275, -0.03114865,  0.07575655,  0.01533671]), array([ 0.00694719, -0.04128881,  0.00253279,  0.02478696]), array([-0.02786597,  0.04815656, -0.03180546, -0.02880312]), array([-0.03096413, -0.03281438, -0.00515926,  0.09805533]), array([ 0.03596121, -0.06421876,  0.02752683,  0.05030191]), array([-0.07674024, -0.09350016,  0.00207812, -0.10598006]), array([ 0.11063049, -0.06497737, -0.02265597, -0.00108457]), array([ 0.08130228,  0.00373389, -0.03242922,  0.02953078]), array([ 0.0377143 ,  0.00660593, -0.1077739 , -0.09472729]), array([-0.03838447, -0.00353503, -0.00317799, -0.01880728]), array([ 0.00662307,  0.06334708, -0.01887835, -0.02353867]), array([ 0.02955891,  0.06470146, -0.02358815,  0.04267401]), array([-0.08418629, -0.11207217,  0.07672372,  0.06998229]), array([ 0.03936857, -0.0024781 , -0.05145467,  0.04396857]), array([-0.00894776, -0.05364922, -0.03312507, -0.02670783]), array([ 0.03698164, -0.04509002, -0.03954426, -0.04056301]), array([ 0.01278974,  0.07291419, -0.06083052, -0.01345804]), array([-0.03539601, -0.07169419,  0.02990609, -0.01317066]), array([-0.01099247,  0.02058264, -0.08028362, -0.01135061]), array([-0.02876239,  0.0187483 ,  0.00739624, -0.00950535]), array([ 0.06962788, -0.0267628 ,  0.00525613, -0.02762952]), array([-0.01028403,  0.06159862,  0.02857561, -0.00483339]), array([-0.06706827,  0.1008882 ,  0.0158449 , -0.06578619]), array([-0.00288286,  0.00219887, -0.01362261,  0.0166471 ]), array([-0.05787094,  0.00650902,  0.05243997,  0.01769734]), array([ 0.01638395,  0.01641104, -0.01491775,  0.01338758]), array([-0.05978004, -0.05619347,  0.05901102, -0.00997168]), array([-0.02319249,  0.03329839,  0.02594396,  0.04332274]), array([-0.00643979,  0.00754067,  0.08515748, -0.05176671]), array([ 0.07951141, -0.02640016, -0.06458555, -0.04300468]), array([-0.08659166,  0.04889308,  0.0287727 ,  0.08627257]), array([0.0223585 , 0.02606178, 0.0796503 , 0.00901097]), array([-0.0077122 , -0.03056475, -0.04170307, -0.07655756]), array([-0.00426693,  0.03124744, -0.00234058,  0.00764919]), array([ 0.01959389, -0.03616906, -0.05460473, -0.051837  ]), array([-0.01106505,  0.01391709, -0.03121042,  0.00616135]), array([-0.08599074, -0.01086104,  0.05944487, -0.02653852])]

Actions: [array([1.        , 0.24404506]), array([1.        , 0.20402406]), array([1.       , 0.1675808]), array([1.        , 0.13693252]), array([1.       , 0.1033371]), array([1.        , 0.07711034]), array([1.        , 0.04950759]), array([1.        , 0.01842528]), array([ 1.        , -0.13075271]), array([ 1.        , -0.19590614]), array([1.        , 0.82186106]), array([1.        , 0.84762966]), array([1.        , 0.87012678]), array([1.        , 0.89030972]), array([1.        , 0.34257896]), array([1.        , 0.04332415]), array([1.        , 0.01454922]), array([ 1.        , -0.01326589]), array([ 1.        , -0.03721978]), array([ 1.        , -0.06235933]), array([ 1.       , -0.0842206]), array([ 1.        , -0.10362627]), array([0.85102517, 1.        ]), array([0.80357574, 1.        ]), array([0.76388816, 1.        ]), array([0.73239399, 1.        ]), array([0.70432605, 1.        ]), array([0.68017719, 1.        ]), array([0.65937171, 1.        ]), array([0.63997613, 1.        ]), array([0.62392421, 1.        ]), array([0.60904559, 1.        ]), array([0.59463676, 1.        ]), array([0.58262979, 1.        ]), array([0.57046103, 1.        ]), array([0.55975839, 1.        ]), array([0.54567623, 1.        ]), array([0.53403872, 1.        ]), array([0.52119065, 1.        ]), array([0.51018662, 1.        ]), array([0.49842625, 1.        ]), array([0.48722767, 1.        ]), array([0.47676357, 1.        ]), array([0.45496959, 1.        ]), array([0.43242796, 1.        ]), array([0.38828195, 1.        ])]
Bad
Feature: [23, 27, 6236.836116324158]

States: [array([-1.68569441e+02,  2.73448551e-01, -1.31439117e+02, -6.66017089e-02]), array([-168.35225844,    1.22971261, -131.54288052,    0.3107402 ]), array([-167.08488441,    1.9301476 , -131.22386048,    0.67378129]), array([-165.0926615 ,    2.51002186, -130.54418987,    0.70306599]), array([-162.59737656,    3.03265155, -129.74864127,    0.6404893 ]), array([-159.61187549,    3.4884689 , -129.18075543,    1.09782248]), array([-156.12608404,    3.78798416, -128.08450855,    1.36672797]), array([-152.28772915,    3.94185663, -126.71628518,    1.64555629]), array([-148.3432558 ,    4.04322376, -125.11023746,    1.86077865]), array([-144.25161934,    4.33147166, -123.27304765,    1.87599018]), array([-139.93324505,    4.38292144, -121.37554749,    1.96175523]), array([-135.56041697,    4.5028429 , -119.39456336,    2.02967694]), array([-131.14290015,    4.52271209, -117.2607426 ,    2.02091097]), array([-126.68363244,    4.63473666, -115.11887463,    2.16961945]), array([-122.03177909,    4.78328215, -112.88370366,    2.2796676 ]), array([-117.2661658 ,    4.8168792 , -110.54559839,    2.3739475 ]), array([-112.49390901,    4.83798193, -108.10194854,    1.84479051]), array([-107.72128251,    4.85726609, -106.27873792,    1.68645899]), array([-102.78075709,    4.92597244, -104.49634098,    1.50795106]), array([ -97.92212261,    4.86644816, -102.98772739,    1.01322791]), array([ -93.02486961,    4.95507268, -101.9893339 ,    0.55857087]), array([ -88.06230257,    4.99626473, -101.36713105,    0.14833829]), array([ -83.00373201,    5.03291082, -101.20342486,    0.21523727]), array([-7.78570494e+01,  5.05433081e+00, -1.00988986e+02,  9.08948362e-02]), array([-7.26952872e+01,  5.02787501e+00, -1.00873914e+02,  9.95971467e-02]), array([ -67.57752229,    5.10128388, -100.74887446,    0.20082744]), array([ -62.53124591,    4.72977535, -100.57622955,    1.11388457]), array([-57.86106751,   4.38121598, -99.43413296,   1.88676672]), array([-53.55386065,   4.05286849, -97.59362236,   2.40227566]), array([-49.51071603,   3.78227696, -95.20454594,   2.87742072]), array([-45.71771393,   3.51982061, -92.27152294,   3.19219873]), array([-42.26559419,   3.33595336, -89.07283742,   3.56606125]), array([-38.91505472,   3.0714987 , -85.61264616,   3.82859892]), array([-35.86674897,   2.84060263, -81.74632439,   4.0987698 ]), array([-32.99911182,   2.69912509, -77.54318126,   4.20402931]), array([-30.30144398,   2.53263232, -73.28215113,   4.29545517]), array([-27.80670239,   2.3718566 , -68.9714329 ,   4.53782364]), array([-25.4780372 ,   2.21713528, -64.38740954,   4.5728655 ]), array([-23.29839892,   2.16801833, -59.77912872,   4.72287988]), array([-21.18190141,   2.04035421, -55.01547693,   4.7899025 ]), array([-19.10976585,   1.87902768, -50.18901972,   4.79802747]), array([-17.16773443,   1.85461329, -45.32884699,   4.78645558]), array([-15.39258219,   1.87783992, -40.4825086 ,   4.78813523]), array([-13.53807108,   1.81692626, -35.69142946,   4.87066337]), array([-11.73524247,   1.73498222, -30.75929291,   4.93852156]), array([ -9.96770989,   1.73245208, -25.67697304,   4.96706294]), array([ -8.28671917,   1.62391425, -20.74075625,   5.03250514]), array([ -6.63855177,   1.53752414, -15.77518402,   5.0426196 ]), array([ -5.17981466,   1.51084779, -10.72105638,   5.17285871]), array([-3.62146   ,  1.53027914, -5.60879514,  5.20234445]), array([-0.00840629, -0.06864087, -0.01600339,  0.01806451]), array([-0.00199082,  0.00387912, -0.02305173,  0.02447648]), array([ 0.09725814, -0.07211563, -0.08522418, -0.0102117 ]), array([-0.00666386,  0.01844175,  0.01102113, -0.06568962]), array([ 0.04606443,  0.05671298,  0.04875556, -0.02524681]), array([ 0.01274751, -0.04766196, -0.07638948, -0.00236633]), array([-0.02903529, -0.00014321, -0.0165662 ,  0.07235066]), array([ 0.03952568,  0.00201068, -0.01058655, -0.06849604]), array([ 0.00155317, -0.05446431,  0.00423354,  0.03042971]), array([ 0.01759333, -0.05118949, -0.0376189 ,  0.0996816 ]), array([-0.03750024,  0.05409615,  0.05265245,  0.00434669]), array([ 0.06434937, -0.12929444, -0.0587038 , -0.02198033]), array([-0.07822059, -0.04121829, -0.07973107, -0.04810407]), array([ 0.01819472, -0.01804994,  0.0513212 ,  0.04096303]), array([-0.036794  , -0.01171274,  0.03684506,  0.08346371]), array([0.1289449 , 0.08076332, 0.0027582 , 0.03187613]), array([0.0954432 , 0.08584437, 0.01363909, 0.0811472 ]), array([-0.03384852,  0.14379216, -0.08057532,  0.08209234]), array([ 0.02118032, -0.06821215,  0.01324911, -0.12340461]), array([-0.05147297, -0.03112308,  0.13246821,  0.04048568]), array([ 0.00715463, -0.02594644, -0.04715561, -0.02501267]), array([ 0.06990285,  0.05056813, -0.06654477, -0.00695296]), array([-0.015234  , -0.07633142,  0.06928698, -0.02866757]), array([0.02403854, 0.06109703, 0.05977915, 0.00609517]), array([-0.01857789, -0.14107063,  0.0622608 ,  0.01534961]), array([ 0.05433853,  0.02027102, -0.00218456,  0.05137414]), array([ 0.03187768, -0.05284765,  0.03790447, -0.0269017 ]), array([ 0.02160871, -0.02402983,  0.03624447, -0.11282337]), array([-0.0114771 ,  0.02982906,  0.02522136, -0.02334708]), array([-0.03000866, -0.04945681, -0.03868931, -0.00239371]), array([-0.0071919 ,  0.05210657, -0.04097865, -0.07338692]), array([ 0.01719154,  0.00700078,  0.02494467, -0.03168478]), array([-0.07171154,  0.01678541, -0.01973463,  0.06383486]), array([-0.13115186, -0.06950607,  0.01507715, -0.05140438]), array([-0.06804269,  0.02821433,  0.06255326,  0.03770545]), array([ 0.0179111 , -0.03831545, -0.10011885,  0.0276452 ]), array([-0.04081938, -0.08196973,  0.05797743, -0.01246865]), array([ 0.00520729,  0.10865611, -0.02452622, -0.04545298]), array([ 0.03439912, -0.01259039,  0.00074248,  0.02688453]), array([-0.02255965,  0.00498547,  0.04183789, -0.07189355]), array([-0.03644589, -0.03396863, -0.03547251, -0.06676163]), array([-0.05218913,  0.00384751,  0.06754286,  0.06947692]), array([ 0.08114264,  0.02123924, -0.04517339,  0.0811087 ]), array([ 0.07609519, -0.01903405, -0.02944565,  0.00260729]), array([-0.00434511, -0.00689515,  0.03612788, -0.05420004]), array([ 0.00298776, -0.03370845, -0.0739003 ,  0.01683645]), array([0.09280188, 0.00894137, 0.02786067, 0.05802279]), array([-0.08255107,  0.04353348, -0.02977062, -0.09513404]), array([-0.030763  , -0.09172656,  0.02102723,  0.03022868]), array([ 0.10620945, -0.03197911, -0.03760982,  0.01308943])]

Actions: [array([1.        , 0.35110189]), array([1.        , 0.35269171]), array([1.        , 0.09865043]), array([1.        , 0.09425715]), array([1.        , 0.49760268]), array([1.        , 0.50611914]), array([1.       , 0.5125253]), array([1.        , 0.51848979]), array([1.        , 0.46882329]), array([1.        , 0.46962077]), array([1.        , 0.47096152]), array([1.        , 0.47180543]), array([1.        , 0.58113377]), array([1.       , 0.5868904]), array([1.        , 0.59362973]), array([ 1.        , -0.04738109]), array([1.        , 0.20561072]), array([1.        , 0.19377095]), array([ 1.        , -0.25469123]), array([ 1.       , -0.3002914]), array([ 1.        , -0.34491995]), array([1.        , 0.01550375]), array([1.        , 0.01374788]), array([1.        , 0.01043887]), array([1.        , 0.11876399]), array([0.64811914, 1.        ]), array([0.60246264, 1.        ]), array([0.56522376, 1.        ]), array([0.53413808, 1.        ]), array([0.50719626, 1.        ]), array([0.48408962, 1.        ]), array([0.41167138, 1.        ]), array([0.39137516, 1.        ]), array([0.37451161, 1.        ]), array([0.35961437, 1.        ]), array([0.34550064, 1.        ]), array([0.33265344, 1.        ]), array([0.34390978, 1.        ]), array([0.33529751, 1.        ]), array([0.32722212, 1.        ]), array([0.31893605, 1.        ]), array([0.31175945, 1.        ]), array([0.30644962, 1.        ]), array([0.29786111, 1.        ]), array([0.28952707, 1.        ]), array([0.28105908, 1.        ]), array([0.27128031, 1.        ]), array([0.25926536, 1.        ]), array([0.25184902, 1.        ])]