
Good
Feature: [0, 81, 9135.130507836737]

States: [array([-169.58526342,    0.94722572, -129.98800323,    1.00841782]), array([-168.62094208,    0.73245871, -128.99403141,    1.83069831]), array([-167.928396  ,    0.46932434, -127.12321377,    2.54327723]), array([-167.54724532,    0.31074899, -124.62787257,    2.92019137]), array([-167.24097453,    0.20622217, -121.75519156,    3.29586165]), array([-166.9333844 ,    0.16744772, -118.4859536 ,    3.7589121 ]), array([-1.66777967e+02,  1.65139989e-01, -1.14714922e+02,  4.08033674e+00]), array([-1.66541211e+02,  6.12603013e-02, -1.10680776e+02,  4.25161977e+00]), array([-1.66423780e+02,  4.68659078e-02, -1.06423396e+02,  4.39068799e+00]), array([-1.66347887e+02,  4.14035282e-02, -1.02092112e+02,  4.52034699e+00]), array([-166.33684237,    0.39413725,  -97.52382201,    4.57451146]), array([-165.88985845,    0.86107139,  -92.93614957,    4.69575485]), array([-164.96955369,    1.72827528,  -88.29218329,    4.23006306]), array([-163.17125139,    2.19709797,  -84.03749126,    4.38879414]), array([-161.0283633 ,    2.54136538,  -79.60819384,    4.45117202]), array([-158.44637448,    3.01542206,  -75.1524336 ,    4.5429749 ]), array([-155.43921118,    3.42428195,  -70.6341091 ,    4.5222166 ]), array([-151.95334339,    3.67796791,  -66.00387783,    4.53412871]), array([-148.25148349,    3.8640654 ,  -61.46215496,    4.46873669]), array([-144.38115367,    4.0337504 ,  -57.00703397,    3.45331904]), array([-140.33210569,    4.27640039,  -53.53744237,    2.56841257]), array([-136.04140181,    4.4216018 ,  -50.88734246,    1.82062905]), array([-131.6072536 ,    4.55402391,  -48.98080199,    1.73692348]), array([-127.04561077,    4.59749309,  -47.2113745 ,    1.66506453]), array([-122.49540825,    4.38309864,  -45.56005096,    2.29547728]), array([-118.05744579,    4.23808423,  -43.33218906,    2.86233907]), array([-113.87345595,    3.77855788,  -40.42051453,    3.24339202]), array([-110.09348197,    3.34729244,  -37.22754259,    3.55130024]), array([-106.76067691,    3.02972868,  -33.71694114,    3.88234003]), array([-103.75351204,    2.75056193,  -29.85833478,    4.14897962]), array([-101.02876096,    2.44915442,  -25.72838883,    4.41412122]), array([-98.55954339,   2.14859047, -21.37621527,   4.50980444]), array([-96.4451362 ,   1.88898362, -16.79538179,   4.59484087]), array([-94.59309008,   1.69181136, -12.16903604,   4.7018999 ]), array([-92.97407542,   1.47702512,  -7.53105459,   4.67838762]), array([-91.49119504,   1.31056582,  -2.78420008,   4.80486431]), array([-90.22847969,   1.06345566,   2.06305441,   4.8717624 ]), array([-89.14503791,   0.97474885,   6.94862349,   4.88601638]), array([-88.20628549,   0.89581107,  11.90394279,   4.9031155 ]), array([-87.40438077,   0.79041511,  16.89400806,   4.94254179]), array([-86.64442553,   0.68441694,  21.82284096,   4.96347904]), array([-86.02025858,   0.68108401,  26.74744501,   4.94475876]), array([-85.32231266,   0.62839465,  31.7012856 ,   4.97116334]), array([-84.65004324,   0.58815013,  36.59917497,   5.06174119]), array([-84.01615126,   0.66513069,  41.71538865,   5.03587234]), array([-83.33516334,   0.65784621,  46.7860847 ,   5.00071869]), array([-82.66014583,   0.65191361,  51.87947977,   4.90567747]), array([-81.94349151,   0.58619855,  56.65847961,   4.9642589 ]), array([-81.35203356,   1.47232763,  61.64931355,   3.32488995]), array([-79.88661011,   2.21213828,  64.98167093,   2.64992113]), array([-77.6772248 ,   2.67938405,  67.67525765,   2.03295829]), array([-75.03005633,   3.10031041,  69.84931503,   1.51997701]), array([-71.9960281 ,   3.42446698,  71.48247294,   0.97115125]), array([-68.54338523,   3.73986851,  72.45279151,   0.40945183]), array([-6.47795154e+01,  4.02335847e+00,  7.28025830e+01, -6.39012160e-02]), array([-60.7536565 ,   4.18739575,  72.68887574,  -0.42498205]), array([-56.56425597,   3.77513217,  72.20226015,  -1.40164374]), array([-52.82697859,   3.99725452,  70.85172504,  -1.21869337]), array([-48.90043392,   4.27603546,  69.67325477,  -1.10873528]), array([-44.71608186,   4.49888896,  68.56724488,  -0.85696943]), array([-40.18820344,   4.58756566,  67.74273186,  -0.65912901]), array([-35.62812633,   4.66687364,  67.17964853,  -0.4738609 ]), array([-30.98586008,   4.83826245,  66.73561037,  -0.29359845]), array([-26.12960532,   4.88611922,  66.3656997 ,  -0.26996962]), array([-21.29592614,   4.6912289 ,  66.09743628,  -1.26973261]), array([-16.54618031,   4.02179348,  64.8146786 ,  -2.03537807]), array([-12.50492132,   3.47354833,  62.86029342,  -2.62301939]), array([-9.07705348,  2.955811  , 60.319614  , -3.04754843]), array([-6.1223178 ,  2.55239085, 57.32949535, -3.43173643]), array([-3.62324464,  2.16318157, 53.95118458, -3.74060486]), array([-1.41264516,  1.80740856, 50.16801598, -3.97780565]), array([ 0.40387019,  1.64524141, 46.21197736, -4.24559298]), array([ 2.05137739,  1.3416392 , 41.98545328, -4.38588244]), array([ 3.41353106,  1.11668402, 37.52974395, -4.43260268]), array([ 4.53256528,  0.84207325, 33.13927429, -4.56447398]), array([ 5.32953611,  0.62460302, 28.53032004, -4.67482102]), array([ 5.9359982 ,  0.34299172, 23.82347329, -4.81272843]), array([ 6.25855370e+00,  1.29817331e-02,  1.89379109e+01, -4.79095305e+00]), array([ 6.23449929, -0.17747087, 14.15771349, -4.78440953]), array([ 6.10059526, -0.36275423,  9.36884487, -4.91763628]), array([ 5.85484737, -0.49803116,  4.52293539, -4.86738613]), array([ 0.10867261, -0.00656731,  0.09723856, -0.01727541]), array([-0.03189651, -0.02887646,  0.02718665, -0.01043366]), array([ 0.09717434, -0.05452466,  0.01571969, -0.03380416]), array([-0.05872582,  0.00659265,  0.06149575,  0.11965871]), array([-0.06922126, -0.06566022,  0.00618176,  0.06967579]), array([-0.0011528 , -0.05508505, -0.05621401, -0.02999974]), array([ 0.0459327 , -0.05641883,  0.04593765, -0.0153749 ]), array([-0.02663206, -0.01543511,  0.10913058,  0.03841115]), array([-0.02028049,  0.00120628, -0.01012527,  0.05773361]), array([-0.01815251,  0.07920972, -0.01753191, -0.0695976 ]), array([ 0.03727319, -0.08042878,  0.01065707, -0.05158236]), array([-0.07506294, -0.02871664, -0.08346422,  0.0240919 ]), array([-0.08101871, -0.0477907 ,  0.07063767, -0.02800358]), array([ 0.0683975 , -0.00418896, -0.06175471,  0.00034558]), array([0.04236351, 0.02842553, 0.02145887, 0.10505737]), array([-0.04101767, -0.01176244, -0.0553394 ,  0.09324382]), array([-0.07551146,  0.06900925, -0.03856193, -0.09192248]), array([ 0.04395036, -0.03244427,  0.0115029 ,  0.10247138]), array([ 0.04739413, -0.06900871, -0.03163501, -0.07926916])]

Actions: [array([0.03510357, 1.        ]), array([0.02545373, 1.        ]), array([0.0186251, 1.       ]), array([0.01498533, 1.        ]), array([0.01203031, 1.        ]), array([0.00890401, 1.        ]), array([0.00741881, 1.        ]), array([0.00476725, 1.        ]), array([0.00345007, 1.        ]), array([0.38202648, 1.        ]), array([0.41162211, 1.        ]), array([1.        , 0.44129981]), array([0.79813631, 1.        ]), array([0.68607943, 1.        ]), array([1.        , 0.91158331]), array([1.        , 0.88293935]), array([1.        , 0.90095793]), array([1.       , 0.8803651]), array([ 1.        , -0.08793942]), array([ 1.        , -0.13828663]), array([ 1.       , -0.2177324]), array([1.        , 0.26915574]), array([1.       , 0.2715064]), array([0.74122157, 1.        ]), array([0.70375346, 1.        ]), array([0.4079147, 1.       ]), array([0.35385157, 1.        ]), array([0.3344639, 1.       ]), array([0.31825564, 1.        ]), array([0.1740338, 1.       ]), array([0.16009769, 1.        ]), array([0.14740023, 1.        ]), array([0.13674032, 1.        ]), array([0.12738761, 1.        ]), array([0.11921081, 1.        ]), array([0.11163217, 1.        ]), array([0.10541953, 1.        ]), array([0.10031097, 1.        ]), array([0.09615635, 1.        ]), array([0.09297754, 1.        ]), array([0.08984775, 1.        ]), array([0.08786121, 1.        ]), array([0.08482473, 1.        ]), array([0.08167816, 1.        ]), array([0.07885447, 1.        ]), array([0.07491848, 1.        ]), array([0.07049504, 1.        ]), array([ 1.        , -0.60880725]), array([ 1.        , -0.06806318]), array([ 1.        , -0.10809541]), array([ 1.        , -0.14320401]), array([ 1.       , -0.2776932]), array([ 1.        , -0.30863147]), array([ 1.        , -0.33522122]), array([ 1.        , -0.35735636]), array([ 0.48183928, -1.        ]), array([ 1.        , -0.17233471]), array([ 1.        , -0.16072487]), array([1.        , 0.05279467]), array([1.        , 0.07795421]), array([1.        , 0.10237698]), array([1.        , 0.12597092]), array([ 1.        , -0.03119392]), array([ 0.67418861, -1.        ]), array([ 0.26617442, -1.        ]), array([ 0.22053994, -1.        ]), array([ 0.18239529, -1.        ]), array([ 0.15020975, -1.        ]), array([ 0.12209344, -1.        ]), array([ 0.09775615, -1.        ]), array([ 0.07529504, -1.        ]), array([ 0.05582466, -1.        ]), array([ 0.03669031, -1.        ]), array([ 0.01939731, -1.        ]), array([-0.11501362, -1.        ]), array([-0.13916009, -1.        ]), array([-0.1642629, -1.       ]), array([-0.18906253, -1.        ]), array([-0.21073739, -1.        ]), array([-0.23518858, -1.        ])]
Bad
Feature: [19, 21, 5244.37585713357]

States: [array([-170.0004461 ,   -1.41720784, -129.8609245 ,   -0.25214291]), array([-171.39680823,   -0.1982896 , -130.04991566,    0.4978149 ]), array([-171.62489619,    0.80649765, -129.57113378,    1.17559239]), array([-170.83306613,    1.59445349, -128.37512338,    1.66563666]), array([-169.2569226 ,    2.23651067, -126.77273429,    1.96020448]), array([-166.99468918,    2.78916145, -124.83001881,    2.35993205]), array([-164.28617629,    3.23613283, -122.52198988,    2.66158842]), array([-161.04984971,    3.65027634, -119.80635383,    2.87141172]), array([-157.43507074,    3.89813454, -116.90746926,    3.02955918]), array([-153.45979104,    4.07154519, -113.79026006,    3.16602051]), array([-149.40585289,    4.31236907, -110.62453312,    3.30411975]), array([-144.99902826,    4.35387749, -107.28821518,    3.46006974]), array([-140.69568109,    4.56189484, -103.90324471,    3.53519563]), array([-136.0929933 ,    4.69244625, -100.38312535,    3.61269612]), array([-131.38371535,    4.73058371,  -96.73719844,    3.67403761]), array([-126.65775615,    4.74336708,  -93.04431534,    3.65249465]), array([-121.88578652,    4.83978639,  -89.42294826,    3.63208691]), array([-117.0531113 ,    4.78361815,  -85.79120816,    3.60882425]), array([-112.29188161,    4.74852753,  -82.21776442,    3.6391759 ]), array([-107.48419243,    4.70974658,  -78.66213768,    3.64365248]), array([-102.77934989,    4.77115907,  -75.08659597,    3.66111941]), array([-97.96819113,   4.865363  , -71.42494227,   3.63236673]), array([-93.06385605,   4.82725929, -67.69618475,   3.68555831]), array([-88.25554819,   4.94297057, -63.98317225,   3.72052287]), array([-83.26704694,   4.96759747, -60.16919357,   3.67450883]), array([-78.26271275,   5.05222041, -56.55938355,   3.61991925]), array([-73.28466128,   5.06365858, -52.91439634,   3.653184  ]), array([-68.33038524,   5.09646323, -49.29732588,   3.70288519]), array([-63.17686359,   5.11320986, -45.55370915,   3.72786079]), array([-57.99966368,   5.02237983, -41.81213695,   3.69542849]), array([-53.00479794,   5.01276935, -38.10611954,   3.65518843]), array([-47.93011042,   4.98513557, -34.47923431,   3.66176079]), array([-42.95672636,   4.99104291, -30.86994308,   3.53799885]), array([-37.99014565,   4.95155423, -27.20541584,   3.58977383]), array([-33.04314332,   4.98569916, -23.51106777,   3.5610738 ]), array([-27.94892854,   5.07214233, -19.96112866,   3.59713851]), array([-22.88931035,   4.99706937, -16.36820375,   3.64327811]), array([-17.87585708,   4.98758244, -12.69161966,   3.64703585]), array([-12.85027551,   5.00062868,  -9.09230732,   3.62849359]), array([-7.92230526,  5.02223117, -5.45978901,  3.56081781]), array([ 0.01271215, -0.03355302, -0.01382418,  0.04810051]), array([ 0.01597738, -0.05569955, -0.00770525, -0.06225627]), array([-0.01705665, -0.00877241,  0.01381927,  0.06961117]), array([-0.02014738, -0.02052545, -0.03383832, -0.08950065]), array([ 0.08167794,  0.05844738, -0.03927391,  0.002563  ]), array([-0.05155771,  0.0847921 ,  0.05054158,  0.02258439]), array([-0.04849828, -0.02174002,  0.0927954 ,  0.05887268]), array([ 0.01074486, -0.02460809,  0.04643006,  0.0553593 ]), array([ 0.01776811,  0.03586525,  0.09405471, -0.01425338]), array([-0.02498474,  0.08622025, -0.02726469, -0.01803384]), array([-0.01907976, -0.01249268,  0.02063394,  0.05192469]), array([ 0.01341462, -0.01660676,  0.00083135, -0.0474396 ]), array([-0.01386335,  0.02574689,  0.01139919,  0.01108354]), array([-0.00635841, -0.00257268,  0.01198188, -0.00989388]), array([ 0.01112543,  0.06136499, -0.03132617, -0.14431167]), array([ 0.06666072, -0.0001519 , -0.08920851,  0.06373457]), array([ 0.01965114,  0.10373825, -0.02692897,  0.00446248]), array([-0.03708552,  0.00114989, -0.00576845, -0.03959977]), array([ 0.08743621, -0.06253053,  0.05503598, -0.04335045]), array([ 0.04405552,  0.03402715,  0.00291396, -0.07142097]), array([-0.04937824, -0.04203402, -0.09141426,  0.01297685]), array([ 0.05641205, -0.0150792 ,  0.01357033,  0.02652123]), array([ 0.06459594, -0.00930195, -0.02309834,  0.04953517]), array([-0.03532728,  0.03235255, -0.00689714, -0.08071308]), array([ 0.03798969, -0.00816825, -0.03542671, -0.0647563 ]), array([-0.10366485,  0.00422338, -0.04688757, -0.13838045]), array([-0.01024257, -0.06344315,  0.00338968, -0.02330461]), array([ 0.0448636 ,  0.01026223,  0.02905488, -0.08721092]), array([ 0.00576913, -0.05583398, -0.08179441,  0.08465234]), array([ 0.05068892, -0.03708683, -0.01714869,  0.03182164]), array([0.01390287, 0.09998459, 0.06658615, 0.03291597]), array([-0.05481231, -0.00212477,  0.05029608,  0.02698181]), array([-0.05260878,  0.05962612,  0.03547159,  0.00082101]), array([ 0.06051146, -0.02362479,  0.02007276,  0.08388144]), array([ 0.00301277,  0.06223589, -0.0286    , -0.01170029]), array([-0.02747847, -0.02188063,  0.02354558,  0.01293995]), array([-0.0592096 ,  0.03306135,  0.05746855, -0.02381593]), array([ 0.03078923,  0.02667498, -0.06678667, -0.00102644]), array([0.03891864, 0.10924031, 0.0346605 , 0.07627996]), array([ 0.10093357,  0.05400709, -0.04987242,  0.02657364]), array([ 2.54914413e-02, -1.78733433e-05,  1.00049615e-02, -8.22225207e-03]), array([-0.00821836, -0.03026236, -0.05869675, -0.02994284]), array([-0.01736717, -0.04602596,  0.01188886, -0.10269588]), array([-0.1008636 , -0.01147927,  0.08722972,  0.0069029 ]), array([-0.01092736, -0.02811674,  0.00258446, -0.01213153]), array([-0.00841896, -0.05334283, -0.09873833, -0.0789025 ]), array([ 0.04620513, -0.05319255, -0.05474449,  0.11137181]), array([-0.00633572,  0.00431918, -0.0912663 , -0.08796491]), array([-0.06833408, -0.06512229, -0.05439741, -0.02988829]), array([ 0.01112919,  0.00909534, -0.0455621 ,  0.0146389 ]), array([ 0.07914217, -0.03399509,  0.04065032,  0.05326805]), array([-0.03384265,  0.07714568, -0.00706093, -0.06322859]), array([ 0.02272535,  0.04023614, -0.03917724,  0.02445748]), array([ 0.00352536, -0.00951767, -0.01589917, -0.02028908]), array([-0.02684897, -0.03471904, -0.03970443,  0.07513049]), array([-0.01219281,  0.02031507, -0.11800174, -0.01378213]), array([-0.07831289, -0.02863208, -0.04154474, -0.0010443 ]), array([ 0.01856679, -0.02797044,  0.05170989, -0.00418781]), array([ 0.05331814, -0.00286634,  0.06290155, -0.09123499]), array([ 0.08561582, -0.04889369,  0.07525967,  0.00762498])]

Actions: [array([1.       , 0.7613666]), array([1.        , 0.75626223]), array([1.        , 0.75246434]), array([1.        , 0.74894814]), array([1.        , 0.74645317]), array([1.        , 0.74493049]), array([1.        , 0.74316148]), array([1.        , 0.74123167]), array([1.        , 0.73983622]), array([1.        , 0.73868728]), array([1.        , 0.73754077]), array([1.        , 0.73694636]), array([1.        , 0.73542642]), array([1.        , 0.73443208]), array([1.        , 0.73300509]), array([1.        , 0.73119718]), array([1.        , 0.73011199]), array([1.        , 0.72922802]), array([1.        , 0.72832369]), array([1.        , 0.72781995]), array([1.       , 0.7263462]), array([1.        , 0.72463822]), array([1.        , 0.72275613]), array([1.        , 0.72005761]), array([1.        , 0.71738732]), array([1.        , 0.71713433]), array([1.        , 0.71610818]), array([1.        , 0.71509229]), array([1.        , 0.71416626]), array([1.        , 0.71340249]), array([1.       , 0.7107037]), array([1.        , 0.71027921]), array([1.        , 0.70848547]), array([1.        , 0.70463394]), array([1.        , 0.69829626]), array([1.        , 0.69855993]), array([1.        , 0.69598924]), array([1.        , 0.68542948]), array([1.       , 0.6732626])]