
Good
Feature: [0, 78, 8983.228366664263]

States: [array([-171.29711563,    0.35043268, -129.23818426,    1.13699081]), array([-170.90746784,    0.35667682, -128.08138666,    1.85818643]), array([-170.54969665,    0.34531617, -126.20735036,    2.48602255]), array([-170.20602873,    0.33598087, -123.67484523,    3.00323395]), array([-169.87962178,    0.25509761, -120.62884079,    3.35222789]), array([-1.69669153e+02,  1.45200615e-01, -1.17327316e+02,  3.63624115e+00]), array([-169.47636357,    0.2204356 , -113.64315977,    3.95567788]), array([-1.69277601e+02, -1.64165349e-01, -1.09719691e+02,  4.29858150e+00]), array([-169.37244298,   -0.61901903, -105.40620606,    4.53566526]), array([-169.90594265,   -0.95063675, -100.86058875,    4.60796829]), array([-170.89050487,    0.23858191,  -96.2262613 ,    4.47015414]), array([-170.61635837,    1.17188245,  -91.81631018,    4.48170535]), array([-169.37527457,    1.94721014,  -87.33723312,    4.47081309]), array([-167.41788176,    2.50372869,  -82.86560365,    4.35918404]), array([-164.85378458,    3.08156067,  -78.56912429,    4.18586827]), array([-161.74869193,    3.60492311,  -74.35302351,    3.94632427]), array([-158.18260899,    3.92035443,  -70.50356399,    4.04859435]), array([-154.29208398,    4.1095848 ,  -66.52999331,    3.95179638]), array([-150.14472179,    4.25344194,  -62.55889693,    3.89900938]), array([-145.88798294,    4.36137509,  -58.56996696,    2.92778686]), array([-141.51728762,    4.5207484 ,  -55.62296164,    2.65807813]), array([-136.89111498,    4.56368305,  -52.9738975 ,    2.42758721]), array([-132.16496228,    3.93032235,  -50.52173472,    2.87206758]), array([-128.2031398 ,    3.47173288,  -47.64009208,    3.30617339]), array([-124.72672481,    3.01970246,  -44.25045484,    3.62333945]), array([-121.70824526,    2.68235156,  -40.63282289,    3.97954739]), array([-119.04158415,    2.32072927,  -36.62680192,    4.11916476]), array([-116.77869366,    2.53956131,  -32.4951541 ,    4.31401778]), array([-114.28258289,    2.67800774,  -28.14034339,    4.40544234]), array([-111.66552368,    2.72705695,  -23.72823268,    4.61770243]), array([-108.9694769 ,    2.87273605,  -19.06192158,    4.67644012]), array([-106.05178161,    2.94128353,  -14.33341398,    4.71886188]), array([-103.16586556,    2.90686273,   -9.55095117,    4.78121074]), array([-100.23581094,    2.93236305,   -4.69520036,    4.73281117]), array([-9.73019946e+01,  2.43453858e+00,  4.28196395e-02,  4.78440525e+00]), array([-94.90259823,   1.89091211,   4.88563522,   4.77175122]), array([-92.97820307,   1.49220055,   9.7159873 ,   4.77848693]), array([-91.45543398,   1.11801901,  14.5158971 ,   4.86463456]), array([-90.34518546,   0.84273504,  19.36405149,   4.866599  ]), array([-89.42564909,   0.5683628 ,  24.16850046,   4.89282456]), array([-88.81404419,   0.23830943,  29.00517274,   4.94787947]), array([-8.85399060e+01,  3.45481476e-02,  3.40116819e+01,  4.92108133e+00]), array([-8.86227379e+01, -7.86881611e-02,  3.88489716e+01,  4.90424608e+00]), array([-88.73558855,   0.94333956,  43.85412344,   4.28603031]), array([-87.69281134,   1.71528795,  48.12687382,   3.62905224]), array([-85.94925756,   2.34824674,  51.74422741,   2.99830657]), array([-83.65839908,   2.80208257,  54.80790452,   2.57029809]), array([-80.85089442,   3.20716454,  57.33702072,   2.15786813]), array([-77.6731673 ,   3.56780803,  59.44407524,   1.72148883]), array([-74.07631504,   3.91547719,  61.12717866,   1.39782927]), array([-70.20136602,   4.08995278,  62.47152921,   1.08452108]), array([-66.16159006,   4.23923544,  63.47915705,   0.92371494]), array([-61.91572573,   4.38296485,  64.37729886,   0.70769523]), array([-57.55966774,   4.45190218,  64.97968685,   0.58737835]), array([-53.09016742,   4.59437781,  65.54344312,   0.53484371]), array([-48.55642374,   4.62583823,  66.11329818,   0.43908147]), array([-43.91797767,   4.60148622,  66.54042876,   0.3839275 ]), array([-39.24814125,   4.71071905,  67.07619337,   0.35770972]), array([-34.55595075,   4.77850172,  67.29137113,   0.26390336]), array([-29.92531682,   4.90908688,  67.68034199,   0.21399982]), array([-25.02972713,   4.83925511,  67.84529085,   0.11952738]), array([-20.1998103 ,   4.10290878,  68.00791789,  -0.96311721]), array([-16.13392657,   3.4030191 ,  67.098103  ,  -1.72559758]), array([-12.72906837,   2.78677535,  65.3201275 ,  -2.35317918]), array([-9.90525719,  2.30152001, 63.01554085, -3.00259228]), array([-7.63048502,  1.93029994, 59.99274366, -3.36355992]), array([-5.75331245,  1.49225655, 56.62932349, -3.58642932]), array([-4.18815751,  1.12774058, 53.02688206, -3.86854602]), array([-3.06964372,  0.79469511, 49.15895926, -4.07463319]), array([-2.23824077,  0.48231786, 45.05947447, -4.25717738]), array([-1.79940023,  0.4912704 , 40.91181319, -4.43652086]), array([-1.24455259,  0.48712025, 36.53168133, -4.55221003]), array([-0.79939481,  0.42934953, 32.02380063, -4.69203669]), array([-0.37663441,  0.28416715, 27.34220834, -4.72009638]), array([-0.05623255,  0.18004235, 22.70742786, -4.74144757]), array([ 0.14294782,  0.10169255, 17.96191881, -4.66330439]), array([ 0.27195049,  0.10460677, 13.33191179, -4.75346786]), array([ 0.32530952,  0.01322937,  8.60492634, -4.78242508]), array([-0.0481642 , -0.04775205, -0.04294513,  0.00817636]), array([ 0.06850427, -0.06639398, -0.06575608, -0.02662502]), array([ 0.05079509,  0.0404635 ,  0.03294073, -0.05917423]), array([-0.04820118,  0.01532516, -0.02083226,  0.02476673]), array([ 0.01093342, -0.05232143,  0.04610153, -0.02064476]), array([-0.02950517, -0.03484849,  0.00649289, -0.04202248]), array([-0.051142  ,  0.00069102, -0.02485332,  0.0622925 ]), array([-0.00453743,  0.05344789, -0.02031967, -0.01852423]), array([ 0.03705441, -0.07185688,  0.00455102,  0.04584449]), array([-0.00766158, -0.04075217, -0.0239846 ,  0.03740527]), array([ 0.09634902, -0.07482487,  0.03662976,  0.09493074]), array([ 0.01562642, -0.00401735,  0.01698178, -0.02238605]), array([-0.03309509, -0.02347179,  0.03645274, -0.11137786]), array([-0.09615446, -0.03681793,  0.06199835, -0.02546307]), array([-0.0760961 , -0.01333621,  0.04907696, -0.05691547]), array([ 0.04738796, -0.14660918, -0.00344059, -0.03005602]), array([ 0.07108013, -0.03818591, -0.02149415,  0.00878867]), array([ 0.01280988,  0.01154471, -0.01119173,  0.07580811]), array([ 0.0160318 ,  0.05724426,  0.02079057, -0.01275769]), array([0.01049973, 0.01086407, 0.0011208 , 0.02445489]), array([-0.00588182,  0.03694856,  0.03109601,  0.02672716]), array([-0.00118548,  0.01226614,  0.00952182,  0.02641061])]

Actions: [array([0.07745573, 1.        ]), array([0.07284286, 1.        ]), array([0.06934033, 1.        ]), array([0.0665688, 1.       ]), array([0.06442204, 1.        ]), array([0.06446297, 1.        ]), array([-0.34600942,  1.        ]), array([-0.38822895,  1.        ]), array([-0.43676424,  1.        ]), array([1.       , 0.6742525]), array([1.        , 0.99793393]), array([1.        , 0.88480687]), array([1.        , 0.78909101]), array([1.        , 0.70136351]), array([1.        , 0.62025947]), array([1.        , 0.87724973]), array([1.        , 0.86190462]), array([1.        , 0.75305791]), array([ 1.        , -0.14455829]), array([1.        , 0.37932269]), array([1.        , 0.35753945]), array([0.25144073, 1.        ]), array([0.30503316, 1.        ]), array([0.27713358, 1.        ]), array([0.25344682, 1.        ]), array([0.23313951, 1.        ]), array([0.63260733, 1.        ]), array([0.63646724, 1.        ]), array([0.63965196, 1.        ]), array([0.64215017, 1.        ]), array([0.6460289, 1.       ]), array([0.64791346, 1.        ]), array([0.65104408, 1.        ]), array([0.05345505, 1.        ]), array([0.02548902, 1.        ]), array([4.80481192e-04, 1.00000000e+00]), array([-0.02182335,  1.        ]), array([-0.0418231,  1.       ]), array([-0.05898022,  1.        ]), array([-0.07575142,  1.        ]), array([-0.09037279,  1.        ]), array([-0.1021145,  1.       ]), array([1.        , 0.27133516]), array([1.        , 0.21449444]), array([1.        , 0.16824656]), array([1.        , 0.12950889]), array([1.        , 0.09637813]), array([1.        , 0.06839472]), array([1.        , 0.04402138]), array([1.        , 0.02339839]), array([1.        , 0.00550403]), array([ 1.        , -0.00942154]), array([1.        , 0.05572868]), array([1.        , 0.05015259]), array([1.        , 0.04449502]), array([1.        , 0.03786115]), array([1.       , 0.0329153]), array([1.        , 0.02464277]), array([1.       , 0.0222435]), array([1.        , 0.01448541]), array([ 0.17237207, -1.        ]), array([ 0.11890873, -1.        ]), array([ 0.07491242, -1.        ]), array([ 0.03780914, -1.        ]), array([ 0.00594014, -1.        ]), array([-0.02129968, -1.        ]), array([-0.04581722, -1.        ]), array([-0.06861792, -1.        ]), array([-0.08783477, -1.        ]), array([ 0.02256603, -1.        ]), array([ 0.0172268, -1.       ]), array([ 0.00927427, -1.        ]), array([ 0.00204237, -1.        ]), array([-0.00604494, -1.        ]), array([-0.01354469, -1.        ]), array([-0.01986079, -1.        ]), array([-0.02581944, -1.        ])]
Bad
Feature: [19, 20, 5000.73221386357]

States: [array([-168.78940668,   -0.48953087, -130.60691456,   -0.26409217]), array([-169.30168064,    0.5976654 , -130.78230934,    0.59066602]), array([-168.67113852,    1.36174438, -130.11945322,    1.2827709 ]), array([-167.29659878,    2.09172002, -128.88257733,    1.85301034]), array([-165.21943717,    2.68623413, -126.98094465,    2.28798756]), array([-162.61641341,    3.14159239, -124.61122601,    2.65617353]), array([-159.45310406,    3.55037958, -122.03223381,    2.88070129]), array([-155.91949846,    3.83681309, -119.16249673,    3.03934166]), array([-152.01080626,    4.03239814, -115.99164825,    3.21171339]), array([-147.94785044,    4.22434997, -112.75326978,    3.31102299]), array([-143.76811547,    4.45261494, -109.4711471 ,    3.36341314]), array([-139.29402079,    4.59065268, -106.10930086,    3.47652198]), array([-134.68916421,    4.67181475, -102.67023333,    3.59755478]), array([-130.07315081,    4.78300361,  -99.07981753,    3.68526301]), array([-125.294574  ,    4.8017815 ,  -95.42454181,    3.75290864]), array([-120.50696467,    4.86934249,  -91.62973207,    3.78101038]), array([-115.662837  ,    4.87137808,  -87.85831784,    3.85990137]), array([-110.76840344,    4.87292312,  -83.90008434,    3.89425843]), array([-105.9003633 ,    4.89767426,  -79.98182499,    3.85581266]), array([-100.91655119,    4.85984546,  -76.18976629,    3.89848288]), array([-96.11429549,   4.86177712, -72.29918064,   3.928267  ]), array([-91.25639876,   4.91414859, -68.34571723,   3.90883735]), array([-86.3323409 ,   4.94683868, -64.39880312,   3.91097882]), array([-81.39690187,   4.97399627, -60.47691875,   3.91836092]), array([-76.36511181,   4.90148746, -56.5671218 ,   3.86620364]), array([-71.54152677,   4.95753808, -52.66549275,   3.89054287]), array([-66.55686519,   4.96303896, -48.72768058,   3.79829919]), array([-61.62882804,   5.06774675, -45.03728657,   3.72593579]), array([-56.53063076,   5.04977299, -41.32091099,   3.7231341 ]), array([-51.49045413,   4.93613577, -37.65427832,   3.81434159]), array([-46.62499497,   4.83714716, -33.84908747,   3.81156676]), array([-41.69997286,   4.8286219 , -30.0515525 ,   3.84680485]), array([-36.90121137,   4.8496084 , -26.20874446,   3.81777581]), array([-32.05189914,   4.86996878, -22.36266604,   3.84734509]), array([-27.13385353,   4.97762495, -18.53773497,   3.77337188]), array([-22.09780596,   5.02555977, -14.81905887,   3.66188841]), array([-17.03228196,   4.93248423, -11.16651965,   3.60983237]), array([-12.10911138,   4.89775775,  -7.47198049,   3.55578333]), array([-7.21733941,  4.95873996, -3.85932558,  3.53253589]), array([ 0.00345415, -0.01444454, -0.01004217, -0.02332381]), array([ 0.05330238, -0.02706355,  0.01047708, -0.02998766]), array([ 0.03766843, -0.07896921,  0.00754065, -0.00565302]), array([ 0.09482945, -0.0542185 ,  0.03204264,  0.04069241]), array([-0.02263267, -0.05858134, -0.07789901,  0.01737762]), array([-0.12805488, -0.00515187, -0.02584383, -0.01873687]), array([-0.06037594, -0.0281711 ,  0.00414436,  0.05336952]), array([ 0.00675903, -0.01195189, -0.00048254,  0.03047149]), array([ 0.02897783, -0.01673652, -0.00119684,  0.00711881]), array([ 0.00197675, -0.07565642, -0.00855628,  0.02953725]), array([ 0.03721699,  0.01016364, -0.05901478,  0.02648413]), array([ 0.07295683, -0.0413605 , -0.02387584,  0.00526557]), array([-0.01976029, -0.06899422, -0.07827224,  0.0181515 ]), array([ 0.04449853,  0.00830104, -0.03162819,  0.01939918]), array([-0.03660696,  0.01390672, -0.03346931, -0.0342923 ]), array([ 0.04973828,  0.00895296, -0.05286443, -0.00150922]), array([-0.00688735,  0.03536836,  0.0399965 , -0.0369647 ]), array([-0.07666828, -0.04861058,  0.03470315, -0.02955031]), array([-0.07743005,  0.01153396, -0.03832572,  0.04428937]), array([-0.05134174,  0.10558776, -0.02606239,  0.02333457]), array([-0.0234155 ,  0.04707305, -0.04281877, -0.00625358]), array([ 0.00997244,  0.02001655, -0.02030504,  0.0787672 ]), array([ 0.04204205,  0.05246902, -0.08019085, -0.0432858 ]), array([-0.02039867, -0.00483824, -0.03875135,  0.01804925]), array([ 0.0321324 , -0.00321705, -0.03842349, -0.05642051]), array([-0.0883539 , -0.01574617, -0.02664626,  0.08135483]), array([-0.01904648, -0.00964842, -0.01200029,  0.05955541]), array([-0.08436466, -0.01887747, -0.00960981,  0.05517106]), array([ 0.15030085,  0.0469477 ,  0.02086545, -0.00256736]), array([ 0.01600102,  0.07144814, -0.10128548,  0.02947279]), array([-0.05343728, -0.03626424,  0.04166579, -0.04989225]), array([-0.02878116, -0.01804388, -0.06761721, -0.01824099]), array([-0.02892479, -0.07222777, -0.03462782, -0.08210688]), array([-0.11155278,  0.04334224,  0.04131164, -0.0259702 ]), array([ 0.01268702, -0.02020223, -0.01987571,  0.04499996]), array([ 0.05748401,  0.06634445,  0.03514248, -0.07321701]), array([-0.04483051, -0.02550375,  0.05558969,  0.02185575]), array([ 0.03574399, -0.02201886, -0.04694332,  0.03879534]), array([ 0.08478376, -0.05867639,  0.04461305, -0.04405227]), array([ 0.15721565, -0.01302973, -0.03654423,  0.08002879]), array([-0.10280356,  0.00181113, -0.01605969,  0.03654545]), array([ 0.08500843,  0.04918226, -0.01498822,  0.04214288]), array([ 0.01459927, -0.01309695, -0.02811271, -0.09712728]), array([ 0.04020803,  0.02133804, -0.00283851,  0.0350381 ]), array([-0.12755767,  0.01385707,  0.05492327, -0.02652697]), array([ 0.02308948,  0.04664085, -0.01618316, -0.04019202]), array([ 0.05323774, -0.00628495, -0.06194771, -0.00627585]), array([ 0.00966109, -0.05392219, -0.00748598, -0.01591655]), array([ 0.0145279 ,  0.02619286, -0.08506681, -0.05750764]), array([ 0.04057381, -0.09841566, -0.100951  ,  0.01127282]), array([ 0.02977633, -0.01708438,  0.04442992,  0.07660204]), array([-0.01168486,  0.00097698,  0.11830007, -0.09003077]), array([ 0.02039865,  0.03779653, -0.06097716,  0.0263314 ]), array([-0.09543075, -0.01948165, -0.02125315, -0.0321337 ]), array([-0.02318312,  0.08125342,  0.05690351, -0.01203002]), array([-0.01169025,  0.04462124, -0.00190326,  0.0521349 ]), array([ 0.11729673,  0.0287108 , -0.06510512,  0.07710686]), array([ 0.00821514,  0.0209832 , -0.00522196,  0.04720724]), array([ 0.0568806 ,  0.01538163, -0.01226127, -0.03763354]), array([-0.05472432, -0.0131812 , -0.08707794,  0.00814525]), array([-0.03198643,  0.04235332, -0.07495477, -0.02234247])]

Actions: [array([1.        , 0.78460728]), array([1.        , 0.78327238]), array([1.      , 0.782273]), array([1.        , 0.78130931]), array([1.        , 0.77962641]), array([1.        , 0.77753873]), array([1.        , 0.77679183]), array([1.        , 0.77599309]), array([1.        , 0.77508943]), array([1.        , 0.77448799]), array([1.        , 0.77417608]), array([1.        , 0.77490545]), array([1.        , 0.77586229]), array([1.        , 0.77579312]), array([1.       , 0.7762061]), array([1.        , 0.77555571]), array([1.        , 0.77543059]), array([1.        , 0.77396492]), array([1.        , 0.77254854]), array([1.        , 0.77312274]), array([1.        , 0.77128004]), array([1.        , 0.76902534]), array([1.        , 0.76717848]), array([1.        , 0.76552174]), array([1.        , 0.76476814]), array([1.        , 0.76181164]), array([1.        , 0.75971429]), array([1.        , 0.76057684]), array([1.        , 0.76340812]), array([1.        , 0.76689754]), array([1.        , 0.76532652]), array([1.        , 0.76465472]), array([1.        , 0.76000615]), array([1.        , 0.75505866]), array([1.        , 0.75100892]), array([1.        , 0.75382837]), array([1.        , 0.76334896]), array([1.        , 0.76842859])]