
Good
Feature: [0, 66, 8121.605595172353]

States: [array([-170.26291903,   -2.44489728, -129.28961845,   -0.82119149]), array([-172.64878732,   -1.80816413, -130.05348129,    0.37684114]), array([-174.45362023,   -1.19923443, -129.68249276,    1.23606632]), array([-175.58098084,   -0.79970252, -128.3893508 ,    1.96662564]), array([-176.35960475,   -0.39342001, -126.47727769,    2.53992437]), array([-1.76726429e+02, -7.37776223e-02, -1.24031612e+02,  3.04239916e+00]), array([-176.78389745,    0.23315005, -121.02804139,    3.41404447]), array([-176.57853747,    0.4414084 , -117.75929424,    3.66416707]), array([-176.11058319,    0.5877334 , -114.06415286,    3.89766515]), array([-175.48066568,    0.69571161, -110.04423755,    4.1201831 ]), array([-174.75626254,    0.89398606, -105.89189402,    4.34539796]), array([-173.88941936,    0.95010098, -101.58686405,    4.53329712]), array([-172.90914035,    1.03115961,  -97.00084922,    4.61348609]), array([-171.83888577,    1.67907541,  -92.32387639,    4.68762468]), array([-170.18327825,    2.27385146,  -87.58465932,    4.78020437]), array([-167.92968634,    2.85869438,  -82.81320109,    4.77479402]), array([-165.01011714,    3.23958349,  -78.05845823,    4.738705  ]), array([-161.77873561,    3.64773596,  -73.30174136,    4.72232191]), array([-158.11008836,    3.85496935,  -68.59199168,    4.74870483]), array([-154.2447662 ,    4.04541284,  -63.92776974,    4.7820819 ]), array([-150.20374523,    4.23957205,  -59.08309211,    4.82012967]), array([-146.00716737,    4.42873642,  -54.32496441,    4.80013522]), array([-141.57907388,    4.59850192,  -49.52472039,    4.7990809 ]), array([-136.90047703,    4.56395733,  -44.62896381,    4.80866492]), array([-132.31023591,    4.67476542,  -39.79427993,    4.76705259]), array([-127.60949525,    4.76583529,  -35.04458686,    4.71067523]), array([-122.8693794 ,    4.73946344,  -30.33352445,    4.7516981 ]), array([-118.16616756,    4.25700699,  -25.55491741,    4.86861846]), array([-113.90997317,    3.79684372,  -20.65490345,    5.00069528]), array([-110.11229794,    3.45933614,  -15.64373582,    4.97467708]), array([-106.68933022,    3.10768064,  -10.60061997,    4.96530176]), array([-103.57246276,    2.8602283 ,   -5.69746674,    4.89614386]), array([-100.68445894,    2.65498558,   -0.85158823,    4.84540394]), array([-98.15146371,   2.42191644,   3.96749648,   4.8312952 ]), array([-95.78494476,   2.37895292,   8.78112529,   4.87984961]), array([-93.4348154 ,   2.25690088,  13.68796873,   4.84648268]), array([-91.20617194,   2.2239462 ,  18.45249004,   4.86343068]), array([-88.90578889,   2.09246121,  23.33857806,   4.8619668 ]), array([-86.75261563,   2.00848469,  28.16244468,   4.84725254]), array([-84.77169046,   2.13430294,  33.00538194,   4.96597799]), array([-82.65124294,   2.31118048,  37.92399335,   5.03496348]), array([-80.26047534,   2.82689206,  42.96285305,   4.24925516]), array([-77.42414431,   3.23527742,  47.29302653,   3.38113224]), array([-74.19935491,   3.62532608,  50.6717639 ,   2.71537732]), array([-70.56565271,   3.83112836,  53.30307885,   2.19862592]), array([-66.8193101 ,   4.04733149,  55.50009681,   1.6845345 ]), array([-62.79932223,   4.29485243,  57.18742825,   1.46956858]), array([-58.59056778,   4.41098185,  58.67465657,   1.19587246]), array([-54.18353054,   4.61274962,  59.79197627,   1.00359045]), array([-49.58827412,   4.70709841,  60.83137365,   0.47015383]), array([-4.50103424e+01,  4.80121586e+00,  6.13016684e+01, -4.51847158e-02]), array([-40.2270116 ,   4.80405034,  61.27938772,  -0.95950671]), array([-35.43966243,   4.79165353,  60.36922549,  -1.82423401]), array([-30.56340547,   4.60692803,  58.56270554,  -2.48165908]), array([-25.88611514,   4.47662619,  56.14742967,  -3.07484687]), array([-21.35275314,   4.24392103,  53.08833995,  -3.519153  ]), array([-17.093434  ,   3.72146821,  49.61306795,  -3.92364532]), array([-13.35678886,   3.3423504 ,  45.59780335,  -4.22586287]), array([-10.04740698,   2.83458025,  41.34248327,  -4.34521549]), array([-7.23505278,  2.47568674, 36.99248067, -4.51532162]), array([-4.71689388,  2.11340988, 32.47556868, -4.6823244 ]), array([-2.5727246 ,  1.79920875, 27.72504985, -4.69538469]), array([-0.72648101,  1.41542725, 23.13828106, -4.67229966]), array([ 0.72755294,  1.08332982, 18.41994019, -4.71780613]), array([ 1.85147285,  0.65226984, 13.77474772, -4.7612244 ]), array([ 2.51033859,  0.21162923,  8.99020909, -4.82601964]), array([-0.02870734,  0.03566235, -0.02814236, -0.03402386]), array([-0.05111698, -0.04481919,  0.02066652,  0.00467023]), array([-0.00019807, -0.12189137,  0.00488286, -0.02433594]), array([ 0.02026166,  0.04697505,  0.07414107, -0.00645093]), array([ 0.0256877 , -0.03437952,  0.02087452, -0.0124547 ]), array([ 0.01315884,  0.00982454, -0.03749035,  0.09737089]), array([-0.00372852,  0.0207689 ,  0.02333233,  0.00015328]), array([-0.02324278,  0.10232524, -0.04244625,  0.0151634 ]), array([-0.10834618, -0.00646309,  0.05764734,  0.03360757]), array([-0.03676202,  0.01041235,  0.06337116,  0.01647003]), array([ 0.05020013, -0.01008059, -0.12472519,  0.02655652]), array([ 0.09179755, -0.06917018, -0.03015987, -0.05062875]), array([-0.00672415, -0.07909231, -0.0099731 ,  0.02342604]), array([ 0.02064482, -0.01969072,  0.01975224,  0.02367913]), array([ 0.03314065, -0.0293709 ,  0.05403213, -0.08140828]), array([ 0.0825331 ,  0.0396224 , -0.06429725, -0.03687536]), array([-0.06924524, -0.06909989,  0.05523538,  0.05277277]), array([ 0.01514635,  0.06291897,  0.03868613, -0.00804941]), array([ 0.04793444,  0.03965219,  0.05418623, -0.02268912]), array([-0.05737065, -0.08565834,  0.10055701, -0.0073552 ]), array([-0.0213742 ,  0.1313088 , -0.10142151,  0.02488653]), array([-0.12112309, -0.02986118,  0.05949279, -0.01807361]), array([-0.04331207,  0.08406947, -0.0141091 ,  0.02314147]), array([-0.02028322,  0.05769159, -0.02375394,  0.04296754]), array([ 0.00914177,  0.03242889,  0.08080484, -0.02107744]), array([-0.09805823, -0.00131585,  0.01984639, -0.06821804]), array([-0.04735108, -0.06788239,  0.09971056,  0.04777507]), array([ 0.03272682,  0.01465496,  0.04955176, -0.01832069]), array([0.04786418, 0.04539133, 0.04723271, 0.06939791]), array([ 0.01067109,  0.00105365, -0.02933938,  0.11602371]), array([0.04336357, 0.02535554, 0.024429  , 0.00226888]), array([-0.01735844,  0.01421083, -0.03960093,  0.04725997]), array([ 0.02014157, -0.06513492,  0.02210061, -0.00645288]), array([ 0.06256996, -0.07510665, -0.11836265, -0.00103825])]

Actions: [array([0.18166917, 1.        ]), array([0.20263162, 1.        ]), array([0.22023051, 1.        ]), array([0.23361173, 1.        ]), array([0.24543671, 1.        ]), array([0.25499525, 1.        ]), array([0.26338231, 1.        ]), array([0.27029016, 1.        ]), array([0.27610996, 1.        ]), array([0.2816156, 1.       ]), array([0.28697434, 1.        ]), array([0.29165606, 1.        ]), array([0.84021052, 1.        ]), array([0.87262373, 1.        ]), array([0.90233168, 1.        ]), array([0.92840141, 1.        ]), array([0.94861391, 1.        ]), array([0.96712556, 1.        ]), array([0.98086944, 1.        ]), array([0.99273275, 1.        ]), array([1.        , 0.99333407]), array([1.        , 0.98180829]), array([1.        , 0.97211858]), array([1.        , 0.96385045]), array([1.        , 0.95289283]), array([1.        , 0.94463677]), array([0.48743486, 1.        ]), array([0.45378799, 1.        ]), array([0.42282873, 1.        ]), array([0.39514558, 1.        ]), array([0.3694228, 1.       ]), array([0.3436714, 1.       ]), array([0.3170068, 1.       ]), array([0.39199549, 1.        ]), array([0.38070256, 1.        ]), array([0.36786828, 1.        ]), array([0.35335721, 1.        ]), array([0.33279757, 1.        ]), array([0.51585088, 1.        ]), array([0.5309257, 1.       ]), array([1.        , 0.13914176]), array([1.        , 0.07565717]), array([1.        , 0.01793113]), array([ 1.        , -0.03085537]), array([ 1.        , -0.07343107]), array([1.        , 0.07572922]), array([1.        , 0.05178662]), array([1.        , 0.02808418]), array([ 1.        , -0.34599362]), array([ 1.        , -0.41053683]), array([ 1.        , -0.91430496]), array([ 0.95787071, -1.        ]), array([ 0.84311044, -1.        ]), array([ 0.73933823, -1.        ]), array([ 0.6426214, -1.       ]), array([ 0.41635927, -1.        ]), array([ 0.35711459, -1.        ]), array([ 0.21992453, -1.        ]), array([ 0.16201278, -1.        ]), array([ 0.10448367, -1.        ]), array([ 0.04077522, -1.        ]), array([-0.03049314, -1.        ]), array([-0.11767529, -1.        ]), array([-0.2289131, -1.       ]), array([-0.39192769, -1.        ])]
Bad
Feature: [17, 23, 5028.412984952124]

States: [array([-168.7884299 ,   -1.20965175, -130.68783549,    2.31292573]), array([-1.69988794e+02,  3.57962297e-02, -1.28451739e+02,  2.60559442e+00]), array([-169.99792551,    0.98031771, -125.94712498,    2.82281849]), array([-169.01564122,    1.76610039, -123.18665289,    2.9521441 ]), array([-167.25364126,    2.36351819, -120.27595253,    3.06766737]), array([-164.89015361,    2.83705131, -117.29255676,    3.09767756]), array([-162.05307924,    3.24833712, -114.17710518,    3.23946324]), array([-158.80013313,    3.67871898, -110.8684019 ,    3.30571445]), array([-155.05316823,    3.9313964 , -107.54399708,    3.27543375]), array([-151.00587428,    4.13036061, -104.30345475,    3.35453957]), array([-146.72990936,    4.19352919, -100.94354945,    3.3924955 ]), array([-142.53811477,    4.31111118,  -97.6216512 ,    3.35332209]), array([-138.21995598,    4.46006895,  -94.25509347,    3.33387913]), array([-133.76033811,    4.5420737 ,  -90.86221673,    3.39902363]), array([-129.29967314,    4.67589216,  -87.49853831,    3.38712186]), array([-124.5681906 ,    4.72506933,  -84.09068834,    3.45265009]), array([-119.89960761,    4.81764178,  -80.64023452,    3.47866483]), array([-115.09261698,    4.86179078,  -77.24907532,    3.53761904]), array([-110.26805104,    4.87096733,  -73.65849503,    3.58969226]), array([-105.4170531 ,    4.88025413,  -70.03305864,    3.506225  ]), array([-100.54044612,    4.9608462 ,  -66.46738354,    3.450011  ]), array([-95.60144516,   4.88914785, -63.02311323,   3.40687339]), array([-90.69519696,   4.9053333 , -59.69494768,   3.42883446]), array([-85.6903917 ,   4.8290119 , -56.2414733 ,   3.44431362]), array([-80.84337513,   4.88713999, -52.75946811,   3.3346631 ]), array([-75.98778594,   4.86796843, -49.48067502,   3.35546017]), array([-71.11212776,   4.90973696, -46.16615575,   3.38661615]), array([-66.25369393,   4.87802316, -42.75092213,   3.4077551 ]), array([-61.2838304 ,   4.94976509, -39.33655716,   3.29754991]), array([-56.34700961,   5.01220829, -36.0136471 ,   3.25852112]), array([-51.34974829,   5.0773183 , -32.80280874,   3.26850332]), array([-46.26335574,   5.12366975, -29.58511533,   3.26943764]), array([-41.16669828,   5.11567811, -26.39408955,   3.29811655]), array([-35.97244364,   5.1180024 , -23.04499596,   3.1991052 ]), array([-30.78612288,   5.08270764, -19.84628629,   3.32147271]), array([-25.75053979,   5.07124444, -16.48330701,   3.40325957]), array([-20.67634191,   5.02750283, -12.98519863,   3.3801482 ]), array([-15.72968521,   4.9736113 ,  -9.630124  ,   3.22041454]), array([-10.67291779,   4.86673383,  -6.43901356,   3.16500233]), array([-5.84078863,  4.90851138, -3.25903341,  3.14558621]), array([ 0.00877846, -0.04574729,  0.08255707,  0.1031124 ]), array([ 0.02524249,  0.05167478,  0.03817976, -0.02487187]), array([ 0.03799497, -0.00297227, -0.0150582 , -0.07735152]), array([ 0.04132912,  0.129759  , -0.01212507,  0.0733441 ]), array([ 0.00390659, -0.01940524, -0.03336861, -0.12496565]), array([-0.0179426 , -0.05377458,  0.01161889,  0.03232241]), array([-0.00010588,  0.03737294, -0.02184774,  0.00988311]), array([-0.01519568,  0.16193862,  0.0286351 , -0.08252699]), array([ 0.05652167, -0.03823878,  0.0210544 , -0.01431962]), array([-0.01045251,  0.0044178 ,  0.0751698 ,  0.06291392]), array([ 0.01996787,  0.08832987, -0.03695547, -0.04770727]), array([ 0.09989846, -0.02803515,  0.03644511, -0.0279135 ]), array([ 0.0138568 ,  0.05795502, -0.10230295, -0.00344098]), array([-0.00949533, -0.02604628,  0.08806976,  0.00431704]), array([0.06603251, 0.00464078, 0.03800108, 0.16002308]), array([ 0.01493205, -0.07755124, -0.00725059,  0.01579692]), array([-0.05660898,  0.05122819, -0.01629583,  0.00896873]), array([ 0.09321378, -0.01168695,  0.06719625, -0.01852095]), array([-0.011138  ,  0.01434128, -0.04377336,  0.02182823]), array([-0.03482521, -0.06166057, -0.07479246,  0.06185139]), array([-0.05735552, -0.02855624, -0.06036115, -0.06704535]), array([0.03998309, 0.00931275, 0.02058096, 0.01339411]), array([ 0.02594391,  0.05046714, -0.05001278, -0.03686102]), array([-0.01585245, -0.04635976,  0.05645221,  0.00811055]), array([ 0.04936738, -0.05876748,  0.01541857, -0.00602115]), array([-0.00777236,  0.03751168,  0.04823903, -0.01972166]), array([-0.08722199, -0.02011951, -0.04613376,  0.04945168]), array([-0.03737163, -0.00614339, -0.07152902,  0.06538859]), array([ 0.01485014,  0.03440226,  0.04668946, -0.04647599]), array([ 0.01079117,  0.04443363, -0.09027394,  0.0251798 ]), array([-0.0224754 ,  0.08900297, -0.06989058,  0.04008172]), array([ 0.00622738,  0.04179582,  0.1022875 , -0.01081734]), array([-0.04141817,  0.04222868,  0.04576286,  0.03273085]), array([-0.00496141,  0.01066834,  0.00526114, -0.00806047]), array([-0.08892209, -0.06272366,  0.04472078, -0.03881782]), array([ 0.03261747,  0.01876422, -0.06182744, -0.00449024]), array([ 0.04138791, -0.01062238, -0.06200421, -0.0613265 ]), array([-0.02679623, -0.01696867,  0.04717711,  0.04321218]), array([ 0.03736239,  0.01045943, -0.02816251, -0.049558  ]), array([ 0.07758487,  0.01017292, -0.00904643, -0.00581608]), array([-0.08520823, -0.05230125, -0.0734274 ,  0.01273245]), array([-0.02654317, -0.07534051, -0.00593522, -0.01720033]), array([-0.03172427,  0.06138825,  0.0569945 ,  0.02251006]), array([-0.00543107,  0.05665318,  0.05956595,  0.02068115]), array([-0.03376307,  0.04829268, -0.01733724,  0.0061415 ]), array([-0.10729033, -0.01305882,  0.00050938, -0.09645765]), array([-0.03909769,  0.07481751,  0.05387489, -0.01294501]), array([-0.04048756, -0.05507366,  0.05052532, -0.04323658]), array([-0.00151704,  0.14541072,  0.01828633, -0.00384586]), array([ 0.10031832,  0.08481882, -0.00489905,  0.02399357]), array([-0.10594076,  0.02154264, -0.018509  ,  0.00924819]), array([ 0.03459093, -0.0076241 , -0.01753406, -0.00593315]), array([ 0.04824234,  0.01021991, -0.07558044,  0.05991528]), array([-0.0133411 , -0.00368724,  0.03539076, -0.01321311]), array([-0.02307997,  0.01029743, -0.01410782,  0.05701928]), array([ 0.01582837, -0.03478354,  0.04010915, -0.03307945]), array([ 0.07771437, -0.06958519,  0.0266312 ,  0.12980835]), array([ 0.02179215, -0.00647126,  0.00368718,  0.03683186]), array([-0.11544653,  0.02678743, -0.06639179, -0.03104044]), array([ 0.01049787, -0.00178477, -0.05285367,  0.01585027])]

Actions: [array([1.        , 0.77235798]), array([1.        , 0.75396992]), array([1.        , 0.73937109]), array([1.        , 0.72747879]), array([1.        , 0.71785694]), array([1.        , 0.71014846]), array([1.        , 0.70344048]), array([1.        , 0.69709584]), array([1.        , 0.69256077]), array([1.        , 0.68970179]), array([1.        , 0.68694065]), array([1.        , 0.68388074]), array([1.        , 0.68093291]), array([1.        , 0.67831004]), array([1.        , 0.67573676]), array([1.        , 0.67407321]), array([1.       , 0.6715843]), array([1.        , 0.67019387]), array([1.        , 0.66701335]), array([1.        , 0.66338614]), array([1.        , 0.66016317]), array([1.        , 0.65828148]), array([1.        , 0.65721956]), array([1.        , 0.65534763]), array([1.        , 0.65166127]), array([1.        , 0.65019257]), array([1.        , 0.64821847]), array([1.        , 0.64432468]), array([1.       , 0.6409741]), array([1.        , 0.63825867]), array([1.        , 0.63785982]), array([1.        , 0.63841286]), array([1.        , 0.63986521]), array([1.        , 0.63919509]), array([1.        , 0.64274026]), array([1.        , 0.63819108]), array([1.        , 0.62675248]), array([1.        , 0.61241354]), array([1.        , 0.60499549])]