
Good
Feature: [0, 88, 10042.344927137647]

States: [array([-170.76938979,   -0.5169311 , -130.98153017,   -0.40460581]), array([-171.22111933,   -0.37861959, -131.44378543,    0.64903645]), array([-171.64381708,   -0.25913115, -130.83773611,    1.55127057]), array([-171.78294622,   -0.1789077 , -129.33122561,    2.2311196 ]), array([-1.72005898e+02, -6.27978111e-02, -1.27089452e+02,  2.77093824e+00]), array([-1.71970311e+02,  2.67442552e-03, -1.24284075e+02,  3.16867366e+00]), array([-1.71899304e+02,  3.85217964e-02, -1.21174642e+02,  3.56537783e+00]), array([-1.71912931e+02,  6.28150681e-02, -1.17605999e+02,  3.82419632e+00]), array([-1.71846866e+02,  1.50963380e-01, -1.13705045e+02,  3.96911574e+00]), array([-171.71498686,    0.74246811, -109.80429921,    4.13408925]), array([-170.92689091,    0.68681936, -105.6502067 ,    4.27689002]), array([-170.23188497,    0.52414399, -101.36178655,    4.44785423]), array([-169.73646511,    0.51638567,  -96.86551782,    4.62375673]), array([-169.2600597 ,    1.36905932,  -92.24357305,    4.67384074]), array([-167.85270027,    1.9988627 ,  -87.48617176,    4.66448866]), array([-165.86359172,    2.57335076,  -82.81912329,    4.58684818]), array([-163.27718451,    3.06628838,  -78.20525945,    4.45205786]), array([-160.21862919,    3.43322394,  -73.70006451,    4.2131526 ]), array([-156.82351046,    2.91115579,  -69.46870233,    4.34128232]), array([-153.83550412,    2.4938918 ,  -65.03615079,    4.43876908]), array([-151.37716649,    2.04972856,  -60.60594355,    4.56123627]), array([-149.31078904,    2.62792481,  -56.03406397,    4.18074039]), array([-146.64001827,    3.05002729,  -51.93850632,    3.76526289]), array([-143.53372282,    3.33496072,  -48.23476527,    3.33236145]), array([-140.23925564,    3.64744081,  -44.96040237,    2.92603624]), array([-136.63971654,    3.90026394,  -42.03870315,    2.51936656]), array([-132.73628881,    4.04370006,  -39.50272718,    2.17689813]), array([-128.54323166,    4.24342455,  -37.34973155,    1.86916414]), array([-124.36724884,    4.31681871,  -35.45205484,    1.53455228]), array([-120.02081959,    4.42204392,  -33.97785507,    1.25934222]), array([-115.52562076,    4.50598281,  -32.68133566,    0.9688747 ]), array([-111.02501132,    4.58205647,  -31.74732374,    0.62939078]), array([-106.37012756,    4.72722952,  -31.05562845,    0.82986492]), array([-101.68655989,    4.68871504,  -30.19392566,    0.93298301]), array([-96.99128689,   4.76016193, -29.28109247,   1.20459101]), array([-92.22396731,   3.67624143, -28.12670192,   2.05141061]), array([-88.51324418,   2.74887199, -26.05248445,   2.63787868]), array([-85.80802564,   1.97624427, -23.38876397,   3.14543862]), array([-83.79747173,   1.2725781 , -20.23203583,   3.52505294]), array([-82.55321043,   0.75396805, -16.68390757,   3.81347189]), array([-81.80733241,   0.25601712, -12.8744533 ,   4.06446217]), array([-81.68768833,   0.33635004,  -8.7917991 ,   4.32111366]), array([-81.40274256,   0.29930521,  -4.44335947,   4.44609777]), array([-8.11467147e+01,  3.43790173e-01, -7.11035242e-03,  4.51962282e+00]), array([-80.81971672,   0.37540092,   4.5348645 ,   4.69251435]), array([-80.32042269,   0.36614784,   9.23279044,   4.73718999]), array([-79.91745989,   0.36091112,  14.02328128,   4.8453723 ]), array([-79.57925801,   0.28552366,  18.79455493,   4.87757535]), array([-79.34044108,   0.11313999,  23.65136527,   4.87637649]), array([-79.24167388,  -0.32203006,  28.56187286,   4.90356716]), array([-79.50067628,  -0.73670241,  33.53695307,   4.92653134]), array([-80.20289133,  -1.12347264,  38.47565882,   4.9752562 ]), array([-81.2052085 ,   0.1325544 ,  43.55167496,   4.45520159]), array([-81.04032478,   1.12780158,  48.02550251,   4.00752755]), array([-79.95320375,   1.92946491,  52.07705327,   3.32336498]), array([-78.05976833,   2.53078721,  55.4543418 ,   2.95999142]), array([-75.60961539,   3.05250937,  58.43521689,   3.20298556]), array([-72.63454278,   3.41309581,  61.70531917,   3.48186078]), array([-69.20694479,   3.88106957,  65.10036329,   3.65117587]), array([-65.288186  ,   4.00481186,  68.81227217,   3.39591321]), array([-61.36326527,   4.22816364,  72.22481744,   2.69928491]), array([-57.15698013,   4.38120193,  74.97626623,   1.97440869]), array([-52.69859991,   4.51340239,  76.97329427,   1.26228069]), array([-48.21942625,   4.51421359,  78.2452494 ,   0.60850417]), array([-43.77024877,   4.53696071,  78.80725281,  -0.13271533]), array([-39.19602242,   4.63227979,  78.64600992,  -0.88416532]), array([-34.56792393,   4.79974923,  77.80743946,  -1.61132923]), array([-29.83653629,   4.79543734,  76.14475582,  -1.97251039]), array([-25.00705721,   4.85947179,  74.21733221,  -2.22739859]), array([-20.16541911,   4.87126327,  72.05154818,  -1.91287854]), array([-15.31830596,   4.85807723,  70.19363116,  -1.62850987]), array([-10.4355628 ,   4.94797974,  68.57952825,  -1.36866858]), array([-5.52996685,  3.94357906, 67.25408654, -2.08006368]), array([-1.73448011,  3.09021065, 65.14666501, -2.72742462]), array([ 1.35812316,  2.35039301, 62.40613995, -3.17894762]), array([ 3.74431048,  1.76626014, 59.19658842, -3.49064866]), array([ 5.49266322,  1.33332919, 55.73521131, -3.88131998]), array([ 6.78497847,  0.82532734, 51.85942583, -4.14181367]), array([ 7.676545  ,  0.39817417, 47.6715476 , -4.28733769]), array([ 8.08103329e+00,  2.65648441e-02,  4.34040048e+01, -4.45740523e+00]), array([ 8.16135381,  0.12731688, 38.97172525, -4.48411501]), array([ 8.23075469,  0.26948857, 34.52026739, -4.64251369]), array([ 8.51831571, -0.15603834, 29.87978257, -4.76147204]), array([ 8.38036493, -0.42652954, 25.11605034, -4.80362357]), array([ 7.96995794, -0.92410205, 20.24313455, -4.89587188]), array([ 6.93021109, -1.54821234, 15.39801712, -4.86647947]), array([ 5.43987452, -2.24017335, 10.5012961 , -4.44235883]), array([ 3.18381235, -2.86281179,  6.04456484, -4.07805846]), array([-0.00683002, -0.01904036, -0.0477618 , -0.00597053]), array([-0.04716305,  0.05213071,  0.00553148,  0.0419666 ]), array([-0.0251526 ,  0.03763536, -0.05177111,  0.0783288 ]), array([-0.02390035,  0.0262805 , -0.0262426 ,  0.04804977]), array([-0.04532849,  0.03199336, -0.03414189, -0.03739734]), array([-0.02776137, -0.06128873, -0.04185851,  0.04123283]), array([ 0.13361145, -0.02209351,  0.03043692,  0.01790017]), array([ 0.05091594, -0.00917994,  0.10763105, -0.0212669 ]), array([-0.03182289,  0.01035556, -0.00275789, -0.03998581]), array([-0.0172764 ,  0.0274036 ,  0.02367921, -0.00752549]), array([ 0.05304048,  0.05162587, -0.04268085, -0.0207315 ]), array([-0.00945947, -0.051591  ,  0.0094747 , -0.04053458])]

Actions: [array([0.03387561, 1.        ]), array([0.04167538, 1.        ]), array([0.04977554, 1.        ]), array([0.05375573, 1.        ]), array([0.06041792, 1.        ]), array([0.06316484, 1.        ]), array([0.06591248, 1.        ]), array([0.07182746, 1.        ]), array([0.51868572, 1.        ]), array([0.11343333, 1.        ]), array([0.10549854, 1.        ]), array([0.09869346, 1.        ]), array([0.93839298, 1.        ]), array([1.        , 0.95229966]), array([1.        , 0.85435548]), array([1.        , 0.76415325]), array([1.        , 0.67714731]), array([0.33846231, 1.        ]), array([0.24763304, 1.        ]), array([0.13759409, 1.        ]), array([1.        , 0.52227269]), array([1.        , 0.42047768]), array([1.        , 0.32652837]), array([1.        , 0.23227332]), array([1.        , 0.23068159]), array([1.        , 0.16945913]), array([1.        , 0.10750525]), array([1.        , 0.04219449]), array([ 1.       , -0.0265515]), array([ 1.        , -0.08838863]), array([ 1.       , -0.1682451]), array([1.        , 0.25918609]), array([1.        , 0.29163174]), array([1.        , 0.41656158]), array([-0.08804678,  1.        ]), array([-0.24890013,  1.        ]), array([-0.21434311,  1.        ]), array([-0.25272684,  1.        ]), array([-0.28689314,  1.        ]), array([-0.31565661,  1.        ]), array([0.08745786, 1.        ]), array([0.09081327, 1.        ]), array([0.09246896, 1.        ]), array([0.094957, 1.      ]), array([0.09677304, 1.        ]), array([0.09592609, 1.        ]), array([0.09710608, 1.        ]), array([-0.10848087,  1.        ]), array([-0.36833927,  1.        ]), array([-0.43228285,  1.        ]), array([-0.50838708,  1.        ]), array([1.        , 0.40601617]), array([1.        , 0.29144967]), array([1.        , 0.19865364]), array([1.        , 0.29597497]), array([1.        , 0.88466683]), array([1.       , 0.8615525]), array([1.        , 0.83960604]), array([1.       , 0.4754716]), array([1.        , 0.00878258]), array([ 1.       , -0.1051508]), array([ 1.        , -0.23067488]), array([ 1.        , -0.43104588]), array([ 1.        , -0.56379037]), array([ 1.        , -0.71982674]), array([ 1.        , -0.92715969]), array([ 1.        , -0.64934705]), array([ 1.       , -0.6115328]), array([ 1.        , -0.16596951]), array([ 1.        , -0.09974153]), array([ 1.       , -0.0123163]), array([ 0.00564554, -1.        ]), array([-0.050954, -1.      ]), array([-0.09616189, -1.        ]), array([-0.13829579, -1.        ]), array([-0.17435557, -1.        ]), array([-0.205705, -1.      ]), array([-0.23507571, -1.        ]), array([-0.26309411, -1.        ]), array([ 0.10721283, -1.        ]), array([ 0.10232455, -1.        ]), array([-0.33009772, -1.        ]), array([-0.37162803, -1.        ]), array([-0.56679676, -1.        ]), array([-0.80512577, -1.        ]), array([-1.        , -0.55882196]), array([-1.        , -0.44781476])]
Bad
Feature: [19, 20, 5009.037019891507]

States: [array([-168.381355  ,   -0.82620876, -130.86954848,   -0.71564629]), array([-169.26771602,    0.31334502, -131.58629021,    0.30797348]), array([-168.88595823,    1.29260667, -131.29161901,    1.09320424]), array([-167.58722123,    2.07083884, -130.0848217 ,    1.68491734]), array([-165.61401827,    2.6531128 , -128.3692286 ,    2.1236124 ]), array([-162.91689037,    3.13714504, -126.27885279,    2.52395975]), array([-159.81922715,    3.50230721, -123.86135222,    2.78058992]), array([-156.30056464,    3.80031243, -121.08304998,    3.00889837]), array([-152.39815654,    4.06136037, -118.06556889,    3.24608937]), array([-148.39215094,    4.26865908, -114.90438244,    3.41436872]), array([-144.1445226 ,    4.36783851, -111.40696511,    3.54807203]), array([-139.79684319,    4.46098273, -107.88614593,    3.60728596]), array([-135.4304309 ,    4.62299885, -104.25269927,    3.66940323]), array([-130.8522633 ,    4.68244237, -100.59497967,    3.81374409]), array([-126.10130014,    4.78188802,  -96.81088646,    3.8437549 ]), array([-121.35685887,    4.87224565,  -92.92910275,    3.80302197]), array([-116.51146039,    4.92288076,  -89.14139472,    3.89958552]), array([-111.65220069,    5.02498296,  -85.33079183,    3.98378951]), array([-106.60839747,    5.06345458,  -81.39708983,    4.0153823 ]), array([-101.5180947 ,    5.06521801,  -77.42370381,    4.02630611]), array([-96.53156784,   5.09353313, -73.34458142,   4.00869035]), array([-91.41603024,   5.05715991, -69.35112802,   4.01033663]), array([-86.36524777,   5.06100016, -65.32296099,   3.99379518]), array([-81.32286359,   5.11496053, -61.31509742,   4.11743034]), array([-76.26982872,   5.13339262, -57.17129888,   4.19547429]), array([-71.12581024,   5.02730132, -52.99414636,   4.19938661]), array([-66.16726314,   4.99866598, -48.8029849 ,   4.19414241]), array([-61.22705326,   4.93985606, -44.60320114,   4.17061049]), array([-56.22787945,   4.97632835, -40.40843969,   4.11981307]), array([-51.20031634,   4.99614137, -36.28813051,   4.06938348]), array([-46.26242518,   5.07320487, -32.193639  ,   4.06452032]), array([-41.23688031,   5.02288182, -28.08983594,   4.09712481]), array([-36.28347095,   5.06298652, -23.98639198,   4.08308661]), array([-31.26569805,   5.13390971, -19.89063977,   4.12309115]), array([-26.08908824,   5.1163737 , -15.83370453,   4.27969813]), array([-20.94400197,   4.95223531, -11.6141337 ,   4.32292262]), array([-16.0169762 ,   4.92619521,  -7.21025274,   4.27208392]), array([-11.1156854 ,   4.8886338 ,  -2.94487764,   4.15200248]), array([-6.12777453,  4.8706833 ,  1.21964156,  4.07257185]), array([-0.00866422, -0.04148858, -0.04007452, -0.00090654]), array([-0.00085727,  0.07805836,  0.01859201,  0.03074335]), array([ 0.02010289,  0.00553027,  0.04940552, -0.00941774]), array([ 0.03263881, -0.00493591, -0.00563372,  0.00729373]), array([ 0.17063679,  0.01567183, -0.08637346,  0.00281994]), array([-0.0145533 , -0.03965573,  0.02205536, -0.0220619 ]), array([ 0.02228159, -0.01015079,  0.01666681,  0.07358136]), array([-0.0323499 , -0.05208257,  0.05474519, -0.05384044]), array([ 0.09480935,  0.00389775,  0.12570658, -0.00566399]), array([ 0.04320485,  0.01470468,  0.03355815, -0.00723183]), array([ 0.0079058 , -0.04752498, -0.05677712, -0.00209269]), array([ 0.03923185, -0.04089012,  0.0676542 ,  0.00513846]), array([-0.04794127, -0.02432983, -0.03909581, -0.06660029]), array([ 0.00847415, -0.06751335,  0.02895734,  0.01499044]), array([0.05424082, 0.01136347, 0.08106938, 0.05238994]), array([0.05260221, 0.01133348, 0.04552236, 0.00140622]), array([ 0.02881217, -0.01071963,  0.0015404 ,  0.06120243]), array([ 0.00056534,  0.00031064, -0.01956058,  0.02316865]), array([-0.03055378, -0.00403289, -0.07055041,  0.08106523]), array([-0.04787474,  0.08215615, -0.03849752, -0.03051537]), array([-0.02318799, -0.06095233, -0.04092136, -0.0396051 ]), array([-0.09843478,  0.07739955, -0.05623087, -0.07341886]), array([-0.09765031,  0.00407998, -0.02210907, -0.10403229]), array([ 0.04742934, -0.00393885,  0.13753319,  0.01979617]), array([ 0.01275163,  0.05044786,  0.02947283, -0.05318254]), array([-0.04372181, -0.0660391 ,  0.00218037, -0.05848749]), array([ 0.00780112,  0.0288133 , -0.01109022, -0.0842499 ]), array([-0.01544788,  0.05721671,  0.00906   , -0.01304363]), array([-0.02268727, -0.0055764 , -0.01816601, -0.00188665]), array([ 0.01921466, -0.07012827, -0.0132358 , -0.01192985]), array([ 0.01337731,  0.02042984,  0.01909287, -0.0159021 ]), array([-0.01076051, -0.00581125, -0.01949943, -0.03975746]), array([-0.10092056,  0.01795139,  0.03619211,  0.07987305]), array([-0.04568132, -0.05403029, -0.05738486,  0.06365867]), array([-0.09309014,  0.00632736,  0.01478351,  0.0312831 ]), array([-0.01446811,  0.01233406,  0.08641099, -0.06237742]), array([ 0.01567486, -0.00512752,  0.09387191,  0.03446758]), array([ 0.03846616,  0.06485952, -0.01127239, -0.08216781]), array([-0.04047952, -0.01227506, -0.03549534, -0.12517521]), array([-0.01131326, -0.06445017,  0.03786506, -0.03709138]), array([ 0.02626551, -0.02653489,  0.02179834, -0.00507952]), array([-0.0857091 ,  0.03851225,  0.0281557 , -0.05233734]), array([-0.1023175 ,  0.06324869,  0.04409624,  0.02838152]), array([-0.0068391 ,  0.00175038, -0.09492461, -0.01102916]), array([-0.09213952,  0.01979197,  0.04383204, -0.05232615]), array([-0.0236196 , -0.07298345, -0.08428993,  0.02138348]), array([0.03602865, 0.01999306, 0.0286732 , 0.04537327]), array([-0.00563096, -0.00523771,  0.02919931,  0.01111283]), array([-0.00540449, -0.0207578 , -0.06739029,  0.00222661]), array([-0.02869867, -0.01997942,  0.03558243,  0.07408311]), array([-0.00663499, -0.01087228, -0.06504424,  0.09806508]), array([-0.08826914,  0.11155211, -0.04404319, -0.00552016]), array([-0.1025796 ,  0.01767821,  0.10599464,  0.02717738]), array([ 0.068287  ,  0.0788358 ,  0.00578788, -0.03381635]), array([ 0.04658662,  0.04265278, -0.06081481, -0.00907101]), array([ 0.10653898,  0.06646643,  0.00704807, -0.00986119]), array([ 0.03524171,  0.05687009, -0.01341525,  0.03425933]), array([-0.00713721, -0.05190966,  0.01809438,  0.06371893]), array([ 0.0190578 , -0.09099204,  0.00859117, -0.03112586]), array([ 0.02271689, -0.03843362,  0.03472331,  0.04850652]), array([ 0.00531532, -0.06699098, -0.08730061,  0.05310966])]

Actions: [array([1.        , 0.80942651]), array([1.        , 0.80942245]), array([1.        , 0.80950551]), array([1.        , 0.80859773]), array([1.        , 0.80788847]), array([1.        , 0.80842035]), array([1.        , 0.80895074]), array([1.        , 0.80937658]), array([1.        , 0.81028027]), array([1.        , 0.81083795]), array([1.       , 0.8104775]), array([1.        , 0.81049756]), array([1.        , 0.80981833]), array([1.        , 0.81018827]), array([1.        , 0.81068978]), array([1.        , 0.81040573]), array([1.        , 0.81156257]), array([1.        , 0.81271579]), array([1.        , 0.81421633]), array([1.        , 0.81584411]), array([1.        , 0.81573539]), array([1.        , 0.81762287]), array([1.        , 0.81874986]), array([1.        , 0.82016867]), array([1.        , 0.82017545]), array([1.        , 0.82073492]), array([1.        , 0.81899502]), array([1.        , 0.81662545]), array([1.        , 0.81475042]), array([1.       , 0.8143112]), array([1.        , 0.81283896]), array([1.        , 0.81241932]), array([1.        , 0.81043702]), array([1.        , 0.80960224]), array([1.        , 0.81410716]), array([1.        , 0.81285097]), array([1.        , 0.79258597]), array([1.        , 0.76683828])]