
Good
Feature: [4, 67, 8188.3588818136695]

States: [array([-169.80730492,   -1.16450392, -130.02064191,   -1.21749273]), array([-1.71045977e+02, -4.89236275e-01, -1.31220713e+02,  4.86639035e-02]), array([-1.71501842e+02,  4.31959049e-02, -1.31173976e+02,  1.04690050e+00]), array([-171.53861034,    0.43885783, -130.17297645,    1.85693615]), array([-171.09312249,    0.77998908, -128.35934526,    2.43747751]), array([-170.37896997,    1.14463666, -125.92583718,    3.01462708]), array([-169.2397409 ,    1.38419732, -122.84209265,    3.51557917]), array([-168.01245204,    1.56515387, -119.30449764,    3.72211858]), array([-166.37991289,    1.75731817, -115.59273123,    3.96298553]), array([-164.60821751,    1.86474749, -111.53853801,    4.12855339]), array([-162.70687189,    2.04477655, -107.41016508,    4.35565034]), array([-160.60545084,    2.15549373, -103.06174215,    4.58798954]), array([-158.45531854,    2.25599631,  -98.43869578,    4.71139355]), array([-156.13222622,    2.38601757,  -93.83567366,    4.72306486]), array([-153.77125855,    2.49740452,  -89.11378884,    4.74011785]), array([-151.26722303,    2.57706488,  -84.35579408,    4.92802966]), array([-148.64810636,    2.73367051,  -79.51191136,    4.90232652]), array([-145.90485199,    2.03052247,  -74.5988442 ,    2.96104726]), array([-143.83806904,    2.19427778,  -71.60796056,    3.3856906 ]), array([-141.59411977,    2.40132304,  -68.20672699,    3.6895472 ]), array([-139.19939204,    2.53041263,  -64.49980937,    3.86895363]), array([-136.74597244,    2.65368076,  -60.57094954,    4.17443201]), array([-134.08659269,    2.7095774 ,  -56.41427522,    4.35373009]), array([-131.34565018,    2.78306396,  -52.07853002,    4.55152925]), array([-128.61252576,    2.87722266,  -47.48258884,    4.6191622 ]), array([-125.73655154,    2.98282718,  -42.9233619 ,    4.68529363]), array([-122.7229286 ,    3.05880186,  -38.29010391,    4.77115242]), array([-119.61221178,    3.15080765,  -33.48031948,    4.75402618]), array([-116.41802316,    3.257816  ,  -28.74201411,    4.87368967]), array([-113.21306932,    3.32846046,  -23.9106458 ,    4.9376754 ]), array([-109.93260152,    3.34699773,  -18.92821055,    4.88007931]), array([-106.54959629,    3.56637623,  -14.14274658,    4.91156099]), array([-102.9779956 ,    3.44770608,   -9.21009291,    4.96867927]), array([-99.54258019,   3.48115763,  -4.23267165,   4.9898131 ]), array([-96.03865289,   3.49232428,   0.74861815,   5.08221669]), array([-92.56928864,   3.54073879,   5.80579157,   5.10659307]), array([-89.0026345 ,   3.59264974,  10.96645945,   5.10090792]), array([-85.36036381,   3.57883693,  15.99235988,   5.0897913 ]), array([-81.88665031,   3.53597706,  21.05377398,   5.0175559 ]), array([-78.37875156,   3.49407884,  26.06670673,   4.98040729]), array([-74.84146366,   3.42459159,  31.00174662,   4.98034873]), array([-71.44234012,   3.38746711,  36.04054628,   5.01479085]), array([-68.06854152,   3.28475741,  41.04095432,   5.02752269]), array([-64.79824316,   3.18335358,  45.97949844,   4.92645812]), array([-61.6594214 ,   3.52158628,  50.93511453,   4.29891266]), array([-58.16646519,   3.85105284,  55.25892763,   3.66969668]), array([-54.31426824,   4.06786723,  58.85849216,   3.19890724]), array([-50.26059469,   4.32556873,  62.03985904,   2.77150963]), array([-45.99507666,   4.47033817,  64.83052662,   2.28058569]), array([-41.59431908,   4.52838383,  67.07971588,   1.73898869]), array([-37.00284716,   4.60062165,  68.86874299,   1.30103002]), array([-32.45319179,   4.71436797,  70.16075013,   0.78450683]), array([-2.77092507e+01,  4.78533882e+00,  7.08792676e+01, -5.10106145e-02]), array([-23.00762331,   4.11914991,  70.84151984,  -0.96549663]), array([-18.96442693,   3.58054388,  69.89354637,  -1.75419787]), array([-15.39562845,   3.10931573,  68.05414825,  -2.47309278]), array([-12.28487997,   2.63447517,  65.58640002,  -2.92700791]), array([-9.61619172,  2.30765564, 62.74047477, -3.23549467]), array([-7.23079704,  1.93414426, 59.47087773, -3.58706941]), array([-5.26076793,  1.66853664, 55.86767045, -3.84685095]), array([-3.53782797,  1.30187214, 52.03355664, -4.06774923]), array([-2.27356519,  1.03474002, 47.94239339, -4.19645851]), array([-1.27468115,  0.78291729, 43.66068295, -4.41462892]), array([-0.54391028,  0.57418324, 39.29296918, -4.55129094]), array([ 0.13487766,  0.38338029, 34.717236  , -4.69769801]), array([ 0.53609417,  0.2651439 , 30.0501448 , -4.78478551]), array([ 0.73863275,  0.17828096, 25.21837857, -4.78427923]), array([ 0.97494778,  0.09934307, 20.39935993, -4.80857759]), array([ 1.10978936,  0.11151079, 15.55435852, -4.77144598]), array([ 1.24374654,  0.07910116, 10.86678788, -4.81264265]), array([ 1.25577493,  0.07623482,  5.9875531 , -4.88181853]), array([-0.02141429,  0.05753517,  0.04961739,  0.00410259]), array([0.00693147, 0.05549555, 0.06257128, 0.05678832]), array([-0.0870857 ,  0.04091887,  0.08902993,  0.06360945]), array([ 0.02306809, -0.07394749,  0.00880274, -0.02034332]), array([ 0.03881612, -0.00376429, -0.00347702, -0.04399213]), array([ 0.06927327,  0.0692092 , -0.00859294,  0.05439874]), array([-0.0067892 , -0.00491069,  0.09781883, -0.00470337]), array([ 0.02182905,  0.06835862, -0.07088905,  0.03256752]), array([-0.06152597, -0.10945473,  0.0977297 ,  0.02779466]), array([-0.02441031, -0.0658496 , -0.01056098,  0.00951756]), array([-0.07572227, -0.07533729,  0.0277649 , -0.03672846]), array([ 0.06831484, -0.02988022,  0.05804129,  0.05249763]), array([-0.03285933,  0.00245365,  0.02530353,  0.03875802]), array([ 0.0535966 , -0.02450412,  0.02365525,  0.03216981]), array([ 0.09206601,  0.07272318, -0.02731196,  0.02990952]), array([-0.01498403,  0.04967896, -0.01623317,  0.07701827]), array([-0.04934383, -0.05813597,  0.05877525, -0.06897112]), array([-0.04135367,  0.00451096, -0.03447254, -0.01491149]), array([ 0.05058169, -0.07722183, -0.00599976,  0.0112295 ]), array([ 0.03120153,  0.0372012 ,  0.06155554, -0.01339803]), array([-0.00987729,  0.05040077,  0.00523278, -0.00849   ]), array([-0.01747713,  0.08802222, -0.00023985,  0.0123231 ]), array([ 0.02807075,  0.01617366,  0.00022562, -0.04008652]), array([-0.06523063, -0.04081595, -0.04473666,  0.0455287 ]), array([ 0.0704076 ,  0.04274798, -0.02596249, -0.00446973]), array([ 0.07289401, -0.03331455, -0.07416222, -0.00696062]), array([ 0.0741558 , -0.01934242, -0.04743564,  0.03241261]), array([ 0.05596883, -0.07361999,  0.01035651,  0.1072125 ]), array([ 0.0010341 , -0.01822237, -0.03509917, -0.07880742])]

Actions: [array([0.42862313, 1.        ]), array([0.44301465, 1.        ]), array([0.45249276, 1.        ]), array([0.4624301, 1.       ]), array([0.47071362, 1.        ]), array([0.48029178, 1.        ]), array([0.48844134, 1.        ]), array([0.50147434, 1.        ]), array([0.5080685, 1.       ]), array([0.5174699, 1.       ]), array([0.52633065, 1.        ]), array([0.53477885, 1.        ]), array([0.55314076, 1.        ]), array([0.57037247, 1.        ]), array([0.61078947, 1.        ]), array([0.72690409, 1.        ]), array([-0.0737854, -1.       ]), array([0.64501843, 1.        ]), array([0.64384731, 1.        ]), array([0.64337339, 1.        ]), array([0.64328465, 1.        ]), array([0.64397931, 1.        ]), array([0.6441497, 1.       ]), array([0.64467972, 1.        ]), array([0.6471406, 1.       ]), array([0.64797926, 1.        ]), array([0.72422527, 1.        ]), array([0.72886797, 1.        ]), array([0.7323026, 1.       ]), array([0.73701388, 1.        ]), array([0.74297389, 1.        ]), array([0.74580458, 1.        ]), array([0.74771892, 1.        ]), array([0.75333056, 1.        ]), array([0.75873122, 1.        ]), array([0.7677032, 1.       ]), array([0.66667285, 1.        ]), array([0.65818627, 1.        ]), array([0.65332812, 1.        ]), array([0.64374373, 1.        ]), array([0.62512428, 1.        ]), array([0.60771459, 1.        ]), array([0.57175808, 1.        ]), array([1.        , 0.42444091]), array([1.        , 0.33570413]), array([1.        , 0.25131137]), array([1.        , 0.17273126]), array([1.        , 0.08843513]), array([ 1.        , -0.00745653]), array([ 1.        , -0.11733885]), array([ 1.       , -0.2612404]), array([ 1.        , -0.64663718]), array([ 0.34686422, -1.        ]), array([ 0.28278077, -1.        ]), array([ 0.23050453, -1.        ]), array([ 0.18581844, -1.        ]), array([ 0.14676263, -1.        ]), array([ 0.11216461, -1.        ]), array([ 0.07949612, -1.        ]), array([ 0.05056307, -1.        ]), array([ 0.02243179, -1.        ]), array([-8.94941799e-04, -1.00000000e+00]), array([-0.02270159, -1.        ]), array([-0.04264481, -1.        ]), array([-0.06623959, -1.        ]), array([-0.08818362, -1.        ]), array([ 0.00712512, -1.        ]), array([-0.00111673, -1.        ]), array([-0.00825007, -1.        ]), array([-0.01977877, -1.        ])]
Bad
Feature: [19, 19, 4699.515321450453]

States: [array([-169.32055378,    1.33006168, -130.42075024,    0.74008429]), array([-167.90624834,    2.08970187, -129.72945725,    1.33322616]), array([-165.90635535,    2.64279998, -128.35612039,    1.89116722]), array([-163.2502261 ,    3.13472246, -126.51770773,    2.22186171]), array([-160.14354609,    3.47946204, -124.27708006,    2.55322394]), array([-156.61759806,    3.81530421, -121.67092003,    2.7253303 ]), array([-152.8262541 ,    4.10228377, -118.90170375,    2.978255  ]), array([-148.73838077,    4.24523985, -115.88994496,    3.12550212]), array([-144.58304852,    4.43042205, -112.79158976,    3.2376535 ]), array([-140.12169856,    4.52761523, -109.59227329,    3.29676517]), array([-135.66501966,    4.57972016, -106.24405183,    3.47249346]), array([-131.10819111,    4.68121883, -102.81476658,    3.56663249]), array([-126.46147127,    4.83867565,  -99.24266718,    3.60943254]), array([-121.63808138,    4.83885766,  -95.72002915,    3.60463643]), array([-116.77027744,    4.88024656,  -92.0906462 ,    3.64241934]), array([-111.92118925,    4.86609457,  -88.51378467,    3.66058101]), array([-107.09316987,    4.88941996,  -84.9226152 ,    3.64835117]), array([-102.15904025,    4.95243557,  -81.31644257,    3.6925035 ]), array([-97.26645396,   4.97887819, -77.62358872,   3.75606702]), array([-92.3153662 ,   5.04450991, -73.87635144,   3.79840977]), array([-87.43279068,   4.97607011, -70.0769593 ,   3.79698999]), array([-82.42622291,   4.94185499, -66.22223284,   3.74649509]), array([-77.40476838,   4.95935434, -62.481478  ,   3.72115104]), array([-72.45504797,   5.01253817, -58.79539021,   3.80172497]), array([-67.43433374,   5.11881451, -55.04905125,   3.79947126]), array([-62.26905686,   5.04733846, -51.22447778,   3.80958727]), array([-57.1999618 ,   5.14933564, -47.36743716,   3.82940358]), array([-52.1160194 ,   5.17346626, -43.58937255,   3.81762569]), array([-46.97286755,   5.09787824, -39.77031418,   3.84727263]), array([-41.91314464,   5.07160442, -35.90661171,   3.94393975]), array([-36.84970541,   5.08825565, -31.93144864,   3.96824572]), array([-31.7815072 ,   5.14191709, -27.98143275,   3.93848174]), array([-26.64971952,   5.04586201, -24.04674936,   3.99565627]), array([-21.64374049,   5.07311232, -20.018274  ,   4.07371289]), array([-16.66691436,   5.07651814, -15.97543624,   4.12608098]), array([-11.57873069,   5.16127368, -11.76320432,   4.14298647]), array([-6.48130019,  5.20714531, -7.64100624,  4.13724465]), array([-1.32896028,  5.11528367, -3.5093129 ,  4.21983688]), array([-0.03342918, -0.1085755 , -0.0315226 , -0.12806128]), array([-0.06831721,  0.03681018,  0.09661265,  0.06689377]), array([-0.0196432 ,  0.01099141, -0.01215906, -0.01269478]), array([0.0163708 , 0.05339184, 0.05598558, 0.00530543]), array([-0.04752675,  0.05010067,  0.0190173 , -0.06128561]), array([-0.06061183, -0.00049464, -0.03673208,  0.03203936]), array([-0.0375119 ,  0.04068601, -0.01744841,  0.04564872]), array([ 0.04080317, -0.06548211, -0.02977032,  0.06301048]), array([ 0.05444895, -0.00537796,  0.06718309, -0.06376453]), array([ 0.07093486, -0.01464834,  0.0174472 ,  0.07359761]), array([0.01896719, 0.04370849, 0.04039704, 0.0850294 ]), array([ 0.02541175, -0.03643644, -0.01797503, -0.06076603]), array([-0.03443968, -0.0326048 , -0.03591026, -0.00079834]), array([ 0.05706731,  0.02043047, -0.07875415, -0.0013935 ]), array([ 0.02066313, -0.00493213, -0.01682785, -0.01059322]), array([ 0.07345069,  0.0473661 ,  0.03895871, -0.01859559]), array([ 0.08675716,  0.00946196, -0.08162013, -0.01078231]), array([ 0.06261   ,  0.0094604 , -0.00241494, -0.03953807]), array([ 0.00324739, -0.0735775 ,  0.01505958, -0.00366028]), array([ 0.02684796, -0.02094914,  0.06232266, -0.03230741]), array([ 0.00829485, -0.15935084,  0.05895316,  0.01010764]), array([-0.01717183,  0.00471719,  0.01141949,  0.05176072]), array([ 0.01026708, -0.0737229 , -0.04248506,  0.07265722]), array([-0.09226649, -0.02372409, -0.01388737,  0.05994506]), array([-0.0097365 ,  0.02072479,  0.02973723,  0.03314016]), array([ 0.0279568 , -0.07279874,  0.03052934,  0.07209996]), array([-0.04371695, -0.07139103, -0.00849935,  0.02393504]), array([-0.08068284,  0.05596013, -0.07444701, -0.02869412]), array([-0.00344233,  0.04797401,  0.00075133, -0.06772083]), array([-0.04105677, -0.00812115, -0.07509025,  0.04352121]), array([0.01044072, 0.0752369 , 0.01143448, 0.07526114]), array([-0.02746728, -0.00732028, -0.06549982, -0.0028476 ]), array([ 0.10999285, -0.06224034,  0.05871587, -0.01503267]), array([ 0.02320423,  0.02176806,  0.06350076, -0.06745015]), array([-0.07035933, -0.029153  , -0.03595138,  0.0078582 ]), array([-0.08371073, -0.06109936, -0.09537844,  0.00850201]), array([-0.00544906, -0.09223391, -0.0003871 , -0.00745968]), array([0.06804664, 0.0237563 , 0.04324512, 0.05034238]), array([0.00600945, 0.06552716, 0.00802811, 0.02333385]), array([ 0.01705818,  0.01714087, -0.11513992,  0.04340589]), array([ 0.02764587, -0.01729688,  0.01979277,  0.05214092]), array([-0.04020646, -0.11146846,  0.1150532 , -0.0055772 ]), array([ 0.01655942, -0.00273085, -0.00587994,  0.01271145]), array([ 0.04281619, -0.03318999,  0.0231881 ,  0.02737965]), array([ 0.01564372, -0.04428176,  0.06218674, -0.01594146]), array([-0.00919576, -0.0094014 , -0.01903911,  0.0121625 ]), array([ 0.07842698, -0.04810005, -0.041839  , -0.01599302]), array([-0.07472417, -0.01091736,  0.04789343,  0.06029429]), array([-0.07497629,  0.10789506, -0.07030357,  0.04828094]), array([ 0.13273058, -0.01839989,  0.04261961, -0.02464185]), array([-0.05787087,  0.0503988 ,  0.06988288,  0.02567091]), array([-0.05712818, -0.01298856, -0.05968382, -0.03870217]), array([-0.03441183,  0.02180437,  0.04768468,  0.02614638]), array([-0.05340031,  0.11793784, -0.02586834,  0.03923782]), array([-0.0189982 ,  0.04317002, -0.062348  ,  0.05755095]), array([-0.01484687, -0.02625122, -0.047686  , -0.06571828]), array([-0.01514593,  0.11611224, -0.02349846, -0.03814519]), array([-0.00518009, -0.07037712,  0.00368754,  0.02134871]), array([-0.04789733,  0.03925152,  0.06000531,  0.08240437]), array([-0.14341735,  0.03767009, -0.02217971, -0.09328715]), array([0.01704554, 0.05655785, 0.08251421, 0.07053369]), array([-0.01658243,  0.04142484, -0.02923119, -0.01908509])]

Actions: [array([1.        , 0.75718027]), array([1.       , 0.7594429]), array([1.        , 0.76032045]), array([1.        , 0.76143073]), array([1.        , 0.76221131]), array([1.        , 0.76273124]), array([1.        , 0.76353394]), array([1.        , 0.76427064]), array([1.        , 0.76480679]), array([1.        , 0.76632668]), array([1.        , 0.76682143]), array([1.        , 0.76731765]), array([1.        , 0.76726548]), array([1.        , 0.76873204]), array([1.        , 0.76969796]), array([1.        , 0.77108883]), array([1.        , 0.77231987]), array([1.        , 0.77432495]), array([1.        , 0.77530922]), array([1.        , 0.77630068]), array([1.        , 0.77619706]), array([1.        , 0.77657813]), array([1.        , 0.77863339]), array([1.        , 0.78095562]), array([1.        , 0.78355048]), array([1.        , 0.78713472]), array([1.      , 0.789466]), array([1.        , 0.79399771]), array([1.        , 0.79964756]), array([1.        , 0.80401155]), array([1.        , 0.80662404]), array([1.        , 0.81098917]), array([1.        , 0.81955775]), array([1.        , 0.82300912]), array([1.        , 0.82622444]), array([1.        , 0.82550311]), array([1.        , 0.83902745])]