
Good
Feature: [0, 74, 8751.042704868578]

States: [array([-170.7748829 ,   -0.38608428, -129.90574126,   -0.95045714]), array([-171.17151141,   -0.25036934, -130.81841451,    0.30436957]), array([-1.71399787e+02,  4.71022712e-02, -1.30465675e+02,  1.20797107e+00]), array([-1.71288834e+02,  1.17823822e-01, -1.29223678e+02,  1.92614186e+00]), array([-171.25169168,    0.34691885, -127.30856891,    2.59228679]), array([-170.90221425,    0.43772419, -124.66111224,    3.06489155]), array([-170.43391641,    0.52840212, -121.63814256,    3.37550147]), array([-169.93324643,    0.58604361, -118.32767361,    3.73272553]), array([-169.31616081,    0.61475888, -114.63317299,    3.99426308]), array([-168.72007184,    0.69730758, -110.66799045,    4.14628539]), array([-167.94171494,    0.72649441, -106.47499217,    4.28581687]), array([-167.24981609,    0.8130642 , -102.14042533,    4.43434454]), array([-166.35885659,    0.79134312,  -97.69368091,    4.59196082]), array([-165.52341601,    1.38074933,  -93.09010965,    4.58741709]), array([-164.18691157,    1.53859516,  -88.42198176,    4.72356932]), array([-162.67925448,    1.59947306,  -83.69922662,    4.79171258]), array([-161.15854286,    1.79673031,  -78.97265878,    4.83601449]), array([-159.31165722,    2.00434643,  -74.1494964 ,    4.93293268]), array([-157.34064431,    2.25573874,  -69.15944836,    4.89561469]), array([-155.08459591,    2.67405803,  -64.33571518,    4.82887407]), array([-152.37494628,    3.08641816,  -59.48877051,    4.74372376]), array([-149.31326364,    3.46475797,  -54.77982918,    4.57679242]), array([-145.84155329,    3.70223626,  -50.16374842,    4.35605177]), array([-142.10847194,    3.9065482 ,  -45.88845582,    4.19500825]), array([-138.23863369,    4.0855663 ,  -41.73127693,    4.02706809]), array([-134.14362238,    4.23893432,  -37.70273837,    3.92850576]), array([-129.92851919,    4.36749722,  -33.73696379,    3.72633314]), array([-125.55532142,    4.4298101 ,  -30.06882424,    3.61575456]), array([-121.09870385,    4.49641531,  -26.42074354,    3.42624661]), array([-116.55336616,    4.17307504,  -22.98329861,    3.67217445]), array([-112.37651927,    3.89546517,  -19.36142093,    3.94929772]), array([-108.4952958 ,    3.65181542,  -15.375052  ,    4.17981439]), array([-104.8762239 ,    3.4820916 ,  -11.18882071,    4.37016256]), array([-101.37330833,    3.26505117,   -6.86196896,    4.50531216]), array([-98.09262422,   2.99536698,  -2.37161763,   4.60200386]), array([-95.10982511,   2.84968405,   2.19190678,   4.64007378]), array([-92.2417288 ,   2.70043745,   6.81768249,   4.70721913]), array([-89.49532882,   2.54084792,  11.61565029,   4.77257558]), array([-86.95531301,   2.26121268,  16.41378237,   4.7830155 ]), array([-84.73829666,   1.9905596 ,  21.07445768,   4.8356708 ]), array([-82.68719598,   1.73852708,  25.96531275,   4.89826198]), array([-80.99549375,   1.49808636,  30.75922918,   4.93845621]), array([-79.51155354,   1.20450658,  35.75780103,   4.94158189]), array([-78.35174098,   0.98961291,  40.68608714,   4.82932389]), array([-77.36024138,   0.8831963 ,  45.51547096,   4.76441562]), array([-76.38268331,   0.62802384,  50.23086358,   4.74993297]), array([-75.73482307,   1.53452306,  55.05966396,   3.58101552]), array([-74.08215831,   2.22980096,  58.68176328,   2.52753128]), array([-71.88000943,   2.78109361,  61.23463409,   1.61300391]), array([-69.05471936,   3.28417436,  62.87477305,   0.84342538]), array([-65.70322039,   3.64036077,  63.59748661,   0.14277821]), array([-62.00259367,   3.90269317,  63.81292597,  -0.4745747 ]), array([-58.12190632,   4.06467277,  63.29735236,  -0.85839636]), array([-54.0573599 ,   4.31896418,  62.49160017,  -0.73654491]), array([-49.75613905,   4.47792163,  61.77943802,  -0.76640433]), array([-45.36995204,   4.53693297,  61.03443281,  -0.83057916]), array([-40.83712297,   4.62609097,  60.20721424,  -0.75605887]), array([-36.21826914,   4.75400706,  59.51014587,  -0.86036031]), array([-31.36182724,   4.80027432,  58.59573345,  -0.74892345]), array([-26.54505511,   4.78548741,  57.81529005,  -0.77392849]), array([-21.6849141 ,   4.4044832 ,  57.01989006,  -1.56609808]), array([-17.3298766 ,   3.86041189,  55.45876437,  -2.28271008]), array([-13.53968559,   3.27432018,  53.14518808,  -2.78764375]), array([-10.16083011,   2.80501223,  50.31384696,  -3.17179418]), array([-7.45280174,  2.30152726, 47.17903183, -3.54422851]), array([-5.08972584,  1.86686396, 43.61065842, -3.8593518 ]), array([-3.23890286,  1.49480042, 39.76160853, -3.99123705]), array([-1.84634262,  1.15025877, 35.80319631, -4.16429744]), array([-0.62310344,  0.88028237, 31.60279416, -4.4278055 ]), array([ 0.31756652,  0.67701847, 27.15213679, -4.62216992]), array([ 1.02841898,  0.37698998, 22.59861464, -4.70687927]), array([ 1.44388558,  0.12073669, 17.99987162, -4.68518982]), array([ 1.61054746,  0.08560701, 13.32584404, -4.70919125]), array([ 1.73645034, -0.15890646,  8.6455344 , -4.67624279]), array([-0.03325549,  0.05933353, -0.0244889 ,  0.04018147]), array([-0.01220704,  0.03668601,  0.03210691,  0.0374215 ]), array([0.02463999, 0.06568368, 0.09506256, 0.0419381 ]), array([ 0.01154417,  0.0080612 , -0.04508012, -0.09034162]), array([ 0.06971593,  0.00557504,  0.04702179, -0.04121554]), array([-0.00895223,  0.02936897,  0.06766074, -0.03702953]), array([-0.00112126, -0.04102058,  0.04778606,  0.01351178]), array([ 0.02652978, -0.02458609,  0.03962932, -0.00553176]), array([-0.05579923,  0.00051594,  0.05232956,  0.03685858]), array([ 0.1310715 ,  0.07900907, -0.07501015,  0.04868537]), array([-0.04822887,  0.03634124,  0.04573305,  0.0591395 ]), array([-0.08365423,  0.09282425, -0.06527027,  0.01954356]), array([ 0.02308803, -0.14185965, -0.04772901,  0.03193547]), array([ 0.04586974, -0.06943832, -0.04384345,  0.05076128]), array([-0.01527367,  0.04217921,  0.00590697, -0.02895968]), array([ 0.07046781,  0.04879074, -0.02668031,  0.01623721]), array([-0.01809291,  0.06226581, -0.06035941, -0.03740524]), array([-0.09969094, -0.02833465,  0.0145533 ,  0.01084049]), array([ 0.08513253,  0.11129289,  0.02023312, -0.07325708]), array([-0.01592664,  0.00376604,  0.01824145, -0.07283701]), array([-0.03506936,  0.01546685, -0.10165033,  0.0230879 ]), array([-0.01129986, -0.09315446, -0.09407128, -0.07668987]), array([-0.06568401,  0.01591287,  0.05184297,  0.05980518]), array([ 0.0295466 , -0.1094547 ,  0.01446118,  0.07321355]), array([ 0.01556263,  0.02922343, -0.02292049, -0.05093794]), array([ 0.09783996, -0.04785694, -0.02914059, -0.04641993])]

Actions: [array([0.1501569, 1.       ]), array([0.15419956, 1.        ]), array([0.15862604, 1.        ]), array([0.16000044, 1.        ]), array([0.16443651, 1.        ]), array([0.16591549, 1.        ]), array([0.16651987, 1.        ]), array([0.16749799, 1.        ]), array([0.16753414, 1.        ]), array([0.2125027, 1.       ]), array([0.21481161, 1.        ]), array([0.22019187, 1.        ]), array([0.66251994, 1.        ]), array([0.44932619, 1.        ]), array([0.36152706, 1.        ]), array([0.51961928, 1.        ]), array([0.54246672, 1.        ]), array([0.65421487, 1.        ]), array([0.92314673, 1.        ]), array([1.        , 0.86029792]), array([1.        , 0.81527818]), array([1.        , 0.77338566]), array([1.        , 0.73425446]), array([1.        , 0.70062058]), array([1.        , 0.66598574]), array([1.        , 0.63142369]), array([1.        , 0.59241675]), array([1.        , 0.55534661]), array([0.59410528, 1.        ]), array([0.55171861, 1.        ]), array([0.51241719, 1.        ]), array([0.47668026, 1.        ]), array([0.44232627, 1.        ]), array([0.40531463, 1.        ]), array([0.45606773, 1.        ]), array([0.43455949, 1.        ]), array([0.34382516, 1.        ]), array([0.17701501, 1.        ]), array([0.14743587, 1.        ]), array([0.11829389, 1.        ]), array([0.0873621, 1.       ]), array([0.05763002, 1.        ]), array([0.02600459, 1.        ]), array([-0.00536667,  1.        ]), array([-0.04163053,  1.        ]), array([ 1.        , -0.26255547]), array([ 1.        , -0.33729529]), array([ 1.        , -0.40136779]), array([ 1.        , -0.45589398]), array([ 1.        , -0.50453154]), array([ 1.        , -0.54698621]), array([ 1.        , -0.58912273]), array([ 1.        , -0.16650747]), array([ 1.        , -0.16375393]), array([ 1.        , -0.16357009]), array([ 1.        , -0.16284782]), array([ 1.        , -0.16019883]), array([ 1.        , -0.16167697]), array([ 1.       , -0.1563242]), array([ 0.58029869, -1.        ]), array([ 0.30901411, -1.        ]), array([ 0.21997688, -1.        ]), array([ 0.14029777, -1.        ]), array([ 0.06254917, -1.        ]), array([ 0.07623041, -1.        ]), array([ 0.02686722, -1.        ]), array([-0.01850637, -1.        ]), array([-0.04744311, -1.        ]), array([-0.08285187, -1.        ]), array([-0.11950597, -1.        ]), array([-0.15976981, -1.        ]), array([-0.06669193, -1.        ]), array([-0.08424438, -1.        ])]
Bad
Feature: [19, 21, 5113.543621287776]

States: [array([-170.85117118,   -0.57913888, -129.51976147,    0.40900413]), array([-171.50970686,    0.6214277 , -129.1020615 ,    1.08712684]), array([-170.95925617,    1.52639098, -127.95326177,    1.52013452]), array([-169.46865222,    2.14907259, -126.4448532 ,    1.91864908]), array([-167.27511364,    2.72135405, -124.54041351,    2.3385675 ]), array([-164.52323787,    3.10483487, -122.15695029,    2.61205743]), array([-161.40929138,    3.48458446, -119.44026924,    2.77351725]), array([-158.01361457,    3.75053743, -116.66997413,    2.92133622]), array([-154.24921832,    4.00198174, -113.71877079,    3.01368065]), array([-150.26104411,    4.1716753 , -110.7322942 ,    3.16112852]), array([-146.01140087,    4.38421502, -107.59563154,    3.30295061]), array([-141.52748129,    4.4432105 , -104.36174747,    3.41976269]), array([-137.10516861,    4.57825409, -101.00802593,    3.52189382]), array([-132.51046399,    4.61516407,  -97.52043851,    3.51072789]), array([-127.97756855,    4.73194841,  -94.02433638,    3.5745854 ]), array([-123.24404964,    4.75039961,  -90.54850923,    3.42958816]), array([-118.53670209,    4.80747023,  -87.12760955,    3.48192507]), array([-113.66681549,    4.89072842,  -83.65476559,    3.44841471]), array([-108.81960206,    4.93360727,  -80.26235474,    3.49228105]), array([-103.86315617,    4.94444863,  -76.75909501,    3.53044516]), array([-98.82037511,   4.96142556, -73.24584113,   3.51660014]), array([-93.84650641,   4.9412819 , -69.62391179,   3.56734485]), array([-88.86217245,   4.95749542, -66.10307579,   3.50494311]), array([-83.97391769,   5.0098112 , -62.54961377,   3.4748219 ]), array([-78.85894356,   4.97855781, -59.08909506,   3.39345294]), array([-73.87469842,   5.00172842, -55.75932564,   3.35886398]), array([-68.84321144,   4.94717638, -52.457716  ,   3.45931276]), array([-63.87078962,   4.98046686, -49.01119499,   3.49879892]), array([-58.83978699,   4.9448063 , -45.52450003,   3.55979704]), array([-53.9523526 ,   4.87775072, -41.90062404,   3.47977902]), array([-49.09830588,   4.90752477, -38.38727082,   3.51595006]), array([-44.15476122,   4.80189411, -34.77958684,   3.45899967]), array([-39.44059031,   4.90071899, -31.33778218,   3.50618755]), array([-34.41542568,   4.8966342 , -27.79990948,   3.51556903]), array([-29.42110418,   4.83388216, -24.28479046,   3.5448454 ]), array([-24.52766839,   4.83440129, -20.6984482 ,   3.53334892]), array([-19.82205779,   4.93123818, -17.14302802,   3.68444256]), array([-14.85200635,   5.00825236, -13.42532079,   3.53436532]), array([-9.80671338,  4.9732187 , -9.91441976,  3.60347234]), array([-4.85616186,  5.02029816, -6.26269176,  3.54787007]), array([-0.06081845,  0.01522757,  0.00529377,  0.04305614]), array([-0.06040481,  0.02146966,  0.02204884, -0.05537856]), array([-0.0897058 , -0.01873526, -0.03676439, -0.02220354]), array([ 0.07465817,  0.00889121,  0.11019717, -0.06606762]), array([ 0.06746143, -0.0784467 , -0.01008281, -0.06246916]), array([ 0.00350702,  0.00398045, -0.0244485 , -0.08283316]), array([ 0.00772533,  0.02557851, -0.01384697,  0.02149043]), array([-0.0977682 ,  0.03133729,  0.0260704 ,  0.11507963]), array([0.04156999, 0.0104983 , 0.06315806, 0.04124859]), array([-0.01448897,  0.09925117, -0.02144102,  0.03224917]), array([ 0.00011879,  0.0223917 , -0.05499478, -0.06859679]), array([ 0.0584831 ,  0.02470515,  0.00978554, -0.03717385]), array([ 0.07307029, -0.03816937, -0.01128828,  0.02337522]), array([-0.0295427 , -0.04528887,  0.02423101,  0.04753724]), array([ 0.00752315, -0.00217638,  0.01179471, -0.07104453]), array([ 0.12409447, -0.0049248 ,  0.03865996,  0.00091691]), array([-0.04050744,  0.00064327, -0.00360615,  0.1423011 ]), array([-0.04330332, -0.03370256,  0.02327004, -0.02141691]), array([ 0.00031183, -0.02248362, -0.08028729, -0.04027086]), array([ 0.08747318,  0.00850295, -0.04590267, -0.00861796]), array([-0.07092726,  0.05821958,  0.03576004, -0.11946664]), array([0.05179134, 0.04778943, 0.02018658, 0.02249126]), array([ 0.00477195, -0.03859993,  0.05604889, -0.02230245]), array([ 0.0005688 , -0.01059104, -0.0106777 ,  0.02802941]), array([ 0.01737783, -0.06008875,  0.02870768,  0.06934422]), array([ 0.02566123,  0.00587476,  0.13745153, -0.13596972]), array([-0.04918447, -0.03127275, -0.05525724,  0.03610307]), array([0.00376538, 0.00651877, 0.02256957, 0.07026419]), array([-0.0169615 , -0.02654127, -0.01674341,  0.00725036]), array([ 0.04465836, -0.03774921,  0.01642373,  0.06191408]), array([-0.09797606,  0.01651266,  0.03865397,  0.03446505]), array([-0.00055041, -0.01580016, -0.04060362, -0.0046943 ]), array([-0.03591964, -0.06156192,  0.0253285 , -0.0538178 ]), array([-0.04601345, -0.04591557, -0.06275625,  0.05781605]), array([-0.00637142,  0.08355089, -0.04341524,  0.01637653]), array([0.00241409, 0.06752064, 0.12119027, 0.01652315]), array([ 0.01225291,  0.02425703, -0.01608421,  0.01624075]), array([ 0.04721375, -0.00302377, -0.02752852,  0.00343591]), array([0.01138184, 0.05172821, 0.01599793, 0.013663  ]), array([-0.0364808 , -0.06372107, -0.02900106,  0.00577233]), array([-0.07346811,  0.13772206,  0.01433406, -0.00656189]), array([ 0.02055168, -0.03287028,  0.01012507, -0.05178313]), array([-0.0414441 , -0.03183596, -0.03449708,  0.01948157]), array([-0.05284793,  0.00212941, -0.06543502,  0.05995905]), array([-0.02345821, -0.01755922,  0.07295705,  0.08255576]), array([-0.0689113 , -0.0364628 , -0.00457083,  0.06404639]), array([ 0.05745086,  0.11770457, -0.05385583, -0.11202581]), array([-0.05603307, -0.03816992,  0.00558535, -0.09850637]), array([ 0.01834353, -0.00810562, -0.0193375 , -0.08343065]), array([-0.00982108,  0.01136309,  0.04521079, -0.04037549]), array([-0.00212303, -0.06970072,  0.04571328,  0.03897259]), array([-0.08256511, -0.05953415,  0.048537  , -0.07402776]), array([-0.03036937, -0.04788891,  0.00081231, -0.09185485]), array([ 0.05515113,  0.0087143 , -0.01620881,  0.05089688]), array([ 0.00116255, -0.003966  ,  0.0552071 , -0.09583406]), array([ 0.01275548, -0.05195644, -0.06896986, -0.06954158]), array([ 0.00414447,  0.02175097, -0.04797386,  0.04440219]), array([-0.09443236,  0.01433238,  0.03052448,  0.06918204]), array([-0.05136649, -0.07321063, -0.09225124, -0.01762291]), array([-0.05084109, -0.02770204,  0.04870443,  0.03489492])]

Actions: [array([1.       , 0.7398831]), array([1.        , 0.73460244]), array([1.        , 0.73024437]), array([1.        , 0.72776454]), array([1.        , 0.72592135]), array([1.        , 0.72357427]), array([1.        , 0.72070012]), array([1.        , 0.71865397]), array([1.       , 0.7170583]), array([1.        , 0.71621416]), array([1.        , 0.71557655]), array([1.        , 0.71539763]), array([1.        , 0.71401034]), array([1.        , 0.71244713]), array([1.        , 0.71036123]), array([1.        , 0.70944071]), array([1.       , 0.7087539]), array([1.        , 0.70856634]), array([1.        , 0.70895428]), array([1.        , 0.70905681]), array([1.       , 0.7096888]), array([1.        , 0.70870667]), array([1.        , 0.70883736]), array([1.        , 0.70778187]), array([1.        , 0.70981149]), array([1.        , 0.71263388]), array([1.        , 0.71676765]), array([1.        , 0.71861216]), array([1.        , 0.72080378]), array([1.        , 0.71892694]), array([1.       , 0.7184439]), array([1.        , 0.71717101]), array([1.        , 0.71562041]), array([1.        , 0.71731957]), array([1.        , 0.71962167]), array([1.        , 0.71695956]), array([1.       , 0.7077279]), array([1.        , 0.69411462]), array([1.        , 0.69319493])]