
Good
Feature: [0, 79, 9045.37237510073]

States: [array([-169.75394322,    0.56688309, -130.60032391,   -0.5732903 ]), array([-169.10282519,    0.55471631, -131.13537303,    0.65211187]), array([-168.68185089,    0.53637272, -130.40929733,    1.50031799]), array([-168.17138913,    0.48506826, -128.97195975,    2.18845713]), array([-167.6694898 ,    0.39848768, -126.82588658,    2.72397699]), array([-167.32430264,    0.40620611, -124.189032  ,    3.17326271]), array([-166.87373155,    0.41241458, -121.07214573,    3.53929628]), array([-166.46782001,    0.37730709, -117.56058476,    3.72797976]), array([-166.12941005,    0.31435325, -113.82071735,    3.9379866 ]), array([-165.85418485,    0.34511192, -109.94273843,    4.16774527]), array([-165.53899109,    0.27396899, -105.74738354,    4.3056743 ]), array([-1.65252551e+02,  6.24632737e-02, -1.01416827e+02,  4.42423846e+00]), array([-165.19708529,    0.47264289,  -96.9910732 ,    4.56465816]), array([-164.80276157,    0.77598551,  -92.44420594,    4.63406184]), array([-164.01418373,    1.04085944,  -87.86300094,    4.75198044]), array([-162.98494355,    1.36463054,  -83.14412177,    4.7639457 ]), array([-161.54131213,    2.02793584,  -78.41190608,    4.67555663]), array([-159.45865323,    2.61453687,  -73.73943608,    4.52164391]), array([-156.81538502,    3.070332  ,  -69.23438768,    4.36610348]), array([-153.87191436,    3.48334448,  -64.8113061 ,    4.12926915]), array([-150.39001368,    3.81582242,  -60.70277672,    3.91858392]), array([-146.55766523,    4.01089943,  -56.77584278,    3.94709828]), array([-142.51388917,    4.27734935,  -52.81099569,    3.99914536]), array([-138.30032519,    4.37986531,  -48.8014374 ,    3.91330712]), array([-133.93471031,    4.56659437,  -44.92862781,    3.89034858]), array([-129.34748498,    4.72792952,  -41.00094203,    3.84713681]), array([-124.60523172,    4.81616074,  -37.08764238,    3.82402833]), array([-119.7998507 ,    4.82387823,  -33.29559494,    3.73286551]), array([-115.04489398,    4.88113745,  -29.44885444,    3.68930324]), array([-110.23125323,    4.9030136 ,  -25.81166279,    3.54972363]), array([-105.34264296,    4.89621992,  -22.21468334,    3.47621864]), array([-100.4818504 ,    4.87194939,  -18.84109555,    3.31940652]), array([-95.5866634,   4.9129099, -15.5308814,   3.1561222]), array([-90.72457884,   3.86264412, -12.40250656,   3.55140378]), array([-86.81661073,   3.01626503,  -8.84142163,   3.88216379]), array([-83.82946811,   2.29951996,  -4.97495439,   4.1248159 ]), array([-81.52685836,   1.56808656,  -0.7616326 ,   4.16416414]), array([-80.04978536,   1.01946139,   3.35383726,   4.41875534]), array([-79.01216196,   0.41411665,   7.76157173,   4.53550012]), array([-7.86899593e+01,  2.51029007e-02,  1.23334141e+01,  4.59223539e+00]), array([-78.66344508,  -0.32140577,  16.94667294,   4.64078242]), array([-78.98124774,  -0.66617806,  21.59859537,   4.71570708]), array([-79.6795399 ,  -0.94204703,  26.36902948,   4.69781868]), array([-80.60113066,  -1.30173227,  31.11698586,   4.72520662]), array([-8.19658145e+01, -6.21598960e-02,  3.58007209e+01,  4.60560205e+00]), array([-81.98562671,   0.84621284,  40.47307126,   4.38699569]), array([-81.16452469,   1.70370361,  44.86643129,   4.14364799]), array([-79.4609162 ,   2.35853474,  48.98777912,   3.85328545]), array([-77.10512664,   2.85305555,  52.8633239 ,   3.54128299]), array([-74.27667061,   3.27822709,  56.46581831,   3.21981562]), array([-70.957248  ,   3.62623734,  59.64495866,   2.93688814]), array([-67.39227974,   3.88916398,  62.56617746,   2.46337589]), array([-63.50551528,   4.1214467 ,  65.03968456,   2.02908811]), array([-59.41348424,   4.30817315,  67.03867002,   1.60423983]), array([-55.06260936,   4.44113614,  68.65417266,   1.29147456]), array([-50.67496548,   4.52944197,  69.8760181 ,   0.98907897]), array([-46.06265135,   4.63123741,  70.82995469,   0.66743123]), array([-41.34368187,   4.70697683,  71.49823564,   0.41671947]), array([-36.61936567,   4.77410879,  71.91674292,   0.16460993]), array([-31.79540608,   4.91110446,  72.00869922,  -0.23259308]), array([-26.85043725,   4.90065368,  71.78153077,  -0.40987945]), array([-21.85942926,   4.94588085,  71.35752297,  -0.54570479]), array([-16.85514218,   4.2666209 ,  70.7240186 ,  -1.42531799]), array([-12.50125142,   3.57113882,  69.25084375,  -2.18417159]), array([-8.96138961,  3.04406773, 66.99749509, -2.66933036]), array([-5.90995551,  2.38530387, 64.32998287, -3.20800588]), array([-3.46682053,  1.85937811, 61.28044239, -3.51720574]), array([-1.66127068,  1.52682086, 57.75162135, -3.75786138]), array([-0.12426106,  1.19208051, 53.92055915, -4.04737628]), array([ 0.99938523,  0.93095046, 49.85314284, -4.11601141]), array([ 1.91016699,  0.59371712, 45.75357208, -4.30143383]), array([ 2.4522621 ,  0.38294847, 41.49672187, -4.40497851]), array([ 2.79457245,  0.16524419, 37.18599701, -4.50788273]), array([ 2.95073368, -0.12646315, 32.74231347, -4.64384364]), array([ 2.86216889, -0.34818087, 28.06092023, -4.64026256]), array([ 2.5975547 , -0.49765024, 23.41511289, -4.77688768]), array([ 2.06965677, -0.61955392, 18.67074441, -4.78654679]), array([ 1.48269648, -0.69401595, 13.89818002, -4.8117007 ]), array([ 0.86751474, -0.95653698,  9.04147056, -4.88291371]), array([-0.0154196 ,  0.01090386, -0.00509015,  0.02598666]), array([ 0.02878649, -0.01964687, -0.0363014 ,  0.04561477]), array([ 0.00821622,  0.01512374, -0.00063463,  0.00525522]), array([-0.00528039, -0.03591685,  0.10747184, -0.00918272]), array([ 0.03301142,  0.05918447, -0.05421623,  0.06122815]), array([-0.0321418 ,  0.0374931 ,  0.14108019,  0.00981942]), array([ 0.04323174, -0.0469789 , -0.09761623,  0.00193242]), array([ 0.07995921, -0.0877653 , -0.08532256,  0.01722653]), array([ 0.04081583, -0.06787032,  0.01782918, -0.02484356]), array([-0.00101343,  0.00980743, -0.01104437,  0.07419965]), array([ 0.00599034, -0.01075085, -0.03316086, -0.02094148]), array([ 0.00683758,  0.06266298,  0.0263683 , -0.07608657]), array([ 0.00522892, -0.00462354,  0.07979851, -0.02914725]), array([ 0.04830428, -0.05599599, -0.02537312,  0.01813359]), array([-0.03678659, -0.00404234, -0.09068966,  0.0426712 ]), array([-0.03037926, -0.01054859, -0.05449675, -0.01000244]), array([-0.01503671, -0.02058666,  0.02743478,  0.00162464]), array([-0.14782832,  0.09687731, -0.02741333,  0.01060914]), array([ 0.04510266, -0.03379776,  0.01398859, -0.04650067]), array([ 0.03029848, -0.00697748,  0.03058751,  0.13437907]), array([-0.00346721, -0.05364492, -0.10431022, -0.02046951])]

Actions: [array([0.06543458, 1.        ]), array([0.05465239, 1.        ]), array([0.0485914, 1.       ]), array([0.04142359, 1.        ]), array([0.03446202, 1.        ]), array([0.02997586, 1.        ]), array([0.02330934, 1.        ]), array([0.016836, 1.      ]), array([0.01088951, 1.        ]), array([0.00539986, 1.        ]), array([-0.00224875,  1.        ]), array([0.38048312, 1.        ]), array([0.41693872, 1.        ]), array([0.4543599, 1.       ]), array([0.49073808, 1.        ]), array([1.        , 0.88144872]), array([1.        , 0.81043437]), array([1.        , 0.74643645]), array([1.        , 0.68888121]), array([1.        , 0.63052752]), array([1.        , 0.80994973]), array([1.        , 0.79368964]), array([1.        , 0.77746882]), array([1.        , 0.76014659]), array([1.        , 0.74555475]), array([1.        , 0.73035536]), array([1.        , 0.71466079]), array([1.        , 0.69965886]), array([1.        , 0.59891254]), array([1.        , 0.56759288]), array([1.        , 0.52475331]), array([1.        , 0.46734102]), array([-0.11560444,  1.        ]), array([-0.1030203,  1.       ]), array([-0.15724094,  1.        ]), array([-0.20519174,  1.        ]), array([-0.24994973,  1.        ]), array([-0.4419139,  1.       ]), array([-0.32458319,  1.        ]), array([-0.35590368,  1.        ]), array([-0.3873511,  1.       ]), array([-0.41801394,  1.        ]), array([-0.44771339,  1.        ]), array([1.        , 0.82284507]), array([1.        , 0.70341329]), array([1.        , 0.60706467]), array([1.        , 0.52561169]), array([1.        , 0.45565677]), array([1.        , 0.39162069]), array([1.        , 0.33066738]), array([1.        , 0.08514738]), array([1.        , 0.04525485]), array([1.       , 0.0080353]), array([ 1.        , -0.02607519]), array([ 1.        , -0.05852038]), array([ 1.        , -0.08875737]), array([ 1.        , -0.11953996]), array([ 1.        , -0.15068482]), array([ 1.        , -0.18312519]), array([ 1.        , -0.21561371]), array([ 1.        , -0.24907305]), array([ 0.29787258, -1.        ]), array([ 0.22577809, -1.        ]), array([ 0.06284485, -1.        ]), array([ 0.02131106, -1.        ]), array([-0.01652259, -1.        ]), array([-0.04928816, -1.        ]), array([-0.07656384, -1.        ]), array([-0.10318993, -1.        ]), array([-0.12705345, -1.        ]), array([-0.15068772, -1.        ]), array([-0.17170315, -1.        ]), array([-0.19251702, -1.        ]), array([-0.21378628, -1.        ]), array([-0.23505967, -1.        ]), array([-0.25669938, -1.        ]), array([-0.27730057, -1.        ]), array([-0.30294418, -1.        ])]
Bad
Feature: [19, 20, 4990.086875922851]

States: [array([-1.71076726e+02, -1.61930261e-01, -1.32283183e+02, -1.59992193e-01]), array([-171.1416904 ,    0.90366656, -132.41470196,    0.67751553]), array([-170.329504  ,    1.74402132, -131.70603526,    1.39194141]), array([-168.59669155,    2.40958404, -130.32276086,    1.9755832 ]), array([-166.21495245,    2.90261725, -128.28497172,    2.51305167]), array([-163.25342225,    3.3758076 , -125.79952502,    2.87217191]), array([-159.94331326,    3.64427842, -122.89049927,    3.06416739]), array([-156.33484264,    3.91049914, -119.90375231,    3.32505733]), array([-152.41473621,    4.08644457, -116.62001569,    3.53426791]), array([-148.3382812 ,    4.28352011, -113.08325781,    3.69252407]), array([-144.06943014,    4.56648726, -109.37442855,    3.70704789]), array([-139.54690353,    4.66889594, -105.64453772,    3.78230933]), array([-134.88851169,    4.70142754, -101.93671381,    3.76116582]), array([-130.19675934,    4.65840179,  -98.09716733,    3.79526686]), array([-125.48255582,    4.72812782,  -94.366257  ,    3.83480728]), array([-120.75953864,    4.78197606,  -90.56623483,    3.8201483 ]), array([-115.92709306,    4.81280923,  -86.86323197,    3.90775038]), array([-111.06384671,    4.83692951,  -82.92262318,    3.85926125]), array([-106.21010123,    4.91776012,  -79.15302284,    3.94101999]), array([-101.22044323,    4.95010731,  -75.20164712,    3.95316869]), array([-96.24378154,   5.02950974, -71.19385269,   3.93718034]), array([-91.19685234,   5.09982159, -67.26289452,   3.86417859]), array([-86.0372261 ,   5.08473374, -63.33250868,   3.84048348]), array([-80.97676803,   5.04155584, -59.42304493,   3.87707605]), array([-75.96586099,   5.03035509, -55.55482322,   3.8735095 ]), array([-70.8684348 ,   4.95216281, -51.66085409,   3.88828463]), array([-65.85198832,   4.94628973, -47.66190352,   3.88832279]), array([-60.90431899,   5.01039117, -43.77611951,   3.97280529]), array([-55.88754479,   5.01761427, -39.77984507,   3.87052543]), array([-50.93054433,   5.01698168, -35.90495134,   3.85540817]), array([-45.91307806,   4.98903779, -32.00544838,   3.92613275]), array([-40.94797422,   4.99561648, -28.09452719,   3.98105493]), array([-36.05118868,   5.01497142, -24.16139358,   3.92972078]), array([-31.15664354,   4.94911729, -20.23041839,   3.93410624]), array([-26.2214672 ,   4.91259652, -16.24809389,   3.91761384]), array([-21.29828575,   4.95588222, -12.35952383,   3.87196276]), array([-16.34600033,   5.02431403,  -8.45779662,   3.82706039]), array([-11.25757808,   4.95749617,  -4.71774301,   3.84307341]), array([-6.37978169,  4.91251068, -0.76082465,  3.86924746]), array([ 0.03387947, -0.07945846,  0.0092913 , -0.01167869]), array([ 0.01597512,  0.06829814, -0.02935011,  0.07095442]), array([-0.01848428, -0.05099144, -0.01956012,  0.06719038]), array([-0.01435405,  0.03507712, -0.03672639,  0.03302661]), array([ 0.01191131, -0.02958846, -0.04854736, -0.00269347]), array([-0.01926592,  0.0506152 , -0.02553192,  0.02966714]), array([ 0.01299104, -0.04797494, -0.02061631, -0.01119436]), array([0.02784037, 0.00590105, 0.00789083, 0.02252718]), array([ 0.01575878, -0.03091482,  0.03873178,  0.01408385]), array([ 0.0189085 , -0.02701702,  0.01943585,  0.06123269]), array([ 0.01897555, -0.07076412, -0.066414  , -0.02759059]), array([-0.01123073,  0.0285463 , -0.04905993,  0.0228973 ]), array([-0.03829084,  0.00328913,  0.0496472 ,  0.04771111]), array([ 0.02860753,  0.01160592,  0.05388841, -0.00334129]), array([ 0.04691168, -0.022833  , -0.06240072, -0.06928711]), array([-0.0497665 ,  0.09027631,  0.02661722,  0.0014375 ]), array([-0.02864467, -0.06528229, -0.04309277, -0.02509356]), array([ 0.02433811, -0.06300732,  0.03744398, -0.10309875]), array([-0.06667799,  0.08703451, -0.10473404, -0.00169065]), array([-0.05613582,  0.01748908,  0.03372465, -0.00802894]), array([ 0.09041019, -0.01692655, -0.04244753,  0.05033179]), array([ 0.04168798, -0.03836283,  0.01544302, -0.01460875]), array([ 0.00338318,  0.03357195, -0.03194115,  0.04745546]), array([ 0.04059091, -0.07478317,  0.01661071,  0.03154735]), array([ 0.05025597, -0.09013909,  0.02430198, -0.10558115]), array([ 0.01340661, -0.02099559, -0.03894834,  0.04840165]), array([0.0052086 , 0.00363658, 0.03591114, 0.00247307]), array([ 0.05274143,  0.04412154, -0.01895021,  0.00791427]), array([-0.0525288 ,  0.03173632,  0.04987185,  0.03009765]), array([-0.00698652, -0.09231625, -0.05643958,  0.02880476]), array([0.02611917, 0.01351158, 0.00570397, 0.00178178]), array([ 0.01220393, -0.03038775,  0.01071211,  0.00440733]), array([-0.02668693, -0.02361781,  0.03002001, -0.05439311]), array([0.07096592, 0.06585649, 0.04421521, 0.0347591 ]), array([ 0.05653036, -0.0075052 , -0.00469108,  0.08688405]), array([ 0.05681266, -0.01800632,  0.00896454, -0.03050702]), array([-0.04130211,  0.07066128,  0.01804459, -0.01162261]), array([ 0.10290569, -0.03331348, -0.07556981, -0.04074583]), array([0.03488719, 0.01758187, 0.03396852, 0.05914744]), array([-0.06043231, -0.09318452,  0.0067149 , -0.04842025]), array([0.01193582, 0.06221299, 0.04259208, 0.01685558]), array([-0.01515049, -0.00579735, -0.05074614,  0.0634973 ]), array([0.00819323, 0.00130179, 0.00083765, 0.03906307]), array([-0.04164928, -0.00937577,  0.04646859,  0.07149028]), array([-0.08186494, -0.04157439, -0.03666128, -0.02001609]), array([ 0.03037411, -0.07874597,  0.04417596,  0.00929681]), array([-0.03030818,  0.01919396,  0.06951324,  0.04774485]), array([ 0.07441421, -0.01058632, -0.06480129, -0.04859855]), array([ 0.05170281, -0.05660592,  0.0339815 , -0.05994488]), array([-0.0306799 ,  0.04114965, -0.06012624,  0.13172877]), array([-0.01858169, -0.00679927, -0.01130251,  0.00044868]), array([ 0.00030346,  0.03562135, -0.00330889, -0.00380242]), array([-0.023653  ,  0.07568481,  0.05765294,  0.02643174]), array([-0.0986378 , -0.02689029,  0.02050581,  0.02261455]), array([-0.07793214, -0.0435966 , -0.00808763, -0.02255525]), array([-0.00125252,  0.10939751, -0.05271022, -0.16604298]), array([ 0.00136692, -0.01777982, -0.00511044, -0.0809494 ]), array([-0.00226309,  0.02406264, -0.01472962,  0.02568678]), array([ 0.05021727, -0.01075084,  0.01367901, -0.03996486]), array([-0.06405964, -0.13275041, -0.03508595,  0.03015788]), array([-0.03270634,  0.06823005,  0.03169577, -0.07036099])]

Actions: [array([1.        , 0.82557113]), array([1.        , 0.82602516]), array([1.        , 0.82580387]), array([1.        , 0.82608606]), array([1.        , 0.82566433]), array([1.        , 0.82541859]), array([1.        , 0.82431597]), array([1.        , 0.79575551]), array([1.        , 0.79468043]), array([1.        , 0.79268181]), array([1.        , 0.79043232]), array([1.        , 0.78932379]), array([1.       , 0.7890958]), array([1.        , 0.78804447]), array([1.       , 0.7879181]), array([1.        , 0.78726879]), array([1.        , 0.78814071]), array([1.        , 0.78717463]), array([1.        , 0.78765436]), array([1.        , 0.78744525]), array([1.        , 0.78652494]), array([1.        , 0.78694609]), array([1.        , 0.78844957]), array([1.        , 0.78943817]), array([1.        , 0.79058496]), array([1.        , 0.79249287]), array([1.        , 0.79213889]), array([1.        , 0.79268462]), array([1.        , 0.79233724]), array([1.        , 0.79336429]), array([1.        , 0.79511692]), array([1.        , 0.79600969]), array([1.        , 0.79504287]), array([1.        , 0.79378804]), array([1.        , 0.79135269]), array([1.        , 0.79169381]), array([1.        , 0.79282619]), array([1.        , 0.81805437])]