
Good
Feature: [0, 84, 9853.817985289546]

States: [array([-168.63519195,   -1.15556693, -128.83418483,    0.62224298]), array([-169.74137575,   -0.95391281, -128.16110758,    1.42737425]), array([-170.69793282,   -0.79874217, -126.82138197,    2.11235459]), array([-171.50185919,   -0.68888144, -124.73340672,    2.67437413]), array([-172.21049739,   -0.62147927, -122.06815472,    3.15278909]), array([-172.87344254,   -0.4801281 , -118.85330929,    3.51431545]), array([-173.38584299,   -0.32474307, -115.30723478,    3.82944769]), array([-173.6952872 ,   -0.22685472, -111.53880541,    4.07928355]), array([-1.73861866e+02,  1.48926884e-01, -1.07415945e+02,  4.26179358e+00]), array([-173.70416913,    0.44682261, -103.15480575,    4.38323168]), array([-173.24403684,    0.71219958,  -98.77127802,    4.48405643]), array([-172.50969133,    0.95920958,  -94.27461833,    4.5865352 ]), array([-171.5469027 ,    1.2109166 ,  -89.68717124,    4.68154926]), array([-170.25791766,    1.34514624,  -84.96883047,    4.73654515]), array([-168.92399098,    1.60084225,  -80.24119454,    4.80341   ]), array([-167.2607897 ,    1.87007083,  -75.44425679,    4.89772006]), array([-165.44999018,    2.16711198,  -70.53373734,    4.94006035]), array([-163.29595879,    2.38432425,  -65.72476795,    4.95059877]), array([-161.02257892,    2.93810253,  -60.76041575,    4.34740684]), array([-158.15276772,    3.32435806,  -56.48105913,    3.66339273]), array([-154.82647253,    3.6480618 ,  -52.75037679,    3.05445863]), array([-151.16900136,    3.98245763,  -49.7227192 ,    2.42670867]), array([-147.10850921,    4.22158491,  -47.34404863,    1.77862044]), array([-142.90600115,    4.44506764,  -45.44260456,    0.97577447]), array([-138.39855013,    4.49555158,  -44.50792417,    0.73754704]), array([-133.76729424,    4.65164974,  -43.76295624,    0.64791297]), array([-129.13831454,    4.71927212,  -43.13893679,    0.46830454]), array([-124.4536458 ,    4.78452243,  -42.59663764,    0.26783046]), array([-1.19797284e+02,  4.76759827e+00, -4.23080683e+01,  3.41770041e-02]), array([-114.95516129,    4.78063988,  -42.32582165,   -0.14793341]), array([-110.187868  ,    4.81600697,  -42.46069355,   -0.37544024]), array([-105.35329636,    4.14014671,  -42.77183402,    0.71246056]), array([-101.25986867,    3.51072745,  -42.09805192,    1.52022733]), array([-97.74753031,   2.9183935 , -40.57140779,   2.32726348]), array([-94.7812863 ,   2.31162478, -38.20943144,   2.85785428]), array([-92.4581149 ,   1.81384126, -35.41031436,   3.24473056]), array([-90.70942273,   1.39927058, -32.2149123 ,   3.52541508]), array([-89.34202227,   1.12645021, -28.67863979,   3.86947636]), array([-88.15733894,   0.69024963, -24.86113147,   4.11350334]), array([-87.49361564,   0.24308708, -20.80470162,   4.43266895]), array([-8.72396277e+01,  1.21716281e-02, -1.63924596e+01,  4.51949701e+00]), array([-87.21438991,  -0.31407565, -11.84076972,   4.62549702]), array([-87.51337513,  -0.50361432,  -7.23223314,   4.68654639]), array([-88.01755087,  -0.62961674,  -2.51858436,   4.74455913]), array([-88.64309095,  -0.7509128 ,   2.2121966 ,   4.73760059]), array([-89.38709496,  -0.72665645,   6.89043076,   4.73532497]), array([-90.12348224,  -0.76857292,  11.59391968,   4.87991274]), array([-90.77692295,  -0.83102558,  16.45623783,   4.85863111]), array([-91.57788045,  -0.810178  ,  21.29548409,   4.9780587 ]), array([-92.4060013 ,  -0.8320179 ,  26.27254703,   4.92783464]), array([-9.32620088e+01,  1.32212784e-02,  3.12287890e+01,  5.00036644e+00]), array([-93.25378128,   0.87409777,  36.2374099 ,   5.03041601]), array([-92.43924574,   1.69801893,  41.2526918 ,   4.98807479]), array([-90.73307897,   2.43982079,  46.31359828,   4.78054633]), array([-88.31214166,   2.88061504,  51.04183424,   4.43195763]), array([-85.46943164,   3.29986525,  55.5772561 ,   3.94291594]), array([-82.12586733,   3.59352427,  59.47731436,   3.48033021]), array([-78.54763845,   3.76641787,  63.01187277,   2.77021411]), array([-74.77757818,   4.06934516,  65.77263276,   2.15516636]), array([-70.79263626,   4.28549539,  67.98132652,   1.62662993]), array([-66.51276809,   4.38295241,  69.61411094,   1.2220329 ]), array([-62.18214863,   4.44907059,  70.83150815,   0.63138444]), array([-5.77389528e+01,  4.51102282e+00,  7.14878746e+01,  2.92879399e-02]), array([-53.2472279 ,   4.65981246,  71.49465132,  -0.49365894]), array([-48.55358888,   4.75221276,  71.08085429,  -0.86722937]), array([-43.84914031,   4.7646514 ,  70.20342435,  -1.13794209]), array([-39.15833949,   4.83647316,  69.0279359 ,  -1.26128446]), array([-34.27645953,   4.87009389,  67.74209751,  -1.33316737]), array([-29.39672649,   4.88251463,  66.50988144,  -1.80641692]), array([-24.47973519,   4.94671057,  64.71127386,  -2.41597397]), array([-19.48446248,   4.74716492,  62.33468913,  -3.00800546]), array([-14.74400323,   3.92341332,  59.29521929,  -3.40210025]), array([-10.84537441,   3.12310978,  55.86964521,  -3.75884513]), array([-7.66924347,  2.40717148, 52.05069368, -4.03077353]), array([-5.26723701,  1.74440223, 48.01615587, -4.19944178]), array([-3.5399363 ,  1.36995413, 43.77960819, -4.42834233]), array([-2.19613099,  1.11043118, 39.34306089, -4.50933071]), array([-0.98848296,  0.95081275, 34.80729792, -4.6249381 ]), array([-0.04826349,  0.71219857, 30.14756766, -4.65956689]), array([ 0.62843342,  0.52667161, 25.48414888, -4.67304241]), array([ 1.17407564,  0.37426341, 20.76276508, -4.76496208]), array([ 1.53017702,  0.30552477, 15.93403949, -4.86668291]), array([ 1.86697469,  0.22824312, 11.0261973 , -4.93043342]), array([ 2.10160126,  0.13365972,  6.02222279, -4.86130501]), array([-0.04461059, -0.05191041,  0.01313134,  0.00209165]), array([-0.02638049, -0.00334136, -0.00790164,  0.0433267 ]), array([ 0.06394933, -0.11292013,  0.01968589,  0.01107491]), array([ 0.04538787, -0.02689025, -0.06148852,  0.03048425]), array([-0.03725303, -0.01535131,  0.03760517, -0.01499669]), array([ 0.03026872, -0.05922234,  0.00811511,  0.11259095]), array([ 0.0514667 ,  0.0026707 , -0.03628819, -0.05055061]), array([ 0.08616936, -0.00172787, -0.07780086,  0.04084287]), array([ 0.09854757,  0.04587614, -0.00259512,  0.04834991]), array([-0.05739198,  0.03985321,  0.01773242,  0.09730559]), array([-0.06452184, -0.07575975, -0.01368164,  0.02466295]), array([-0.02199158, -0.09694567, -0.10820731,  0.01982813]), array([-0.06854113, -0.06193636, -0.0260516 ,  0.08152468]), array([-0.0047591 ,  0.02030824, -0.01291512,  0.00755786]), array([-0.03150245,  0.05384506,  0.0014893 ,  0.03934689]), array([ 0.00392091, -0.03074757, -0.04289186,  0.04642113])]

Actions: [array([-0.05914621,  1.        ]), array([-0.04103382,  1.        ]), array([-0.02536384,  1.        ]), array([-0.01182013,  1.        ]), array([0.00100866, 1.        ]), array([0.01444864, 1.        ]), array([0.02669588, 1.        ]), array([0.31076104, 1.        ]), array([0.33621457, 1.        ]), array([0.36044457, 1.        ]), array([0.3836616, 1.       ]), array([0.40631535, 1.        ]), array([0.42933267, 1.        ]), array([0.5554301, 1.       ]), array([0.59136189, 1.        ]), array([0.62902491, 1.        ]), array([0.6777158, 1.       ]), array([1.        , 0.36344474]), array([1.        , 0.22407678]), array([1.        , 0.08850591]), array([ 1.        , -0.05774498]), array([ 1.        , -0.22100741]), array([ 1.        , -0.42864447]), array([ 1.        , -0.03096886]), array([ 1.        , -0.05504034]), array([ 1.        , -0.08003897]), array([ 1.        , -0.10815801]), array([ 1.        , -0.14234524]), array([ 1.        , -0.17889866]), array([ 1.        , -0.21895039]), array([0.24181466, 1.        ]), array([0.15887924, 1.        ]), array([0.09076703, 1.        ]), array([0.03157808, 1.        ]), array([-0.02134585,  1.        ]), array([-0.06731367,  1.        ]), array([-0.1053406,  1.       ]), array([-0.13921927,  1.        ]), array([-0.17531865,  1.        ]), array([-0.2069375,  1.       ]), array([-0.23680736,  1.        ]), array([-0.17894029,  1.        ]), array([-0.19083416,  1.        ]), array([-0.20084735,  1.        ]), array([-0.21018851,  1.        ]), array([-0.21814582,  1.        ]), array([-0.22956304,  1.        ]), array([-0.11663878,  1.        ]), array([-0.10736018,  1.        ]), array([0.75131748, 1.        ]), array([0.89611537, 1.        ]), array([1.        , 0.93948374]), array([1.        , 0.78504857]), array([1.        , 0.64088175]), array([1.        , 0.50508341]), array([1.        , 0.35425107]), array([1.        , 0.02025079]), array([ 1.        , -0.02582425]), array([ 1.        , -0.06587058]), array([ 1.        , -0.10254299]), array([ 1.        , -0.36151888]), array([ 1.        , -0.41317479]), array([ 1.        , -0.46359066]), array([ 1.        , -0.51007625]), array([ 1.        , -0.37697628]), array([ 1.        , -0.39773531]), array([ 1.        , -0.41567545]), array([ 1.        , -0.79363883]), array([ 1.        , -0.89968096]), array([ 0.77545434, -1.        ]), array([ 0.20985813, -1.        ]), array([ 0.07066322, -1.        ]), array([-0.06971364, -1.        ]), array([-0.22457094, -1.        ]), array([-0.01411579, -1.        ]), array([-0.04557038, -1.        ]), array([ 0.0568455, -1.       ]), array([ 0.04110531, -1.        ]), array([ 0.02765999, -1.        ]), array([ 0.01692482, -1.        ]), array([ 0.00686545, -1.        ]), array([-9.22154788e-04, -1.00000000e+00]), array([-0.03908044, -1.        ])]
Bad
Feature: [18, 22, 5179.473623537197]

States: [array([-170.84602244,   -0.7973669 , -130.7827167 ,   -0.27774334]), array([-171.65580799,    0.28935157, -131.04634592,    0.53387382]), array([-171.34924797,    1.26586308, -130.53051321,    1.17918918]), array([-170.06837186,    2.01381295, -129.39379243,    1.72354523]), array([-168.02774221,    2.59214757, -127.65856633,    2.22502335]), array([-165.37997068,    3.02576787, -125.45214673,    2.54561578]), array([-162.36123792,    3.42862734, -122.81051908,    2.7402679 ]), array([-158.84907682,    3.75126849, -120.09976905,    2.95835509]), array([-155.05080466,    3.92652828, -117.13362092,    3.05211863]), array([-151.13215275,    4.16335107, -114.05115691,    3.30687953]), array([-146.88500962,    4.30790045, -110.79964646,    3.36850823]), array([-142.53743806,    4.45093522, -107.50849172,    3.41987445]), array([-138.09376134,    4.52585976, -104.07760453,    3.43416912]), array([-133.55788414,    4.64182792, -100.57896311,    3.57229015]), array([-128.93684302,    4.66633874,  -96.98426633,    3.60332444]), array([-124.27763785,    4.76419856,  -93.35181751,    3.62102454]), array([-119.52083344,    4.86641988,  -89.85453798,    3.65444072]), array([-114.70142968,    4.8069115 ,  -86.19067729,    3.73315131]), array([-109.90056054,    4.81856132,  -82.37231144,    3.65985434]), array([-105.11755187,    4.85304632,  -78.71044181,    3.78337215]), array([-100.21215028,    4.84792825,  -74.92158007,    3.74908214]), array([-95.3612806 ,   4.85527171, -71.12589806,   3.73370295]), array([-90.52912947,   4.9541024 , -67.34723556,   3.72425891]), array([-85.518636  ,   4.96500937, -63.64090393,   3.72847038]), array([-80.52933455,   5.01786415, -59.92706398,   3.75806601]), array([-75.47504344,   5.01617694, -56.19925911,   3.7870219 ]), array([-70.4506173 ,   4.97869008, -52.49258933,   3.73307434]), array([-65.38109215,   4.9040055 , -48.62332665,   3.76947393]), array([-60.53689281,   4.90256244, -44.86747528,   3.74615239]), array([-55.70601866,   4.93778845, -41.09566474,   3.73070141]), array([-50.79543623,   4.86159567, -37.27775744,   3.69197477]), array([-45.89467855,   4.92133065, -33.61773894,   3.70258987]), array([-41.00928046,   4.86196363, -29.83005214,   3.71526176]), array([-36.14970765,   4.85659324, -26.06245084,   3.68566252]), array([-31.31474212,   4.85826881, -22.33921133,   3.68531025]), array([-26.53579394,   4.97324918, -18.65464228,   3.74438325]), array([-21.55768723,   4.96226557, -14.94523921,   3.79408609]), array([-16.65338815,   4.9872169 , -11.18203706,   3.81785547]), array([-11.61465935,   4.95558008,  -7.38037192,   3.84508636]), array([-6.56142575,  4.94974062, -3.52871056,  3.94740139]), array([ 0.03463996,  0.00402025,  0.0007372 , -0.11732702]), array([ 0.02140675, -0.02738181, -0.0737311 ,  0.01509435]), array([-0.05025694,  0.00310181, -0.06374421,  0.00620052]), array([-0.00911941, -0.01505791, -0.04662206,  0.01501984]), array([ 0.02662412,  0.00665875,  0.0434132 , -0.10980472]), array([-0.03317984,  0.01921757,  0.02556077, -0.02034552]), array([-0.02224932, -0.0425116 ,  0.04862755, -0.07209389]), array([-0.01232133, -0.03046201, -0.10550979,  0.00628133]), array([ 0.03592916,  0.06979011, -0.0577471 ,  0.00152533]), array([0.02486104, 0.04409767, 0.00116804, 0.02016868]), array([ 0.06581587, -0.02862009, -0.00831551, -0.07076808]), array([-0.07423482,  0.01917039, -0.01541615,  0.01043333]), array([-0.01663294,  0.08068781,  0.01176224,  0.14558419]), array([-0.03768164,  0.02292157, -0.05259365,  0.10215942]), array([-0.02343259,  0.00469092,  0.01112912, -0.02954842]), array([ 0.0390702 ,  0.04380792, -0.01571371, -0.04765475]), array([-0.02627716, -0.0337429 ,  0.03768382,  0.01220263]), array([-0.03791826, -0.01845338,  0.0083219 , -0.12538864]), array([ 0.01563621, -0.02893941, -0.01420067,  0.00695738]), array([-0.01719849, -0.02689511, -0.0125908 , -0.09621812]), array([-0.12113031, -0.02689811,  0.06774378,  0.08809154]), array([ 0.01937686,  0.01566602, -0.02870898,  0.03492415]), array([ 0.01359974, -0.05762141, -0.00965018,  0.00448606]), array([-0.06878758,  0.01214165, -0.01175058,  0.04119882]), array([ 0.01023941,  0.02646685, -0.01968425,  0.0073852 ]), array([-0.03364308,  0.06542708, -0.06457912,  0.03822034]), array([ 0.05664114,  0.05377433, -0.05759626,  0.01597783]), array([-0.09114033, -0.0537747 ,  0.08729206,  0.04914762]), array([ 0.01784848, -0.00100281, -0.00021473,  0.0384982 ]), array([ 0.05379919,  0.01806645, -0.07534002,  0.05647253]), array([ 0.00982811, -0.05268632,  0.00835368,  0.00374946]), array([-0.06204752, -0.04324053, -0.00848228, -0.01274272]), array([ 0.03298246, -0.09006572,  0.00867429,  0.01351604]), array([ 0.04004059, -0.01428662, -0.00343843, -0.05631617]), array([ 0.06413357, -0.02136851,  0.01111498, -0.00906906]), array([ 0.03934223, -0.00138755,  0.01229342, -0.00045214]), array([-0.02766117, -0.07061   ,  0.00361345,  0.01491913]), array([ 0.01640507, -0.04236679,  0.04409319, -0.09972989]), array([ 0.04737288,  0.01316688,  0.03883811, -0.02105374]), array([ 0.02553344,  0.01539826, -0.03824054, -0.08589521]), array([ 0.00524101, -0.04108508, -0.06544377, -0.00766139]), array([ 0.0617061 , -0.06080138,  0.04031078,  0.02071163]), array([-0.01208499, -0.0020552 , -0.03010188, -0.08732272]), array([ 0.07322352,  0.06253547, -0.07808573, -0.01077828]), array([-0.07264972, -0.0118381 ,  0.00531598, -0.01623851]), array([-0.00146892, -0.08528724,  0.00973202, -0.03010488]), array([ 0.03722651, -0.02174344,  0.03152827, -0.0547962 ]), array([-0.05742248,  0.04254842, -0.00461925, -0.02983348]), array([-0.08586988, -0.06322078, -0.0560854 ,  0.02404152]), array([ 0.02773273, -0.00984387,  0.06855401, -0.02772275]), array([ 0.05081616, -0.02128042, -0.04367403, -0.08433851]), array([-0.03200591, -0.00704586, -0.03911518, -0.0819433 ]), array([-0.03369195, -0.05957226,  0.03898376,  0.01714258]), array([ 0.02391922, -0.01740417,  0.00548985,  0.01922866]), array([ 0.00650286,  0.00935084, -0.01268936, -0.05156132]), array([-0.02786327, -0.0439068 ,  0.03727017,  0.03118403]), array([-0.1084534 ,  0.003207  ,  0.01934966, -0.02335374]), array([-0.05024461,  0.05643499,  0.02947729, -0.01649773]), array([-0.05600779,  0.02870849, -0.02982964, -0.03419731]), array([ 0.00777697, -0.02014929, -0.0484598 ,  0.01911868])]

Actions: [array([1.        , 0.77621114]), array([1.        , 0.77409015]), array([1.        , 0.77246847]), array([1.        , 0.77160449]), array([1.        , 0.77065058]), array([1.       , 0.7696498]), array([1.        , 0.76769445]), array([1.        , 0.76760351]), array([1.        , 0.76727813]), array([1.        , 0.76677813]), array([1.       , 0.7668128]), array([1.        , 0.76711095]), array([1.        , 0.76695143]), array([1.        , 0.76680329]), array([1.        , 0.76640692]), array([1.        , 0.76591284]), array([1.        , 0.76713043]), array([1.       , 0.7674193]), array([1.        , 0.76620369]), array([1.        , 0.76623108]), array([1.        , 0.76593102]), array([1.        , 0.76509302]), array([1.        , 0.76419546]), array([1.        , 0.76562309]), array([1.        , 0.76693386]), array([1.        , 0.76889097]), array([1.        , 0.77110068]), array([1.        , 0.77170647]), array([1.        , 0.77141846]), array([1.        , 0.77061315]), array([1.      , 0.769954]), array([1.        , 0.77240205]), array([1.        , 0.77205927]), array([1.        , 0.77162912]), array([1.       , 0.7718675]), array([1.        , 0.77202139]), array([1.        , 0.77811411]), array([1.        , 0.78121568]), array([1.        , 0.79242137])]