
Good
Feature: [2, 64, 7462.279285395306]

States: [array([-167.10521517,    0.31721113, -129.78308335,    1.78879785]), array([-166.68178666,    0.42222619, -128.00462428,    2.43824846]), array([-166.29529399,    0.48718652, -125.56854228,    2.85823076]), array([-165.78633118,    0.47627064, -122.7286319 ,    3.31220623]), array([-165.32879273,    0.52179756, -119.50557953,    3.59833793]), array([-164.72927286,    0.49782946, -115.95390291,    3.88582075]), array([-164.16853969,    0.50291089, -112.14091543,    4.10986603]), array([-163.66292542,    0.47315941, -108.0464993 ,    4.31013504]), array([-163.26131182,    0.45097038, -103.80234482,    4.49470747]), array([-162.81709883,    0.95678198,  -99.28774355,    4.65306589]), array([-161.91129534,    1.34208745,  -94.5980076 ,    4.70096421]), array([-160.64331773,    1.66547652,  -89.84543691,    4.7726927 ]), array([-158.95719733,    1.93766953,  -85.08335692,    4.83345007]), array([-157.09434043,    2.17955524,  -80.29800154,    4.87056965]), array([-154.84309888,    2.35597592,  -75.50995402,    4.94087061]), array([-152.41345885,    2.48911885,  -70.53684904,    4.96329429]), array([-149.91926777,    2.62849088,  -65.50540695,    4.98511089]), array([-147.32059902,    2.78270339,  -60.65948067,    5.0319433 ]), array([-144.47570087,    2.86517202,  -55.67742396,    5.04678173]), array([-141.60625778,    3.02275034,  -50.60236279,    5.06891507]), array([-138.49775065,    3.075989  ,  -45.43841398,    5.13029616]), array([-135.45761091,    3.12071642,  -40.30971834,    5.0229758 ]), array([-132.29862808,    3.09217378,  -35.38303464,    5.00761326]), array([-129.22500997,    3.18139199,  -30.37020879,    5.03903585]), array([-126.08862503,    3.13388182,  -25.26330576,    5.02593863]), array([-122.97635242,    3.3106053 ,  -20.18293437,    5.03618756]), array([-119.55067154,    3.36562146,  -15.11523609,    5.02014429]), array([-116.20075196,    3.39442404,  -10.12513923,    5.01347364]), array([-112.89589366,    3.21544914,   -5.06319915,    5.06145892]), array([-1.09791121e+02,  3.11772511e+00, -3.41491264e-03,  5.06994597e+00]), array([-106.62966113,    3.00204809,    5.18941548,    5.1100413 ]), array([-103.65956332,    2.93276295,   10.23862559,    5.05507689]), array([-100.77922825,    3.16122415,   15.27214539,    5.00963201]), array([-97.55824663,   3.27855081,  20.30597378,   4.99636671]), array([-94.2888868 ,   3.48441887,  25.32909103,   4.97226945]), array([-90.77248372,   3.59443751,  30.23467069,   5.08343056]), array([-87.15266332,   3.72097117,  35.28223266,   5.04152575]), array([-83.46816782,   3.86504821,  40.34109911,   5.01563725]), array([-79.55317608,   4.04093594,  45.35897678,   4.96515196]), array([-75.44847927,   4.23928809,  50.32743436,   3.54971995]), array([-71.2562346 ,   4.3678808 ,  53.89768484,   2.3358523 ]), array([-66.92401429,   4.49974427,  56.24887542,   1.23056768]), array([-62.43440753,   4.64957613,  57.45942934,   0.20239113]), array([-57.82123469,   4.68889804,  57.7262554 ,  -0.84677214]), array([-53.12067358,   4.67912186,  56.82966791,  -1.7173043 ]), array([-48.40360468,   4.66204025,  55.14963015,  -2.38951126]), array([-43.70747876,   4.63372731,  52.77248268,  -2.63249147]), array([-39.07880748,   4.78884873,  50.13764453,  -2.8344223 ]), array([-34.27749097,   4.8337467 ,  47.25349906,  -1.64361732]), array([-29.51029113,   4.9611671 ,  45.55640307,  -0.51901652]), array([-24.53473359,   4.95092075,  44.98207941,   0.61506915]), array([-19.64539057,   4.70399395,  45.65150501,   1.51227705]), array([-14.97859798,   3.96977014,  47.07118475,   0.23557218]), array([-11.03151153,   3.31332778,  47.33545883,  -0.82801385]), array([-7.77248909,  2.71919674, 46.4620323 , -1.630054  ]), array([-5.09452259,  2.18989634, 44.93108847, -2.30047259]), array([-2.88377771,  1.77391358, 42.5982318 , -2.78367424]), array([-1.06301251,  1.42895774, 39.81470575, -3.21192364]), array([ 0.39256702,  1.16627419, 36.63388652, -3.60095981]), array([ 1.63977514,  0.83399042, 33.00113215, -3.79807964]), array([ 2.51020629,  0.49088064, 29.18626646, -4.0553365 ]), array([ 3.01072056,  0.34241686, 25.1197087 , -4.12349976]), array([ 3.29927916,  0.15258542, 21.0007683 , -4.34474287]), array([ 3.44551586, -0.10486928, 16.76058995, -4.46171867]), array([ 3.30391312, -0.26535661, 12.25089653, -4.57253348]), array([ 3.08221334, -0.53470525,  7.75923517, -4.64751   ]), array([-0.04988997, -0.04837705,  0.01247487, -0.07507151]), array([-0.0147098 ,  0.00701682, -0.0915057 , -0.02584563]), array([ 0.02315383, -0.00868445,  0.00167687, -0.02779489]), array([ 0.06207935,  0.00936371, -0.03375529, -0.01441725]), array([-0.09060555, -0.01757207, -0.04842594,  0.03516544]), array([ 0.06444294, -0.03415239, -0.01173913,  0.01707385]), array([0.00123878, 0.03604781, 0.02561742, 0.06478911]), array([-0.05664599, -0.08064631,  0.00874838,  0.01917504]), array([ 0.00027638, -0.11454909,  0.01306513, -0.0755464 ]), array([ 0.0101368 , -0.05452666, -0.09431775, -0.01889972]), array([-0.01322243,  0.12004672,  0.10594685, -0.05140006]), array([ 0.02885324, -0.03818387,  0.06999782, -0.05879151]), array([-0.06369659, -0.08787207,  0.01889778, -0.00595086]), array([-0.00588119,  0.00779666, -0.09109456,  0.06997801]), array([-0.03253146,  0.04294061,  0.04364449, -0.01791628]), array([-0.02958312, -0.03221298, -0.12569298, -0.02925167]), array([ 0.06025338, -0.00989478,  0.06521036, -0.0105642 ]), array([ 0.04719488, -0.04672995,  0.1423929 ,  0.01606563]), array([-0.14105961, -0.00551853,  0.03147031, -0.07125645]), array([ 0.05263555, -0.03450255,  0.0290156 ,  0.00874255]), array([ 0.03185515,  0.11476644,  0.04326869, -0.0453897 ]), array([-0.03671465,  0.01359196,  0.03830253,  0.03386806]), array([-0.00829623, -0.00014092, -0.05368328,  0.01656452]), array([-0.0627691 , -0.00926982,  0.00286452,  0.01996842]), array([-0.05856629,  0.03260242, -0.05900165, -0.0273978 ]), array([-0.03078751, -0.05556035,  0.00092741, -0.01095958]), array([-0.11130065, -0.01743701, -0.05091385,  0.01441384]), array([-0.02229136, -0.08239057, -0.05070354, -0.00736346]), array([ 0.0029907 , -0.0043474 ,  0.03537462, -0.02718545]), array([-0.02646464, -0.02101886,  0.05321997, -0.00616918]), array([-0.08471648,  0.07378424, -0.03988466, -0.08037345]), array([-0.03528563, -0.01814198,  0.11949388, -0.04705218]), array([-0.07231548, -0.0887436 ,  0.03014815,  0.04531878]), array([ 0.04313498, -0.08978309, -0.02521256,  0.03298544])]

Actions: [array([0.12942745, 1.        ]), array([0.12660799, 1.        ]), array([0.12542705, 1.        ]), array([0.1230124, 1.       ]), array([0.12199538, 1.        ]), array([0.11905269, 1.        ]), array([0.11702547, 1.        ]), array([0.11648076, 1.        ]), array([0.58509911, 1.        ]), array([0.59969529, 1.        ]), array([0.61276787, 1.        ]), array([0.62442129, 1.        ]), array([0.6338645, 1.       ]), array([0.64276171, 1.        ]), array([0.64928058, 1.        ]), array([0.65584369, 1.        ]), array([0.662744, 1.      ]), array([0.6682211, 1.       ]), array([0.67274957, 1.        ]), array([0.67809851, 1.        ]), array([0.68216475, 1.        ]), array([0.68717215, 1.        ]), array([0.68978659, 1.        ]), array([0.69449329, 1.        ]), array([0.69985608, 1.        ]), array([0.70606129, 1.        ]), array([0.70835805, 1.        ]), array([0.53768269, 1.        ]), array([0.52898266, 1.        ]), array([0.52207205, 1.        ]), array([0.51413847, 1.        ]), array([0.77281914, 1.        ]), array([0.79486459, 1.        ]), array([0.81400408, 1.        ]), array([0.83693146, 1.        ]), array([0.85603953, 1.        ]), array([0.88322503, 1.        ]), array([0.92102578, 1.        ]), array([ 1.        , -0.44817356]), array([ 1.        , -0.54486796]), array([ 1.        , -0.63328281]), array([ 1.       , -0.8555277]), array([ 1.        , -0.93322565]), array([ 0.99116087, -1.        ]), array([ 0.92767573, -1.        ]), array([ 1.       , -0.6648108]), array([ 1.        , -0.68071617]), array([1.        , 0.59301004]), array([1.        , 0.79275951]), array([0.97880904, 1.        ]), array([0.75745928, 1.        ]), array([ 0.23753956, -1.        ]), array([ 0.15173844, -1.        ]), array([ 0.08368082, -1.        ]), array([ 0.06639362, -1.        ]), array([ 0.0262745, -1.       ]), array([-0.00845907, -1.        ]), array([-0.03966546, -1.        ]), array([-0.06795158, -1.        ]), array([-0.09652587, -1.        ]), array([-0.1220801, -1.       ]), array([-0.14453142, -1.        ]), array([-0.16647115, -1.        ]), array([-0.19011031, -1.        ]), array([-0.21280572, -1.        ])]
Bad
Feature: [0, 83, 10042.625353860554]

States: [array([-1.69020819e+02, -1.07777207e-01, -1.29404202e+02,  1.01554679e+00]), array([-169.12750804,   -0.20227291, -128.37344996,    1.73919479]), array([-169.31748612,   -0.2574439 , -126.57362468,    2.40945315]), array([-169.49710936,   -0.3208543 , -124.14342983,    3.04202579]), array([-169.86054778,   -0.50710612, -121.15925474,    3.45631541]), array([-170.38296153,   -0.5582695 , -117.80296354,    3.75879444]), array([-170.88244638,   -0.70440436, -114.10653817,    4.05974892]), array([-171.57602942,   -0.87010882, -110.10918655,    4.15570239]), array([-172.47079831,   -1.00550639, -106.02217828,    4.33742526]), array([-173.3857527 ,   -1.06518379, -101.63039672,    4.41963365]), array([-174.38716734,   -0.89302988,  -97.16826969,    4.49952522]), array([-175.22619141,   -0.85462254,  -92.59557739,    4.67818782]), array([-176.05546191,   -0.63823183,  -87.90027433,    4.77288061]), array([-176.71964382,   -0.52007576,  -83.07175159,    4.71543568]), array([-177.28476756,   -0.43852581,  -78.36691039,    4.77089246]), array([-177.61314648,    0.65324323,  -73.54875454,    4.50154038]), array([-176.99333556,    1.4992577 ,  -69.05376704,    4.29042127]), array([-175.48828187,    2.23921817,  -64.71377055,    4.16032456]), array([-173.35961859,    2.75808809,  -60.48776839,    4.01614755]), array([-170.53331133,    3.23460202,  -56.48888045,    3.74161821]), array([-167.23084386,    3.53370562,  -52.67125218,    3.53276234]), array([-163.61055115,    3.82922226,  -48.9824765 ,    3.39919714]), array([-159.75196899,    4.02961675,  -45.48884604,    3.5203571 ]), array([-155.79761466,    4.21773824,  -42.08490937,    3.65410591]), array([-151.52206898,    4.35121101,  -38.48958439,    3.72434788]), array([-147.1965861 ,    4.49222665,  -34.79516889,    3.86446674]), array([-142.72742825,    4.5239337 ,  -30.90459724,    3.89966724]), array([-138.24405596,    4.64163464,  -27.01336182,    4.01482565]), array([-133.48620977,    4.73338885,  -22.93622074,    4.00726856]), array([-128.77951468,    4.67969006,  -19.04665837,    4.07060383]), array([-124.11063015,    4.72477121,  -14.91172766,    3.17000112]), array([-119.42210508,    4.75874552,  -11.81716588,    2.33159426]), array([-114.61743953,    4.78825418,   -9.4914711 ,    1.4506896 ]), array([-109.93900719,    4.75711313,   -8.01634026,    0.76948065]), array([-1.05174893e+02,  4.74746159e+00, -7.20323353e+00, -4.69415221e-02]), array([-100.41189968,    4.83931583,   -7.2442397 ,   -0.93379219]), array([-95.59505356,   4.11941571,  -8.16555598,   0.29515914]), array([-91.45547296,   3.49226148,  -7.9520429 ,   1.26797634]), array([-87.89785442,   2.96117859,  -6.71884625,   2.00835249]), array([-84.95552774,   2.33534908,  -4.70301615,   2.57668358]), array([-82.68147754,   1.80558099,  -2.13460656,   3.05716685]), array([-80.93547887,   1.38148099,   0.83497734,   3.4642002 ]), array([-79.57078705,   1.05733557,   4.34073961,   3.70014189]), array([-78.48848193,   0.52419372,   8.1149624 ,   3.91359356]), array([-7.78977706e+01,  6.63371644e-02,  1.20724982e+01,  4.09101273e+00]), array([-77.81518859,  -0.45683831,  16.11625118,   4.31329718]), array([-78.27300452,  -0.88899814,  20.43229833,   4.54690184]), array([-79.17045384,  -1.2702161 ,  24.96716093,   4.65899358]), array([-80.4353726 ,  -1.54905411,  29.55356116,   4.77762989]), array([-82.01543788,  -1.11558388,  34.33363755,   4.85118547]), array([-83.11853871,  -0.68639599,  39.25348192,   4.82320285]), array([-83.84185046,  -0.30974289,  44.0614487 ,   4.88135482]), array([-8.41147274e+01, -6.08243984e-02,  4.89075887e+01,  4.96999844e+00]), array([-84.13339007,   0.24332376,  53.8483921 ,   5.0269287 ]), array([-83.94152505,   0.60370382,  58.88263134,   4.99669387]), array([-83.36167303,   0.93706031,  63.91397929,   5.00548759]), array([-82.36780056,   1.80856747,  68.96403277,   3.91892003]), array([-80.50111915,   2.44331946,  72.81264226,   3.00812946]), array([-78.02735863,   2.98653052,  75.82879298,   2.13872683]), array([-75.01171257,   3.4833937 ,  78.03211684,   1.44122602]), array([-71.52036412,   3.81835057,  79.4813075 ,   0.83486537]), array([-67.7287795 ,   4.0563381 ,  80.392015  ,   0.35983142]), array([-63.68380595,   4.26659921,  80.7843469 ,  -0.12656682]), array([-59.35982708,   4.4758113 ,  80.66872531,  -0.57811296]), array([-54.89725134,   4.44699286,  80.10339307,  -1.38547335]), array([-50.37951256,   4.35317306,  78.76488126,  -2.18576749]), array([-46.11556302,   4.22078235,  76.58419121,  -2.78964291]), array([-41.93313324,   4.13257076,  73.76973484,  -3.19947011]), array([-37.80749387,   3.97304723,  70.59745818,  -3.64180973]), array([-33.8579313 ,   3.70316255,  66.84484803,  -3.95586559]), array([-30.11598148,   3.51853322,  62.84359229,  -4.16872577]), array([-26.6029933 ,   3.36700934,  58.62925714,  -4.23119261]), array([-23.29095482,   3.11888214,  54.44758384,  -4.40893811]), array([-20.13230243,   2.95438689,  50.07886448,  -4.50980657]), array([-17.14950774,   2.83008321,  45.51490013,  -4.64982071]), array([-14.28805464,   2.58311498,  40.90559041,  -4.77547774]), array([-11.6497971 ,   2.35575571,  36.19400938,  -4.83373101]), array([-9.31509876,  2.18676529, 31.38860871, -4.87011806]), array([-7.18772361,  2.0412136 , 26.55405005, -4.96160489]), array([-5.22874145,  1.94748385, 21.63932136, -4.89285222]), array([-3.30486935,  1.77890162, 16.80598756, -4.966805  ]), array([-1.55729039,  1.53285063, 11.83917112, -5.01244643]), array([-0.05244331,  1.29980079,  6.82372749, -5.03560627]), array([-0.02839234,  0.12910122,  0.0194682 ,  0.02486475]), array([-0.03522815,  0.01383897,  0.05291855,  0.04957972]), array([-0.00505578,  0.06899371, -0.09351106, -0.01865602]), array([-0.00408313,  0.01157438,  0.03438796,  0.11982706]), array([ 0.01570811, -0.02192773, -0.01844024,  0.08608148]), array([-0.04314309, -0.05101102, -0.02881803, -0.04815718]), array([ 0.03975665, -0.01544975,  0.03629792,  0.02524524]), array([-0.02019116, -0.01120237, -0.0177426 , -0.0775772 ]), array([-0.00910519, -0.0202079 , -0.02854442,  0.08249069]), array([ 0.00792327,  0.00660852, -0.05064392, -0.03051302]), array([ 0.01135265,  0.05562772, -0.05438922, -0.072018  ]), array([ 0.04994919, -0.04474968,  0.03142891, -0.02301656]), array([-0.00194278,  0.08224816,  0.03544582,  0.0265799 ]), array([-0.04167138,  0.0794429 ,  0.03161183, -0.00309698]), array([-0.05849759,  0.10955817,  0.02120162, -0.11180452]), array([ 0.04066524,  0.01140476, -0.02987767,  0.01935677]), array([ 0.02432268, -0.02424582,  0.05595789, -0.04388848])]

Actions: [array([-0.12442377,  1.        ]), array([-0.12476304,  1.        ]), array([-0.12532292,  1.        ]), array([-0.12742898,  1.        ]), array([-0.12772775,  1.        ]), array([-0.25435634,  1.        ]), array([-0.26242198,  1.        ]), array([-0.26943966,  1.        ]), array([-0.27387356,  1.        ]), array([-0.05772022,  1.        ]), array([-0.04514069,  1.        ]), array([-0.03354591,  1.        ]), array([-0.02007417,  1.        ]), array([-0.00747863,  1.        ]), array([1.        , 0.78125989]), array([1.        , 0.71911981]), array([1.        , 0.66915705]), array([1.       , 0.6272555]), array([1.        , 0.58991264]), array([1.        , 0.55865179]), array([1.        , 0.53097771]), array([1.        , 0.84588379]), array([1.        , 0.84256646]), array([1.        , 0.84146175]), array([1.        , 0.84150081]), array([1.        , 0.84053916]), array([1.        , 0.83797193]), array([1.        , 0.83515888]), array([1.        , 0.83274896]), array([ 1.        , -0.02999945]), array([ 1.        , -0.15930086]), array([ 1.       , -0.2946884]), array([ 1.        , -0.45343784]), array([ 1.        , -0.64382382]), array([ 1.        , -0.91851007]), array([0.25529073, 1.        ]), array([0.18039148, 1.        ]), array([0.119398, 1.      ]), array([0.06772918, 1.        ]), array([0.0238809, 1.       ]), array([-0.01214487,  1.        ]), array([-0.04263317,  1.        ]), array([-0.37052793,  1.        ]), array([-0.41120134,  1.        ]), array([-0.45009096,  1.        ]), array([-0.48599597,  1.        ]), array([-0.51968412,  1.        ]), array([-0.55274365,  1.        ]), array([0.14887481, 1.        ]), array([0.20026401, 1.        ]), array([0.25290079, 1.        ]), array([0.30851909, 1.        ]), array([0.36741136, 1.        ]), array([0.44053563, 1.        ]), array([0.54159833, 1.        ]), array([ 1.        , -0.07931317]), array([ 1.        , -0.15405879]), array([ 1.        , -0.21602312]), array([ 1.        , -0.27126093]), array([ 1.        , -0.32057967]), array([ 1.        , -0.36503925]), array([ 1.        , -0.40755197]), array([ 1.        , -0.44842345]), array([ 0.84233568, -1.        ]), array([ 0.78059618, -1.        ]), array([ 0.72567056, -1.        ]), array([ 0.68174666, -1.        ]), array([ 0.64287448, -1.        ]), array([ 0.60498495, -1.        ]), array([ 0.57225608, -1.        ]), array([ 0.54155914, -1.        ]), array([ 0.51300088, -1.        ]), array([ 0.48301424, -1.        ]), array([ 0.44125554, -1.        ]), array([ 0.36693312, -1.        ]), array([ 0.33986337, -1.        ]), array([ 0.31294005, -1.        ]), array([ 0.28829172, -1.        ]), array([ 0.26288567, -1.        ]), array([ 0.23504971, -1.        ]), array([ 0.19386284, -1.        ]), array([ 0.13844867, -1.        ])]