
Good
Feature: [36, 21, 6819.514732971896]

States: [array([-167.53353796,   -1.02757005, -129.63767554,    0.59048157]), array([-1.68555920e+02,  1.24375817e-01, -1.29046895e+02,  4.86106941e-01]), array([-168.40786261,    1.116008  , -128.60001393,    0.388335  ]), array([-167.34960096,    1.92267657, -128.26998623,    0.29184867]), array([-165.52482023,    2.49860258, -127.93876195,    0.27640527]), array([-163.02393909,    2.9580761 , -127.6190392 ,    0.17286058]), array([-160.02267559,    3.21780419, -127.5419042 ,    0.16867416]), array([-156.76975954,    3.3443888 , -127.35281163,    1.0784685 ]), array([-153.42340763,    3.34808555, -126.30191527,    1.82054773]), array([-150.15687762,    3.18304786, -124.4718055 ,    2.35417117]), array([-146.97913875,    3.03416621, -122.01659145,    2.83828192]), array([-143.92799415,    2.86689287, -119.2349728 ,    3.26850675]), array([-141.06859124,    2.75115267, -115.95736316,    3.5850267 ]), array([-138.2610203 ,    2.67805031, -112.32174025,    3.78068514]), array([-135.53210303,    2.69227755, -108.58401211,    4.09105894]), array([-132.83058582,    2.59495278, -104.4579889 ,    4.247282  ]), array([-130.24382052,    3.04716273, -100.21754934,    4.19974745]), array([-127.19476285,    3.45993972,  -95.99246888,    3.95581125]), array([-123.71149532,    3.75831116,  -91.989989  ,    3.73230701]), array([-119.95150942,    4.02514997,  -88.25885381,    2.96736938]), array([-115.89934387,    4.2542346 ,  -85.30741092,    2.20717765]), array([-111.67483075,    4.42087171,  -83.08572967,    1.50506098]), array([-107.23601817,    4.58082334,  -81.65418219,    0.89735777]), array([-102.67820274,    4.7464106 ,  -80.78161724,    0.52797643]), array([-97.95424474,   4.80613837, -80.15229287,   0.12807396]), array([-93.19318857,   4.78776954, -80.01058279,  -0.14256406]), array([-88.41078091,   4.79798305, -80.10801238,  -0.43418727]), array([-83.61889087,   4.77982785, -80.56524504,  -0.73277045]), array([-78.7869149 ,   4.83932374, -81.29356339,  -0.60475782]), array([-74.04140656,   4.8766402 , -81.8418002 ,  -0.5342458 ]), array([-69.1180373 ,   4.87061292, -82.37114865,  -0.44884107]), array([-64.25723859,   4.29540448, -82.83175933,   0.57915876]), array([-59.9267978 ,   3.68896714, -82.13118597,   1.49265716]), array([-56.24270497,   2.97691857, -80.5975199 ,   2.19870304]), array([-53.2585939 ,   2.59233919, -78.38186721,   2.73862248]), array([-50.71599136,   2.20482537, -75.6673403 ,   3.16040955]), array([-48.54667927,   2.03337102, -72.57244245,   3.47898658]), array([-46.4412833 ,   1.87428597, -69.03726443,   3.78133045]), array([-44.691051  ,   1.69623315, -65.16703986,   4.02295852]), array([-42.97137191,   1.59598009, -61.22599718,   4.21672255]), array([-41.34333758,   1.40123182, -57.06108705,   4.30055071]), array([-39.96091859,   1.2582236 , -52.74204044,   4.3995432 ]), array([-38.70217808,   1.21674402, -48.38299909,   4.56142313]), array([-37.52909933,   1.11954491, -43.79489948,   4.63628296]), array([-36.4925947 ,   0.99262053, -39.12299372,   4.69217186]), array([-35.45140945,   0.95473715, -34.44718018,   4.67084589]), array([-34.54481408,   0.84964546, -29.7437219 ,   4.80799339]), array([-33.6617622 ,   1.06376031, -24.86268251,   4.86861479]), array([-32.51302913,   1.3221179 , -19.90587165,   4.90243115]), array([-31.32924014,   1.58728849, -14.934503  ,   4.87747099]), array([-29.78726348,   2.30797536, -10.02692969,   3.86973359]), array([-27.48991655,   2.86735244,  -6.15435349,   2.77261119]), array([-24.62729497,   3.33266137,  -3.47163013,   1.71153004]), array([-21.26994762,   3.70023642,  -1.79344637,   0.68699705]), array([-17.68413338,   3.93508249,  -1.09943343,   0.56844198]), array([-13.66807564,   4.1628197 ,  -0.56973248,   0.29466676]), array([-9.42368828,  4.34999713, -0.27604348,  0.12472086]), array([ 0.04785837,  0.0052828 , -0.00498258, -0.02396588]), array([ 0.04352372, -0.02391411, -0.07761025,  0.08486024]), array([ 0.03576337, -0.05255592, -0.03735493, -0.02558306]), array([-0.00320554,  0.03595359,  0.06532729, -0.1029711 ]), array([ 0.03876389,  0.01838036, -0.08680287, -0.00883549]), array([-0.04761874, -0.03771885,  0.03286061, -0.02967659]), array([-0.03431887, -0.05179272,  0.01932369,  0.04148955]), array([ 0.08156146,  0.05801775, -0.06590945, -0.16606871]), array([ 0.03286558,  0.0614744 ,  0.05044493, -0.0238185 ]), array([ 0.00383672, -0.09379089, -0.03412724, -0.04485472]), array([0.06227479, 0.00757263, 0.00967344, 0.03084711]), array([ 0.06826137,  0.04680291, -0.02833657,  0.00164729]), array([ 0.0495539 , -0.01077395,  0.04590265,  0.0248727 ]), array([-0.07436245, -0.00103821, -0.03921933, -0.0353269 ]), array([-0.14211231, -0.01754749, -0.0025402 , -0.08756396]), array([ 0.00147409,  0.00099581, -0.11355627,  0.0080765 ]), array([ 0.01628984,  0.07733223,  0.02433851, -0.04972628]), array([ 0.00295444, -0.04090701,  0.04106425, -0.02315263]), array([-0.03288832, -0.01802283, -0.05844933, -0.01794022]), array([-0.06044025, -0.07836868,  0.03710288, -0.05912032]), array([-0.03155722,  0.05209001, -0.07702994,  0.05799082]), array([ 0.02356522, -0.03886551, -0.05163341, -0.01113508]), array([-0.01101485,  0.02888914,  0.03908069, -0.04903405]), array([-0.00945644, -0.04835789, -0.04553741,  0.05153053]), array([-0.00992768,  0.04500119, -0.12138148,  0.08269062]), array([0.00969136, 0.003541  , 0.0122431 , 0.03021043]), array([-0.00316572,  0.06239589,  0.01977298,  0.05294147]), array([-0.00702305,  0.00120641,  0.00289772,  0.00567605]), array([ 0.04258912,  0.00282258, -0.02088687, -0.05495564]), array([-0.06561027, -0.04015508,  0.05805873, -0.00490764]), array([-0.02432037,  0.07177216, -0.01184062, -0.04355622]), array([ 0.01716701, -0.10391303,  0.08197566,  0.02567666]), array([ 0.04434877, -0.01924605,  0.03696015,  0.04615622]), array([ 0.0071791 ,  0.05551188, -0.00643604, -0.04657695]), array([-0.00885089,  0.04618596,  0.0344226 ,  0.01020891]), array([-0.0718246 ,  0.00542349,  0.07797006,  0.03366804]), array([ 0.01108606, -0.08835055,  0.04435969, -0.00918219]), array([ 0.04241959, -0.02432636,  0.02638123, -0.00603026]), array([ 0.01924515,  0.07025784,  0.11590851, -0.0100772 ]), array([ 0.01200625,  0.02675225, -0.04669213,  0.02976157]), array([-0.01495507, -0.00631655,  0.00739449, -0.03127139]), array([-0.0379969 , -0.0882078 , -0.06022599, -0.01944937]), array([-0.10048075, -0.02041351, -0.05733881, -0.00582292])]

Actions: [array([1.        , 0.04886961]), array([1.       , 0.0276168]), array([1.        , 0.01285735]), array([1.        , 0.00192453]), array([ 1.        , -0.01016034]), array([ 1.        , -0.02418062]), array([0.77333409, 1.        ]), array([0.67401993, 1.        ]), array([0.58675614, 1.        ]), array([0.50954936, 1.        ]), array([0.43528942, 1.        ]), array([0.56582034, 1.        ]), array([0.53391286, 1.        ]), array([0.50280933, 1.        ]), array([0.46758701, 1.        ]), array([1.        , 0.78232723]), array([1.        , 0.67517283]), array([1.        , 0.55234703]), array([ 1.        , -0.09623087]), array([ 1.        , -0.16777417]), array([ 1.        , -0.23608623]), array([ 1.        , -0.30187082]), array([ 1.        , -0.18756205]), array([ 1.        , -0.22704928]), array([ 1.        , -0.27066214]), array([ 1.        , -0.31240982]), array([ 1.        , -0.35978679]), array([ 1.        , -0.04943685]), array([ 1.        , -0.02478667]), array([1.        , 0.00371185]), array([0.33707536, 1.        ]), array([0.18176039, 1.        ]), array([0.0487317, 1.       ]), array([0.19943214, 1.        ]), array([0.16254404, 1.        ]), array([0.26775427, 1.        ]), array([0.25101143, 1.        ]), array([0.23509728, 1.        ]), array([0.22353285, 1.        ]), array([0.21132893, 1.        ]), array([0.19974504, 1.        ]), array([0.19111799, 1.        ]), array([0.1835012, 1.       ]), array([0.17704526, 1.        ]), array([0.17255464, 1.        ]), array([0.16696781, 1.        ]), array([0.40148802, 1.        ]), array([0.44417773, 1.        ]), array([0.5230074, 1.       ]), array([ 1.        , -0.03308771]), array([ 1.        , -0.25822079]), array([ 1.        , -0.48459142]), array([ 1.        , -0.72591235]), array([ 1.        , -0.08889255]), array([ 1.        , -0.13402027]), array([ 1.        , -0.19197783])]
Bad
Feature: [19, 21, 5056.927556286891]

States: [array([-168.54959921,   -1.29313437, -130.49706382,    0.81325094]), array([-1.69815232e+02, -4.49033414e-03, -1.29693802e+02,  1.35237016e+00]), array([-169.7711837 ,    1.00789645, -128.40460337,    1.77155588]), array([-168.80010519,    1.88255643, -126.66410257,    2.23176584]), array([-166.96847189,    2.471892  , -124.40283213,    2.60363915]), array([-164.42685951,    3.01100418, -121.75794416,    2.78330525]), array([-161.41790483,    3.46616465, -118.96860738,    3.04410822]), array([-157.98465815,    3.74333188, -115.97954356,    3.24437073]), array([-154.28691264,    3.97069886, -112.76720281,    3.23729278]), array([-150.33313576,    4.14583268, -109.55489789,    3.28910887]), array([-146.14185704,    4.34752023, -106.20717843,    3.42053738]), array([-141.88577341,    4.43936588, -102.81422102,    3.53363828]), array([-137.44637139,    4.51563848,  -99.18024261,    3.62221161]), array([-132.9447427 ,    4.62522369,  -95.59326906,    3.68841673]), array([-128.31772311,    4.61739134,  -91.81348842,    3.70974049]), array([-123.58858819,    4.65744326,  -88.12622722,    3.75499965]), array([-118.89295424,    4.69251615,  -84.47010526,    3.76130692]), array([-114.26353651,    4.69995896,  -80.62847512,    3.78539621]), array([-109.55897652,    4.73216752,  -76.88086177,    3.81620474]), array([-104.79428769,    4.80868253,  -73.09982541,    3.87518172]), array([-99.99295987,   4.84351429, -69.24184006,   3.9381165 ]), array([-95.15056581,   4.81246742, -65.29237402,   3.88789077]), array([-90.34827547,   4.92019605, -61.41029589,   3.9187667 ]), array([-85.45860243,   4.89439341, -57.54659625,   3.89714234]), array([-80.50277627,   4.9176899 , -53.68839079,   3.81767673]), array([-75.51916889,   4.99580641, -49.89022185,   3.80550596]), array([-70.60404667,   4.95762524, -46.05822282,   3.8043625 ]), array([-65.70551434,   4.94967936, -42.26654357,   3.75093587]), array([-60.72717189,   4.98828624, -38.5295974 ,   3.69387715]), array([-55.73919319,   5.01975988, -34.82608371,   3.56729481]), array([-50.72750235,   4.95713111, -31.33151209,   3.32264406]), array([-45.79921697,   5.01355125, -28.15107149,   3.22444783]), array([-40.82986552,   5.04820633, -24.90582105,   3.13511944]), array([-35.72150459,   5.07347415, -21.74111447,   3.10583784]), array([-30.6837096 ,   5.06348564, -18.71975216,   2.963394  ]), array([-25.55390437,   5.2210252 , -15.81068788,   2.82897762]), array([-20.38171694,   5.22852989, -12.95821153,   2.81622651]), array([-15.16373209,   5.0806896 , -10.12695179,   2.67867101]), array([-10.03801961,   5.06871027,  -7.51266908,   2.5718813 ]), array([-4.98927167,  5.03773937, -4.91074892,  2.37874897]), array([-0.03678745,  0.01323099,  0.06108516,  0.03141469]), array([ 0.08822732,  0.00292401, -0.01747745,  0.01432126]), array([-0.10880479, -0.03708542, -0.03473703, -0.06923016]), array([ 0.04345547,  0.01886389, -0.09715353, -0.04337383]), array([-0.03799538, -0.02756654, -0.01696612,  0.05490788]), array([-0.03683009,  0.05825958, -0.01178134,  0.08916709]), array([-0.04021223, -0.03279514, -0.00292796,  0.00108726]), array([ 0.01213893, -0.00874334, -0.05769962, -0.10890646]), array([-0.02598726,  0.05697437,  0.04168176,  0.0662539 ]), array([0.02343269, 0.0408087 , 0.00693093, 0.00896705]), array([ 0.02712083, -0.03712886, -0.00744476, -0.03908158]), array([-0.05070592,  0.05244092,  0.00597697,  0.05836862]), array([0.01599501, 0.00205491, 0.03269662, 0.04699083]), array([-0.1058555 ,  0.0359705 ,  0.03684597,  0.02106636]), array([-0.01288152, -0.01080074,  0.06953505,  0.0018601 ]), array([ 0.04896275, -0.09933381,  0.01324018,  0.03869809]), array([-0.0111993 ,  0.04212321, -0.02340015,  0.00557147]), array([-0.00179451, -0.0301242 ,  0.03904994,  0.10537147]), array([ 0.03503454, -0.09883219, -0.03515549,  0.00898264]), array([-0.08138634,  0.1178252 , -0.10172842,  0.09641776]), array([-0.03137853, -0.00065602, -0.01553136,  0.04816799]), array([ 0.00127155,  0.01134964, -0.01302709,  0.0365426 ]), array([-0.11968295,  0.00338749,  0.00984865, -0.05776924]), array([-0.06031691, -0.03525711, -0.04959339, -0.08718981]), array([-0.0884165 ,  0.03870175,  0.05840029, -0.09966211]), array([ 0.05350069, -0.13913241, -0.08050516, -0.01451087]), array([ 0.02175832, -0.00542196,  0.03239618,  0.01444819]), array([ 0.11933418, -0.02353511,  0.00191512,  0.0092466 ]), array([ 0.02397979, -0.0263875 ,  0.00448524, -0.05108217]), array([-0.04459843,  0.03770565, -0.00816194, -0.01845969]), array([-0.06969725,  0.01252314, -0.0334304 , -0.02709035]), array([ 0.03578249,  0.0492113 , -0.02332047, -0.00520654]), array([ 0.01571362,  0.0219657 , -0.05619974,  0.09482117]), array([-0.01886899,  0.02904391, -0.0314414 , -0.10486749]), array([ 0.03943539,  0.02060262, -0.02704752,  0.03404146]), array([-0.02077581,  0.00111201,  0.02584315,  0.06075809]), array([-0.03186405, -0.08623713, -0.03225306, -0.113079  ]), array([ 0.01901512,  0.00739931,  0.00270958, -0.00393295]), array([ 4.66160773e-02, -4.03299807e-02, -9.85498137e-02, -1.75033979e-05]), array([0.04641876, 0.08079118, 0.05953445, 0.05079556]), array([-0.01804469,  0.01159808,  0.04010423, -0.1208682 ]), array([-0.10200454, -0.00408298, -0.03136312, -0.08814069]), array([ 0.00223044,  0.0441651 ,  0.04151064, -0.07426583]), array([-0.03458575, -0.02232799,  0.08220067,  0.02881032]), array([0.00088824, 0.00615735, 0.03791163, 0.02083471]), array([ 0.01208801,  0.01400026, -0.0073883 , -0.03741247]), array([ 0.04171033,  0.03662005,  0.03633261, -0.00694395]), array([-0.07372055,  0.00632084,  0.02185225,  0.05388906]), array([-0.05291978,  0.0243741 , -0.02942814, -0.07769308]), array([-0.04955024, -0.06655557, -0.01860428, -0.04133609]), array([-0.10413107,  0.03385037,  0.1082917 ,  0.01117663]), array([ 0.00890879, -0.01030094, -0.00131404, -0.00862214]), array([-0.01676699,  0.03601574,  0.01039399, -0.00341269]), array([ 0.05937481,  0.14561158, -0.01825108,  0.04956074]), array([ 0.06016556,  0.05172727,  0.05300592, -0.02927706]), array([ 0.00117385, -0.13001226,  0.06437123, -0.04102688]), array([-0.00455014,  0.09622394,  0.09758301, -0.09219219]), array([ 0.00737419, -0.02190185,  0.07444542, -0.06166027]), array([-0.06053392, -0.01833816, -0.07355295, -0.04629309]), array([-0.0990068 ,  0.04953294,  0.00298181, -0.00557454])]

Actions: [array([1.        , 0.76742316]), array([1.        , 0.75716217]), array([1.        , 0.79102847]), array([1.        , 0.78533677]), array([1.        , 0.78046814]), array([1.        , 0.77649584]), array([1.        , 0.77372506]), array([1.        , 0.77164612]), array([1.        , 0.76934966]), array([1.        , 0.76823088]), array([1.        , 0.76736807]), array([1.        , 0.76648582]), array([1.        , 0.76482798]), array([1.        , 0.76376115]), array([1.        , 0.76187519]), array([1.        , 0.76120453]), array([1.        , 0.76052824]), array([1.        , 0.75776962]), array([1.        , 0.75613298]), array([1.      , 0.754464]), array([1.        , 0.75215529]), array([1.        , 0.74899402]), array([1.        , 0.74590702]), array([1.        , 0.74343306]), array([1.        , 0.74132642]), array([1.        , 0.73998945]), array([1.        , 0.73730692]), array([1.       , 0.7346504]), array([1.        , 0.55755586]), array([1.        , 0.54216983]), array([1.        , 0.52802045]), array([1.        , 0.51645934]), array([1.        , 0.50138987]), array([1.        , 0.48627975]), array([1.        , 0.46990075]), array([1.        , 0.45315218]), array([1.        , 0.43246995]), array([1.        , 0.40281495]), array([1.        , 0.36425338])]