
Good
Feature: [45, 22, 7537.035467757978]

States: [array([-171.4686529 ,    0.34896852, -129.00139521,    0.29077501]), array([-171.19431431,    1.35986519, -128.66875473,    0.46811866]), array([-169.86004595,    2.11299642, -128.18641622,    0.58577312]), array([-167.78771834,    2.72250814, -127.55938452,    0.6145207 ]), array([-164.97442483,    3.09366855, -126.95658162,    0.6111019 ]), array([-161.88238796,    3.54149572, -126.37836386,    0.47656292]), array([-158.3638205 ,    3.86534338, -125.84821408,    0.29331834]), array([-1.54532186e+02,  4.09893819e+00, -1.25664616e+02,  8.98859169e-02]), array([-150.38230618,    4.24521875, -125.66292137,   -0.16369195]), array([-146.17413103,    4.00314054, -125.81930965,    0.89013537]), array([-142.22490933,    3.76883071, -124.87506903,    1.71057947]), array([-138.47983404,    3.47709767, -123.16325724,    2.37854457]), array([-135.08014808,    3.04597205, -120.91904317,    2.92254173]), array([-132.03606328,    2.79358877, -117.94322832,    3.39849506]), array([-129.22427024,    2.45171903, -114.58058595,    3.75722668]), array([-126.85683966,    2.12444155, -110.94275532,    3.96166752]), array([-124.64381849,    1.79649362, -106.95314418,    4.18270322]), array([-122.69422649,    1.48733683, -102.79268229,    4.37887272]), array([-121.15764219,    2.25739375,  -98.42013156,    3.44094702]), array([-118.97718961,    2.75909209,  -95.01158948,    2.69582021]), array([-116.20054404,    3.24928285,  -92.33252131,    1.99297416]), array([-112.99060907,    3.67414173,  -90.31047588,    1.45619478]), array([-109.28335872,    3.82936428,  -88.81009974,    1.01802228]), array([-105.45024843,    4.10866615,  -87.85866509,    0.70091368]), array([-101.28501215,    4.30442294,  -87.22134704,    0.33115938]), array([-9.70186772e+01,  4.44172895e+00, -8.69632175e+01,  5.75006942e-04]), array([-92.55619788,   4.55510447, -86.99293281,  -0.33634714]), array([-87.93025388,   4.65319681, -87.36492897,  -0.60065932]), array([-83.31670757,   4.71885719, -88.01717511,  -0.79867355]), array([-78.6817745 ,   4.17043363, -88.79881369,   0.40568593]), array([-74.49853674,   3.66231013, -88.40219552,   1.34388398]), array([-70.87429009,   3.21487513, -87.06139984,   2.11722279]), array([-67.6484057 ,   2.84369568, -84.96775157,   2.7131398 ]), array([-64.7542003 ,   2.41219397, -82.29433879,   3.2571744 ]), array([-62.36530571,   2.13670131, -78.96936931,   3.59367704]), array([-60.29115835,   1.94659673, -75.31176364,   3.87202095]), array([-58.32600651,   1.86169431, -71.40272439,   4.1614317 ]), array([-56.49131185,   1.75806104, -67.29731347,   4.31915652]), array([-54.74210129,   1.59777619, -62.98000153,   4.40598728]), array([-53.07874692,   1.46079053, -58.64797807,   4.46758461]), array([-51.64846656,   1.3325797 , -54.16437076,   4.55921374]), array([-50.25512322,   1.15419546, -49.54630982,   4.7020162 ]), array([-49.03448146,   0.82886178, -44.77163399,   4.74032353]), array([-48.10721782,   0.532667  , -40.0247345 ,   4.81648468]), array([-47.63704896,   0.2363085 , -35.21527161,   4.80034977]), array([-47.43788728,  -0.36417806, -30.34142468,   4.79870369]), array([-47.7240775 ,  -1.06589524, -25.44907185,   4.86440179]), array([-48.9052392 ,  -1.6559107 , -20.65597537,   4.85718962]), array([-50.62613411,  -2.21493141, -15.83717386,   4.9251251 ]), array([-52.79250657,  -1.90591426, -10.84145914,   4.97057382]), array([-54.59396481,  -1.01044835,  -5.94662127,   4.97716589]), array([-55.64398642,  -0.23086598,  -0.92617675,   4.95393313]), array([-55.86218424,   0.84503941,   4.0080508 ,   4.1300534 ]), array([-55.02584649,   1.75166946,   8.13275077,   2.95719541]), array([-53.27422244,   2.33780611,  11.10563284,   2.05977065]), array([-50.88867538,   2.88931387,  13.21678501,   1.25013638]), array([-47.9479483 ,   3.31664037,  14.48181674,   0.45192649]), array([-44.66514314,   3.71825852,  14.88918849,  -0.19069608]), array([-40.95895426,   4.04104686,  14.73220353,  -0.73319928]), array([-36.90376538,   4.25707402,  13.9607799 ,  -1.17632796]), array([-32.71972471,   4.35379058,  12.73457254,  -1.60760493]), array([-28.37413169,   4.39649844,  11.13900217,  -2.30661971]), array([-24.03369551,   4.34316149,   8.90502326,  -2.79303138]), array([-19.70422123,   4.18831144,   6.12945787,  -3.25242466]), array([-15.60493065,   4.0483223 ,   2.82507957,  -3.61036255]), array([-11.53672795,   3.76868729,  -0.80577064,  -3.84838214]), array([-7.77501826,  3.95409427, -4.66410024, -2.20489637]), array([0.11337291, 0.02905658, 0.00171405, 0.07402981]), array([ 0.00879602, -0.02023006, -0.03762332, -0.01488024]), array([ 0.00201101, -0.01228211, -0.07349072, -0.00521363]), array([-0.01264728, -0.05922378, -0.00655473, -0.00893505]), array([-0.06876923, -0.03562095, -0.00866273,  0.044249  ]), array([-0.01001599, -0.06182474,  0.05311748,  0.05371861]), array([ 0.01808411,  0.03040355,  0.01169131, -0.02132894]), array([ 0.02287389,  0.06150912,  0.01222918, -0.03589886]), array([-0.10627837, -0.0624784 , -0.04825473,  0.00192913]), array([ 0.01810307,  0.00104603, -0.01792075,  0.01040981]), array([-0.02838009, -0.08299638,  0.02256105, -0.06656882]), array([-0.04014571,  0.0178647 , -0.03572978,  0.02101524]), array([ 0.04974597,  0.03433894,  0.04613579, -0.03500412]), array([-0.04615766,  0.01746373, -0.03858239, -0.05765447]), array([-0.00114345,  0.02201164, -0.00646558,  0.01471575]), array([-0.03131367, -0.06741596,  0.00775514,  0.09520373]), array([ 0.07663428, -0.04027139,  0.00076219, -0.01224072]), array([0.0723143 , 0.02599943, 0.02869311, 0.00534104]), array([ 0.04362935, -0.16359275,  0.02799589,  0.0184284 ]), array([-0.07285041, -0.06746972,  0.00648605,  0.08112885]), array([-0.00620211, -0.02175132,  0.0963426 ,  0.12632693]), array([-0.01641057,  0.07383203,  0.00301375,  0.00246255]), array([-0.03939135, -0.02243641,  0.00680332, -0.12114954]), array([ 0.00907074,  0.00968685,  0.02188782, -0.08966717]), array([-0.04263969,  0.04310706, -0.01159699,  0.0027185 ]), array([-0.03898421,  0.07295642, -0.02593173,  0.01099497]), array([ 0.02325841,  0.00486016, -0.02963949, -0.01537944]), array([ 0.01506575, -0.09958483, -0.04375067, -0.01228471]), array([-0.07431301,  0.02133982,  0.08185612, -0.03049575]), array([-0.037777  , -0.0225683 , -0.05231116, -0.01382791]), array([ 0.04021673,  0.00473345,  0.02773442, -0.03979728]), array([-0.07832371, -0.04493919,  0.07504503,  0.00253004]), array([ 0.00851413,  0.06436557, -0.04097289, -0.02988054])]

Actions: [array([1.        , 0.22785634]), array([1.        , 0.21903131]), array([1.        , 0.21253808]), array([1.        , 0.20567917]), array([ 1.        , -0.06918979]), array([ 1.       , -0.0885605]), array([ 1.        , -0.11108185]), array([ 1.        , -0.12924362]), array([0.65003952, 1.        ]), array([0.53860651, 1.        ]), array([0.44742056, 1.        ]), array([0.36471255, 1.        ]), array([0.28829206, 1.        ]), array([0.21731301, 1.        ]), array([0.14146682, 1.        ]), array([0.06361782, 1.        ]), array([-0.03528083,  1.        ]), array([ 1.        , -0.01566626]), array([ 1.        , -0.06904451]), array([ 1.        , -0.11342946]), array([ 1.        , -0.15210681]), array([ 1.        , -0.18593819]), array([ 1.        , -0.21700077]), array([ 1.        , -0.24375181]), array([ 1.        , -0.27019569]), array([ 1.        , -0.29442572]), array([ 1.        , -0.31830989]), array([ 1.        , -0.34070487]), array([0.36585543, 1.        ]), array([0.31744804, 1.        ]), array([0.27737932, 1.        ]), array([0.2437697, 1.       ]), array([0.22243625, 1.        ]), array([0.2039832, 1.       ]), array([0.18987944, 1.        ]), array([0.17815109, 1.        ]), array([0.20674507, 1.        ]), array([0.19810294, 1.        ]), array([0.18995888, 1.        ]), array([0.18198754, 1.        ]), array([0.17590216, 1.        ]), array([-0.11362034,  1.        ]), array([-0.13670453,  1.        ]), array([-0.18303286,  1.        ]), array([-0.63398152,  1.        ]), array([-0.72089925,  1.        ]), array([-0.81925417,  1.        ]), array([-0.9167682,  1.       ]), array([-0.17791226,  1.        ]), array([0.49699589, 1.        ]), array([0.5863712, 1.       ]), array([1.        , 0.03845408]), array([ 1.        , -0.26034891]), array([ 1.        , -0.34026077]), array([ 1.        , -0.40812494]), array([ 1.       , -0.4695703]), array([ 1.        , -0.52555363]), array([ 1.        , -0.57404563]), array([ 1.        , -0.62297453]), array([ 1.        , -0.67142674]), array([ 0.90751937, -1.        ]), array([ 0.81998782, -1.        ]), array([ 0.73872262, -1.        ]), array([ 0.65759775, -1.        ]), array([ 0.57988947, -1.        ]), array([1.        , 0.88869479])]
Bad
Feature: [19, 20, 4948.485324380601]

States: [array([-171.64333116,    0.93898642, -131.28805181,   -0.37244785]), array([-170.72906319,    1.68686627, -131.71328814,    0.57432576]), array([-169.09424558,    2.32759025, -131.07780636,    1.23075401]), array([-166.77804762,    2.91941742, -129.8495154 ,    1.7169572 ]), array([-163.92617997,    3.292682  , -128.15247688,    2.12762572]), array([-160.5512798 ,    3.59086685, -126.02151566,    2.51060828]), array([-156.98799868,    3.94483721, -123.52784896,    2.83805757]), array([-153.03355243,    4.14570758, -120.61206967,    3.11976899]), array([-148.93421369,    4.38295515, -117.60128705,    3.29433521]), array([-144.4670116 ,    4.52062392, -114.27238211,    3.4572052 ]), array([-140.0025259 ,    4.55108882, -110.82981846,    3.55336327]), array([-135.44072244,    4.57908396, -107.23060694,    3.74421342]), array([-130.91485398,    4.6200783 , -103.51951127,    3.71662424]), array([-126.26862801,    4.70251476,  -99.8030283 ,    3.73141462]), array([-121.4844519 ,    4.7764185 ,  -96.11865371,    3.84124416]), array([-116.64098788,    4.8697845 ,  -92.26770975,    3.82443293]), array([-111.83657712,    4.85693821,  -88.39035382,    3.80643792]), array([-106.92271365,    4.80390475,  -84.49167043,    3.81393737]), array([-102.0947564 ,    4.7494004 ,  -80.77161169,    3.77929715]), array([-97.27626481,   4.74843708, -77.036614  ,   3.83209927]), array([-92.55092788,   4.7293735 , -73.34262923,   3.80532239]), array([-87.78226186,   4.73691578, -69.53030863,   3.83673582]), array([-83.07687253,   4.7546132 , -65.73155108,   3.84446562]), array([-78.31885293,   4.81767175, -61.89673158,   3.88719816]), array([-73.47910332,   4.81930362, -57.98923461,   3.92006897]), array([-68.62742916,   4.8334791 , -54.06404287,   3.89262309]), array([-63.79416281,   4.84578761, -50.15948613,   3.77917151]), array([-58.98631458,   4.91426275, -46.45987426,   3.81626466]), array([-53.99648403,   4.88465677, -42.63528186,   3.83973068]), array([-49.16730954,   4.92807561, -38.82619822,   3.86971507]), array([-44.22964519,   4.9245066 , -34.91604961,   3.89742618]), array([-39.275533  ,   4.94964162, -31.09036003,   3.94178581]), array([-34.41097545,   4.96256005, -27.11169913,   3.98999303]), array([-29.44504511,   4.92872346, -23.16777042,   3.97042044]), array([-24.50513856,   4.89036732, -19.13830957,   4.00215132]), array([-19.63396611,   4.92871048, -15.18745838,   4.00588442]), array([-14.69318869,   4.95092346, -11.19424999,   3.96748544]), array([-9.73688503,  4.90704968, -7.20561444,  3.93305894]), array([-4.83205525,  4.84806987, -3.27808244,  3.93560199]), array([ 0.00130649, -0.07975994, -0.05011477,  0.01236473]), array([-0.02834452,  0.01168808, -0.0181648 , -0.05700196]), array([-0.0337919 ,  0.02786392, -0.00081836, -0.05176116]), array([-0.00285751,  0.0849585 , -0.05022443, -0.0458753 ]), array([-0.00525719,  0.02688112,  0.0017572 ,  0.05830148]), array([-0.06230112,  0.0264405 ,  0.07850109,  0.0294924 ]), array([-0.02898029,  0.04262415, -0.02469784, -0.06928496]), array([ 0.01308425,  0.05200036, -0.05236098,  0.04615595]), array([ 0.00608396, -0.00817966,  0.05679018,  0.07910835]), array([-0.0125011 ,  0.00374566,  0.03158711, -0.01283417]), array([-0.00193842, -0.10133721, -0.08680701,  0.01006686]), array([-0.02497059, -0.05941412, -0.04865363, -0.00314775]), array([-0.03426493,  0.01526193, -0.1418218 ,  0.07147605]), array([ 0.01289932,  0.00225862, -0.00679072, -0.03580708]), array([-0.06504794, -0.03471692,  0.02288935, -0.04201296]), array([ 0.00716917, -0.02461672, -0.09142255, -0.02711417]), array([ 0.03287538,  0.07362082,  0.00427562, -0.01672292]), array([ 0.04527758,  0.06802977, -0.09887112,  0.11104455]), array([ 0.11679442,  0.01448755,  0.10433953, -0.03577246]), array([-0.03633962,  0.01541228, -0.10866886, -0.03910432]), array([-0.03860145, -0.00385359,  0.02325628, -0.01768446]), array([ 0.06370005,  0.01361487,  0.00546618, -0.02079054]), array([ 0.00578722, -0.01375995, -0.07544953, -0.00041179]), array([ 0.01273548,  0.05985457, -0.04888272, -0.14426064]), array([-0.02680812, -0.0565644 ,  0.03013568, -0.09102054]), array([ 0.0099876 , -0.03678338, -0.04354058, -0.02126454]), array([0.03464562, 0.04836122, 0.05217405, 0.02810191]), array([-0.01016223,  0.03738544, -0.02176619,  0.08318494]), array([ 0.01062928, -0.0639069 ,  0.01559197, -0.00381592]), array([ 3.40000218e-02,  4.32750672e-05, -1.01084286e-01,  2.49347130e-02]), array([ 0.07607746,  0.01904409, -0.01431172, -0.09352245]), array([ 0.08919651,  0.00143299, -0.00323674,  0.00053424]), array([ 0.04339477, -0.01775176, -0.05405011, -0.00149741]), array([ 0.01255153,  0.00455981,  0.06207158, -0.02146316]), array([ 0.06186591,  0.01236451, -0.00511836, -0.02652573]), array([ 0.04174778,  0.08261036,  0.02979467, -0.08042502]), array([0.02760374, 0.03925989, 0.02792018, 0.0771117 ]), array([ 0.07079828,  0.00373864,  0.07107855, -0.04515807]), array([ 0.11907171,  0.01908264, -0.02002778,  0.07962767]), array([ 0.05157697, -0.05996549,  0.03456327, -0.01056481]), array([-0.0111439 , -0.03760766,  0.09992161,  0.02794483]), array([-0.045409  ,  0.03948467,  0.06396543, -0.01784885]), array([-0.07370961,  0.01999606, -0.00692286, -0.02810077]), array([-0.06621893,  0.02126514,  0.00379437,  0.01589972]), array([0.0357354 , 0.03256939, 0.04908545, 0.01590173]), array([-0.03626224,  0.00242373, -0.08777937, -0.00725822]), array([-0.01779464,  0.03871269, -0.0003828 ,  0.05951921]), array([-0.04659847,  0.08127914, -0.01908694,  0.0128176 ]), array([0.08126569, 0.00598893, 0.00349183, 0.04181472]), array([ 0.07019196, -0.00477463,  0.01189288,  0.09600255]), array([-0.05225213, -0.01665399,  0.06047359,  0.02367087]), array([-0.09581989, -0.00549381,  0.05093493, -0.06828268]), array([-0.05073255, -0.03427428,  0.02096676, -0.10252637]), array([-0.02619585, -0.11172405,  0.10436842, -0.02044235]), array([ 0.00939168, -0.00909217,  0.03769028, -0.05197028]), array([-0.01235401,  0.03150654, -0.00914056,  0.00143681]), array([-0.02778367,  0.04425707,  0.00514216,  0.07182622]), array([ 0.0021858 , -0.04276318, -0.03240407, -0.03969842]), array([-0.02290678, -0.01753943,  0.00053164, -0.06214103]), array([ 0.01671264, -0.02989196,  0.0493962 ,  0.0685513 ]), array([ 0.06475762,  0.06436532, -0.01318933,  0.00381916])]

Actions: [array([1.        , 0.76726517]), array([1.        , 0.77391253]), array([1.        , 0.77766392]), array([1.        , 0.78112474]), array([1.        , 0.78438619]), array([1.        , 0.78762658]), array([1.        , 0.78963526]), array([1.        , 0.79099748]), array([1.        , 0.79256673]), array([1.        , 0.79404435]), array([1.        , 0.79478251]), array([1.        , 0.79497944]), array([1.        , 0.79410714]), array([1.        , 0.79389216]), array([1.        , 0.79483803]), array([1.        , 0.79482785]), array([1.        , 0.79429735]), array([1.        , 0.79433884]), array([1.        , 0.79547874]), array([1.        , 0.79649918]), array([1.        , 0.79726288]), array([1.        , 0.79714226]), array([1.        , 0.79655711]), array([1.        , 0.79597616]), array([1.        , 0.79521253]), array([1.        , 0.79421724]), array([1.        , 0.79316404]), array([1.        , 0.79513439]), array([1.        , 0.79784431]), array([1.        , 0.79875895]), array([1.        , 0.79954628]), array([1.        , 0.80310391]), array([1.        , 0.80093654]), array([1.        , 0.80212265]), array([1.        , 0.79924192]), array([1.        , 0.79611186]), array([1.       , 0.7916704]), array([1.        , 0.78404418])]