
Good
Feature: [37, 23, 7232.2090876104485]

States: [array([-170.27028325,   -0.37146926, -130.79706195,   -1.20166799]), array([-170.71617292,    0.73070314, -131.91747076,   -0.82840515]), array([-1.70016350e+02,  1.56902325e+00, -1.32789333e+02,  6.83838074e-02]), array([-168.44240384,    2.22874227, -132.64486034,    0.29224111]), array([-166.16772363,    2.76919055, -132.45405355,    0.35098899]), array([-163.39482052,    3.22248603, -132.08699357,    0.52723576]), array([-160.20544988,    3.566816  , -131.5558941 ,    0.7068107 ]), array([-156.60773497,    3.89902968, -130.89259147,    0.83551575]), array([-152.72115749,    4.23024969, -130.00014302,    1.04993893]), array([-148.41143834,    4.36919409, -128.9780339 ,    1.29856888]), array([-144.01567726,    4.46964879, -127.5989497 ,    1.4772736 ]), array([-139.53888295,    4.08606404, -126.14603382,    2.22051879]), array([-135.41573513,    3.78287714, -123.95628479,    2.76897256]), array([-131.62956181,    3.41347117, -121.11555513,    3.22587643]), array([-128.20737214,    3.02337603, -117.94895184,    3.62203318]), array([-125.22781884,    3.44965537, -114.42661042,    3.02765692]), array([-121.69699248,    3.74176122, -111.43555416,    2.50130082]), array([-118.06197722,    3.94548869, -108.95110169,    2.02897613]), array([-114.08981617,    4.17077975, -106.91069546,    1.61979534]), array([-109.87642629,    4.3509661 , -105.39067291,    1.22007298]), array([-105.50641829,    4.46691428, -104.0690923 ,    0.88121962]), array([-101.04414511,    4.52256885, -103.20040537,    0.65936558]), array([ -96.53579646,    4.68063726, -102.5230981 ,    0.50902901]), array([ -91.86865379,    4.67926225, -102.03972868,    0.35847181]), array([-8.72182643e+01,  4.71611551e+00, -1.01693146e+02,  9.91729681e-02]), array([ -82.48118969,    4.77461306, -101.58420401,   -0.10812688]), array([ -77.64868842,    4.7577271 , -101.70716079,   -0.31065553]), array([ -72.91921282,    4.81965595, -102.01748424,   -0.43608717]), array([ -68.10625524,    4.82278043, -102.40557743,   -0.59503687]), array([ -63.27605823,    3.9114552 , -102.87142711,    0.52191108]), array([ -59.3176391 ,    3.10902355, -102.26646652,    1.44489446]), array([ -56.24762418,    2.46416908, -100.76631732,    2.14345688]), array([-53.87607774,   2.01544404, -98.60143391,   2.69530574]), array([-51.8074069 ,   1.56360767, -95.90958575,   3.17433037]), array([-50.192892  ,   1.10073253, -92.63179774,   3.52089034]), array([-49.09937425,   0.75691973, -89.06959367,   3.79130562]), array([-48.32691034,   0.51036842, -85.32242317,   4.03625991]), array([-47.79346514,   0.29105757, -81.29332449,   4.21200113]), array([-47.51595646,   0.64539217, -77.01331927,   4.45362797]), array([-46.80720638,   0.79878026, -72.54051526,   4.55819857]), array([-46.07696481,   1.00054153, -67.97853701,   4.68041361]), array([-45.08624536,   1.17585825, -63.35463864,   4.68998858]), array([-43.99742938,   1.43147947, -58.65461243,   4.85553311]), array([-42.49595431,   1.68725853, -53.80269777,   4.90134593]), array([-40.76825366,   1.47679666, -48.91418614,   4.92302392]), array([-39.33299065,   1.21288356, -43.97192859,   4.87715575]), array([-38.14516236,   0.96353401, -39.10627833,   4.89621189]), array([-37.14261968,   0.82058057, -34.22275124,   5.01720157]), array([-36.32455401,   0.80456461, -29.19605779,   5.15301362]), array([-35.49622932,   0.88886146, -24.11778796,   5.0853258 ]), array([-34.5712754 ,   1.72031029, -19.03525995,   4.72296996]), array([-32.83828048,   2.39793631, -14.37641738,   4.35904617]), array([-30.45469948,   2.89920462, -10.07866077,   3.93521631]), array([-27.59460228,   3.32000681,  -6.15517959,   3.44227036]), array([-24.27204617,   3.64999774,  -2.73515328,   2.95776072]), array([-20.7046393 ,   3.87980064,   0.22356007,   2.47756082]), array([-16.77037471,   4.09888776,   2.72655354,   1.99271012]), array([-12.73422833,   4.28498178,   4.63853463,   1.34007512]), array([-8.42007219,  4.40458722,  5.90370797,  0.62355752]), array([-4.00842967,  4.50141408,  6.55901223, -0.29764598]), array([ 0.04260613, -0.00718863, -0.04042403, -0.06226124]), array([-0.0340759 ,  0.02247419,  0.10091015, -0.00299675]), array([-0.04688944, -0.04028651,  0.06659179, -0.0094248 ]), array([-0.04298874, -0.07537389, -0.02972875, -0.00364094]), array([-0.05695256,  0.01350838, -0.10795681, -0.0208406 ]), array([ 0.07270995, -0.07416663, -0.00280264,  0.03910394]), array([-0.00174176,  0.01994571,  0.12732861,  0.04363461]), array([ 0.03138202, -0.11176677,  0.04040034,  0.09410678]), array([ 0.01626621, -0.05400277,  0.00958165, -0.03283985]), array([ 0.0296886 ,  0.02707476, -0.0913616 , -0.08900761]), array([ 0.05570991, -0.00852115,  0.08861106, -0.003732  ]), array([ 0.07919389, -0.06057324, -0.02235062, -0.04287593]), array([ 0.03422235,  0.05190361, -0.00913465,  0.05187547]), array([-0.02773779, -0.08397292, -0.01059391,  0.11224888]), array([-0.02804898, -0.07487703,  0.01705581, -0.01014416]), array([ 0.06856874,  0.06006699,  0.00175877, -0.10026615]), array([0.08720412, 0.01432161, 0.03317681, 0.02839855]), array([-0.05064949,  0.00515102, -0.05836108, -0.06075856]), array([ 0.01053681, -0.05509505,  0.02757033,  0.00782468]), array([-0.02259063,  0.04851529, -0.03786327,  0.0234141 ]), array([ 0.00384884, -0.07279779,  0.05327467, -0.0048926 ]), array([-0.06856569, -0.02503772, -0.02157482, -0.01585232]), array([ 0.00971824,  0.03216579, -0.03713345, -0.01766   ]), array([-0.01249601, -0.00590251,  0.05985604, -0.0155161 ]), array([ 0.04376416,  0.00042572,  0.00119002, -0.01716602]), array([ 0.06972971,  0.04489259,  0.00798324, -0.10544175]), array([ 0.02699804, -0.03201198, -0.05534218, -0.00382607]), array([ 0.01294161,  0.08560088, -0.04068283, -0.08084528]), array([ 0.0811879 , -0.01014507,  0.01600019, -0.07606275]), array([-0.0403288 , -0.02638506,  0.02993424, -0.0792165 ]), array([ 0.08116108,  0.00985509, -0.0590392 , -0.05573389]), array([ 0.02909571, -0.04759643, -0.1081399 , -0.04289522]), array([ 0.01081465, -0.05112921,  0.00510638, -0.0188844 ]), array([-3.00995741e-03, -8.25064050e-05, -2.50533768e-02,  2.39081629e-02]), array([0.07808531, 0.02151761, 0.05782201, 0.03106373]), array([-0.03969219,  0.02175332, -0.03142392,  0.00530932]), array([ 0.07937462, -0.02683473, -0.04773775, -0.03974343]), array([ 0.04415394, -0.07899624,  0.05956643,  0.00291737]), array([ 0.0518584 , -0.04915221,  0.04560233, -0.02509753]), array([-0.01960406, -0.06511759, -0.07887789,  0.02395657])]

Actions: [array([1.        , 0.06671409]), array([1.        , 0.75654438]), array([1.        , 0.24305999]), array([1.        , 0.24911994]), array([1.        , 0.25927437]), array([1.        , 0.26955084]), array([1.        , 0.28013295]), array([1.        , 0.42102691]), array([1.        , 0.44766844]), array([1.        , 0.48608855]), array([0.56180899, 1.        ]), array([0.45004782, 1.        ]), array([0.34738735, 1.        ]), array([0.24641089, 1.        ]), array([1.        , 0.11619166]), array([1.       , 0.0753293]), array([1.        , 0.03860164]), array([1.       , 0.0053807]), array([ 1.        , -0.02493975]), array([ 1.        , -0.05099291]), array([ 1.       , -0.0776179]), array([ 1.        , -0.10031019]), array([ 1.        , -0.12334521]), array([ 1.        , -0.14721429]), array([ 1.        , -0.17317681]), array([ 1.        , -0.19974234]), array([ 1.        , -0.22768048]), array([ 1.        , -0.25783428]), array([0.07317919, 1.        ]), array([0.02255473, 1.        ]), array([-0.01876014,  1.        ]), array([-0.02234055,  1.        ]), array([-0.04819391,  1.        ]), array([-0.07237619,  1.        ]), array([-0.09350721,  1.        ]), array([-0.1104766,  1.       ]), array([-0.12524755,  1.        ]), array([0.37027322, 1.        ]), array([0.38716936, 1.        ]), array([0.4012025, 1.       ]), array([0.41730003, 1.        ]), array([0.43203566, 1.        ]), array([0.40207083, 1.        ]), array([0.11675006, 1.        ]), array([0.09368647, 1.        ]), array([0.07218715, 1.        ]), array([0.05145702, 1.        ]), array([0.1948134, 1.       ]), array([0.19955218, 1.        ]), array([1.        , 0.66700627]), array([1.        , 0.53730662]), array([1.        , 0.42329997]), array([1.        , 0.31480774]), array([1.        , 0.20469051]), array([1.       , 0.0911461]), array([ 1.        , -0.03692338]), array([ 1.        , -0.19617654]), array([ 1.       , -0.4108797]), array([ 1.        , -0.77780728])]
Bad
Feature: [19, 21, 5211.184690367043]

States: [array([-170.15108121,   -0.87116171, -130.34217795,   -0.5443314 ]), array([-170.97469129,    0.17873306, -130.83223708,    0.29048905]), array([-170.78579608,    1.15708197, -130.56217038,    0.95154051]), array([-169.60063721,    1.85521733, -129.7377519 ,    1.52477915]), array([-167.7036887 ,    2.44081002, -128.19078441,    2.02144273]), array([-165.27543136,    2.92503044, -126.13296741,    2.40606325]), array([-162.36471959,    3.33880403, -123.77250762,    2.78278276]), array([-158.98689692,    3.7010768 , -120.99752502,    3.05125297]), array([-155.32930118,    3.8926688 , -117.90810132,    3.20151903]), array([-151.34429604,    4.0422329 , -114.67434602,    3.45727974]), array([-147.34627597,    4.20320822, -111.21339672,    3.51743657]), array([-143.18623243,    4.39062749, -107.62584181,    3.53398726]), array([-138.75395232,    4.44541211, -103.99424351,    3.57226523]), array([-134.33486666,    4.59132259, -100.49485291,    3.66251917]), array([-129.76089271,    4.6842045 ,  -96.84139132,    3.51423523]), array([-125.1509068 ,    4.69829576,  -93.38107176,    3.53890886]), array([-120.51034965,    4.668211  ,  -89.71801473,    3.62034127]), array([-115.68520587,    4.67119765,  -86.08728134,    3.74120589]), array([-111.06173551,    4.71626516,  -82.32186199,    3.77040424]), array([-106.36386631,    4.74765061,  -78.50781906,    3.7930571 ]), array([-101.58467401,    4.85145082,  -74.76993776,    3.64680972]), array([-96.6483802 ,   4.89833882, -71.10128226,   3.59480918]), array([-91.58500908,   4.86608921, -67.48224258,   3.61275858]), array([-86.81466171,   4.93151398, -63.98784467,   3.64244567]), array([-81.89270778,   4.90952576, -60.39505215,   3.62002006]), array([-76.96084191,   4.99345374, -56.75118045,   3.68765362]), array([-72.06459629,   5.01702953, -52.97386643,   3.68201481]), array([-67.1223671 ,   4.98546036, -49.24438962,   3.61907529]), array([-62.1081382 ,   5.02960255, -45.70490237,   3.647257  ]), array([-57.08996757,   5.00891007, -42.04738555,   3.61479039]), array([-52.0864983 ,   5.06720407, -38.44859324,   3.60891241]), array([-46.98868734,   5.07579917, -34.76972835,   3.65377896]), array([-41.8703058 ,   5.06909088, -31.08607903,   3.69630513]), array([-36.8398364 ,   5.04399821, -27.3365449 ,   3.74231169]), array([-31.88601895,   5.0299566 , -23.7092277 ,   3.7449054 ]), array([-26.79329382,   5.03104809, -20.03960842,   3.72992802]), array([-21.82495199,   5.12479181, -16.32278447,   3.67494503]), array([-16.63797397,   5.06036529, -12.69921895,   3.73599731]), array([-11.56148527,   5.09754552,  -8.94926852,   3.73840942]), array([-6.43648816,  5.02018147, -5.21324926,  3.79477759]), array([ 0.04450333, -0.00560303,  0.00808304, -0.08496742]), array([ 0.01781452, -0.00026622,  0.02020557,  0.04480562]), array([-0.04039887, -0.0144584 ,  0.010953  ,  0.03044665]), array([-0.00625889, -0.03962839, -0.00383731, -0.11754399]), array([ 0.01593347, -0.0494231 , -0.01304098,  0.06115681]), array([ 0.09883494, -0.05417955,  0.04057104,  0.02592059]), array([ 0.02637653, -0.04045476, -0.04969974, -0.00133233]), array([-0.06004652, -0.02193741, -0.00442671, -0.01796788]), array([ 0.0015791 , -0.01050443,  0.00867813, -0.00014608]), array([-7.74257927e-05, -5.54489457e-02, -1.00697961e-01, -1.39463723e-02]), array([-0.01647089,  0.00225044,  0.02070027,  0.05175135]), array([ 0.01633315, -0.06708744,  0.05797922, -0.00156014]), array([-0.07121988, -0.00950315, -0.06409426, -0.02474169]), array([ 0.02834346, -0.01995597,  0.04204947,  0.01262571]), array([ 0.00843307, -0.03005264,  0.02688363, -0.02384121]), array([ 0.00387543,  0.05400159,  0.04180056, -0.05208224]), array([ 0.08007188, -0.01925953, -0.08158124,  0.0038269 ]), array([ 0.05545676,  0.02499689, -0.01330404,  0.0560182 ]), array([-0.03836005, -0.02155868,  0.01788772,  0.02469171]), array([-0.11090858, -0.03064128, -0.00373575, -0.06161266]), array([ 0.0056229 , -0.11055959, -0.06351983,  0.00634696]), array([0.03585115, 0.07665637, 0.03019752, 0.01413414]), array([ 0.03398832,  0.05412772,  0.07917429, -0.03452265]), array([ 0.01736674, -0.00444434, -0.00225598, -0.02534088]), array([0.09375288, 0.07621959, 0.04602111, 0.00188201]), array([ 0.03175479, -0.00853612, -0.04154458, -0.01450329]), array([0.02290782, 0.01527554, 0.06298656, 0.03154596]), array([-0.08273119,  0.0582165 , -0.06421416, -0.05602634]), array([-0.00594379, -0.02474119,  0.01578531,  0.07866146]), array([ 0.12843198,  0.04549712, -0.07629142,  0.02336385]), array([-0.00926369,  0.03706147,  0.05713283, -0.02251554]), array([ 0.07766302, -0.07690125, -0.02951989, -0.02824556]), array([ 0.01045382, -0.00372714, -0.10067474,  0.02656896]), array([-0.03337505,  0.01346442, -0.03018701, -0.03201404]), array([ 0.06134121,  0.03016973, -0.10380546, -0.05012565]), array([-0.0343021 , -0.09317505, -0.02802221, -0.04450894]), array([-0.08251222, -0.03559123,  0.01236899,  0.09853029]), array([-0.01289346,  0.06918344,  0.04195094,  0.01745893]), array([ 0.03490241,  0.04771592,  0.01181897, -0.02597139]), array([-0.05097587,  0.13893839,  0.04529809,  0.05007845]), array([-0.0035707 ,  0.05347731, -0.06991062,  0.05883264]), array([ 0.02073068,  0.01708535, -0.05124459,  0.00082531]), array([-0.08731045,  0.07772263,  0.10344347, -0.03851836]), array([-0.01544722,  0.01884348, -0.01691664,  0.04481368]), array([-0.01981008,  0.04354862,  0.0085558 ,  0.02999334]), array([ 0.0158751 , -0.14838897, -0.00036156, -0.00982988]), array([-0.04610721, -0.02887945,  0.04543351,  0.04554827]), array([ 0.01577362, -0.01950259, -0.00773343,  0.12716938]), array([ 0.04479975,  0.06923759,  0.05822286, -0.00313285]), array([ 0.04266958,  0.00245159,  0.0300575 , -0.00558679]), array([ 0.12472166, -0.05020178, -0.02562914,  0.0395735 ]), array([ 0.03778926, -0.02970879, -0.03395508,  0.0478773 ]), array([-0.04756154,  0.07155601, -0.02165819,  0.01135136]), array([-0.0609974 ,  0.04298256,  0.02774486, -0.06720944]), array([-0.07445941, -0.01437189,  0.05787028,  0.10314116]), array([ 0.03699911, -0.07503482, -0.03236093,  0.03423757]), array([ 0.07119911,  0.06398481,  0.01897066, -0.0298529 ]), array([ 0.06345789, -0.02943235, -0.06910709, -0.02113055]), array([ 0.00065671, -0.01380289, -0.10472592,  0.05639929]), array([ 0.03727161,  0.01216516,  0.06653196, -0.00299872])]

Actions: [array([1.        , 0.76844369]), array([1.       , 0.7676022]), array([1.        , 0.76686457]), array([1.        , 0.76736607]), array([1.        , 0.76681755]), array([1.        , 0.76562406]), array([1.        , 0.76480519]), array([1.        , 0.76359063]), array([1.        , 0.76166643]), array([1.        , 0.76034403]), array([1.        , 0.75746223]), array([1.        , 0.75438749]), array([1.        , 0.75229374]), array([1.        , 0.75097943]), array([1.        , 0.74927945]), array([1.       , 0.7492298]), array([1.        , 0.74766867]), array([1.        , 0.74746663]), array([1.        , 0.74464841]), array([1.       , 0.7416448]), array([1.        , 0.73971746]), array([1.        , 0.73953727]), array([1.        , 0.74092637]), array([1.        , 0.74139466]), array([1.        , 0.74209284]), array([1.        , 0.74230452]), array([1.        , 0.74028844]), array([1.        , 0.73921394]), array([1.        , 0.74195877]), array([1.        , 0.74313597]), array([1.        , 0.74548504]), array([1.        , 0.74813976]), array([1.        , 0.75172278]), array([1.        , 0.75262096]), array([1.        , 0.75591653]), array([1.        , 0.76296002]), array([1.        , 0.76654447]), array([1.        , 0.78942094]), array([1.        , 0.81434786])]